0 0.63494375 0.8898357821953328 0.28639375000000006 0.06420051858254112
0 0.34616875 0.8898357821953328 0.285775 0.06420051858254112
0 0.10016874999999999 0.8902679343128781 0.19984375 0.06334485738980118
0 0.8901 0.8911235955056179 0.21979375000000004 0.06334485738980118
0 0.6347625 0.10070872947277441 0.2873125 0.0986084701815039
0 0.34669375 0.10137424373379429 0.28331874999999995 0.10334485738980119
0 0.8903125 0.10155574762316336 0.219375 0.09766637856525497
0 0.10189999999999999 0.10452895419187554 0.20379999999999998 0.0970354364736387
0 0.4883875 0.19984442523768367 0.2858562500000001 0.09965427830596371
0 0.20096250000000002 0.20117545375972343 0.28166874999999997 0.10098530682800348
0 0.77848125 0.20193604148660327 0.28497500000000003 0.09965427830596368
0 0.4828125 0.024632670700086432 0.285625 0.049265341400172864
0 0.7709375 0.02592912705272256 0.286875 0.05185825410544512
0 0.1984375 0.02895419187554019 0.281875 0.05790838375108038
0 0.34726250000000003 0.2997839239412273 0.2844625 0.09940363007778737
0 0.10133125 0.3013656006914434 0.2026625 0.10098530682800348
0 0.63893125 0.3015989628349179 0.28655 0.10175453759723424
0 0.8923375 0.30317199654278304 0.215325 0.09860847018150391
0 0.4883875 0.40178046672428697 0.2888875 0.1007087294727744
0 0.20181875000000002 0.4027398444252377 0.28338125 0.10019014693171997
0 0.7788625 0.4028262748487468 0.2857375 0.10070872947277446
0 0.63618125 0.5033448573898012 0.28639375000000006 0.10101123595505629
0 0.3471 0.5033448573898012 0.28515625 0.10101123595505629
0 0.891875 0.503457216940363 0.21625 0.10112359550561797
0 0.1009375 0.5047536732929991 0.201875 0.10198789974070872
0 0.77733125 0.6052117545375972 0.28643124999999997 0.09758859118409688
0 0.48765000000000003 0.6056352636127917 0.28769374999999997 0.09844425237683672
0 0.19949375 0.6060674157303371 0.28335625 0.10101123595505608
0 0.6364875 0.705790838375108 0.28825 0.10015557476231624
0 0.34648125 0.7066464995678479 0.28639375 0.10357821953327565
0 0.891875 0.7070008643042351 0.21625 0.10025929127052723
0 0.1011 0.7079343128781331 0.20170000000000002 0.09929991356957658
0 0.48455624999999997 0.8063785652549698 0.29016875 0.09929991356957658
0 0.772075 0.8068020743301643 0.2833375 0.09844425237683672
0 0.19578125 0.8093777009507347 0.28211875 0.10015557476231643