0 0.635 0.8898012100259292 0.28625 0.06395851339671564
0 0.34625 0.8898012100259292 0.285625 0.06395851339671564
0 0.1003125 0.8902333621434745 0.2 0.06309420916162489
0 0.89 0.8910976663785652 0.22 0.06309420916162489
0 0.6346875 0.10069144338807261 0.2875 0.09853068280034573
0 0.3465625 0.10155574762316336 0.283125 0.10371650821089023
0 0.8903125 0.10155574762316336 0.219375 0.09766637856525497
0 0.101875 0.10458081244598098 0.20375 0.09680207433016422
0 0.4884375 0.1996542783059637 0.285625 0.09939498703543648
0 0.2009375 0.20138288677614521 0.281875 0.10112359550561797
0 0.7784375 0.20181503889369057 0.285 0.09939498703543648
0 0.4828125 0.024632670700086432 0.285625 0.049265341400172864
0 0.7709375 0.02592912705272256 0.286875 0.05185825410544512
0 0.1984375 0.02895419187554019 0.281875 0.05790838375108038
0 0.3471875 0.2999135695764909 0.284375 0.09939498703543648
0 0.10125 0.30121002592912705 0.2025 0.10112359550561797
0 0.6390625 0.3016421780466724 0.28625 0.10198789974070872
0 0.8921875 0.30337078651685395 0.215625 0.09853068280034573
0 0.4884375 0.40190146931719967 0.28875 0.10112359550561797
0 0.201875 0.40276577355229043 0.283125 0.10025929127052723
0 0.77875 0.40276577355229043 0.285625 0.10112359550561797
0 0.63625 0.503457216940363 0.28625 0.10112359550561797
0 0.3471875 0.503457216940363 0.285 0.10112359550561797
0 0.891875 0.503457216940363 0.21625 0.10112359550561797
0 0.1009375 0.5047536732929991 0.201875 0.10198789974070872
0 0.7771875 0.6050129645635264 0.28625 0.09766637856525497
0 0.4875 0.6054451166810717 0.2875 0.09853068280034573
0 0.199375 0.6058772687986171 0.283125 0.10112359550561797
0 0.6365625 0.7057044079515989 0.288125 0.10025929127052723
0 0.3465625 0.7065687121866897 0.28625 0.10371650821089023
0 0.891875 0.7070008643042351 0.21625 0.10025929127052723
0 0.10125 0.7078651685393258 0.201875 0.09939498703543648
0 0.4846875 0.8063958513396715 0.29 0.09939498703543648
0 0.7721875 0.806828003457217 0.283125 0.09853068280034573
0 0.195625 0.8094209161624892 0.281875 0.10025929127052723