0 0.62 0.898876404494382 0.288125 0.0847018150388937
0 0.3315625 0.878133102852204 0.288125 0.0847018150388937
0 0.0934375 0.8608470181503889 0.186875 0.07778738115816768
0 0.8746875 0.9187554019014693 0.221875 0.07951598962834917
0 0.6496875 0.11106309420916162 0.290625 0.11927398444252377
0 0.361875 0.09075194468452895 0.286875 0.12359550561797752
0 0.896875 0.13007778738115816 0.20625 0.1132238547968885
0 0.1175 0.07605877268798616 0.2075 0.111495246326707
0 0.4996875 0.19922212618841834 0.289375 0.12013828867761452
0 0.2128125 0.1797752808988764 0.285 0.12100259291270528
0 0.789375 0.22255834053586862 0.288125 0.12013828867761452
0 0.5009375 0.029386343993085567 0.286875 0.058772687986171135
0 0.7884375 0.04624027657735523 0.28875 0.07260155574762317
0 0.21625 0.023336214347450302 0.28375 0.046672428694900604
0 0.355 0.28910976663785654 0.288125 0.12013828867761452
0 0.109375 0.2726879861711322 0.20625 0.11581676750216076
0 0.64625 0.31201382886776147 0.29 0.12273120138288678
0 0.895 0.33189282627484873 0.21 0.11408815903197926
0 0.4921875 0.4010371650821089 0.2925 0.12186689714779603
0 0.2059375 0.3811581676750216 0.286875 0.12013828867761452
0 0.7821875 0.4230769230769231 0.289375 0.12100259291270528
0 0.6359375 0.5133967156439067 0.29 0.12186689714779603
0 0.3471875 0.49222126188418325 0.28875 0.12186689714779603
0 0.890625 0.5319792566983578 0.21875 0.11668107173725151
0 0.101875 0.4757994814174589 0.20375 0.11668107173725151
0 0.773125 0.625324114088159 0.29 0.11840968020743302
0 0.48375 0.6045808124459809 0.29125 0.11927398444252377
0 0.1959375 0.5842696629213483 0.286875 0.12100259291270528
0 0.6284375 0.7152117545375972 0.291875 0.12100259291270528
0 0.33875 0.6953327571305099 0.29 0.12445980985306827
0 0.8834375 0.7350907519446845 0.22 0.11581676750216076
0 0.098125 0.6784788245462403 0.19625 0.11408815903197926
0 0.473125 0.8046672428694901 0.29375 0.12013828867761452
0 0.76 0.8262748487467588 0.286875 0.11840968020743302
0 0.184375 0.7869490060501296 0.285625 0.12013828867761452