0 0.3864153846153846 0.19944791666666667 0.042253846153846114 0.1186875
0 0.027876923076923077 0.20123958333333333 0.04481538461538462 0.1338229166666667
0 0.9839153846153845 0.20458333333333334 0.032169230769230894 0.12094791666666668
0 0.0731 0.20510416666666664 0.04251538461538462 0.1322708333333333
0 0.1625923076923077 0.20716666666666667 0.04210000000000001 0.11992708333333332
0 0.20704615384615385 0.20741666666666667 0.04132307692307694 0.12250000000000003
0 0.7361384615384615 0.20767708333333335 0.039076923076923044 0.1219791666666667
0 0.9510692307692309 0.2079375 0.029576923076922938 0.11837499999999998
0 0.1187 0.2079375 0.04325384615384616 0.12764583333333332
0 0.29985384615384614 0.20842708333333332 0.04528461538461539 0.13084374999999998
0 0.2539769230769231 0.20844791666666668 0.04623846153846155 0.1286770833333333
0 0.6924384615384616 0.20844791666666668 0.039853846153846115 0.11632291666666668
0 0.8197384615384616 0.20947916666666663 0.037523076923077076 0.12146874999999999
0 0.43065384615384616 0.20987499999999998 0.043523076923076866 0.12679166666666664
0 0.5206307692307692 0.21073958333333334 0.04305384615384617 0.12273958333333335
0 0.6110384615384615 0.21073958333333334 0.043446153846153863 0.1250520833333333
0 0.9160615384615386 0.21102083333333335 0.040900000000000054 0.12249999999999997
0 0.651776923076923 0.21102083333333332 0.037592307692307605 0.11940624999999996
0 0.5674384615384616 0.21132291666666667 0.04688461538461542 0.1296875
0 0.7786923076923077 0.21205208333333334 0.0398153846153847 0.12352083333333334
0 0.34345384615384617 0.2121875 0.04184615384615383 0.12447916666666667
0 0.47425384615384614 0.21247916666666666 0.041792307692307636 0.12273958333333332
0 0.8653384615384616 0.21565625000000002 0.03826153846153829 0.12043750000000003
0 0.8079692307692307 0.3309479166666666 0.04363076923076917 0.11632291666666662
0 0.9713692307692308 0.33196875 0.04508461538461548 0.1204375
0 0.9288076923076923 0.33248958333333334 0.04206153846153834 0.11940624999999999
0 0.7196230769230769 0.3335208333333333 0.03873076923076916 0.11837499999999998
0 0.889476923076923 0.33403125 0.04017692307692309 0.11940624999999999
0 0.03377692307692307 0.33506250000000004 0.04596153846153846 0.1286770833333333
0 0.1717153846153846 0.3358333333333333 0.04362307692307691 0.1250729166666666
0 0.21579230769230767 0.33634375 0.04284615384615386 0.12712499999999996
0 0.3900615384615385 0.33637500000000004 0.04100000000000001 0.1262083333333333
0 0.43451538461538464 0.33666666666666667 0.04354615384615377 0.1256354166666667
0 0.48901538461538463 0.3372395833333333 0.04395384615384623 0.12215624999999998
0 0.7669307692307692 0.337375 0.038330769230769175 0.12094791666666668
0 0.07994615384615385 0.3376354166666667 0.04403846153846154 0.1276458333333333
0 0.12535384615384615 0.33866666666666667 0.04668461538461538 0.1286770833333333
0 0.6243000000000001 0.3386875 0.04346923076923076 0.12389583333333339
0 0.3049 0.3389270833333333 0.04394615384615384 0.1230104166666667
0 0.8537615384615386 0.33917708333333335 0.04551538461538467 0.12146875000000001
0 0.2612 0.33969791666666665 0.04320769230769227 0.1204375
0 0.5368923076923077 0.33984375 0.04478461538461541 0.12389583333333339
0 0.3471 0.34013541666666663 0.03802307692307688 0.1256354166666667
0 0.6793384615384616 0.34046875000000004 0.040269230769230696 0.1240416666666667
0 0.5798461538461538 0.34129166666666666 0.04604615384615377 0.12331249999999999
0 0.9314846153846155 0.45601041666666664 0.03981538461538478 0.11632291666666662
0 0.8085307692307692 0.4562708333333333 0.03639230769230765 0.11889583333333333
0 0.9723384615384615 0.45730208333333333 0.04170000000000003 0.1168333333333333
0 0.7296769230769231 0.45858333333333334 0.03908461538461534 0.11734374999999998
0 0.7686307692307692 0.46064583333333337 0.039453846153846124 0.11837499999999998
0 0.8949769230769231 0.46115625 0.039776923076923106 0.11940624999999999
0 0.8507076923076924 0.46321875 0.04093846153846138 0.11837499999999998
0 0.17551538461538463 0.46347916666666666 0.04742307692307693 0.12918749999999998
0 0.22149230769230768 0.46451041666666665 0.045884615384615364 0.12712499999999996
0 0.038523076923076924 0.4650208333333333 0.04557692307692308 0.12918749999999998
0 0.4400615384615385 0.4657916666666667 0.04516153846153849 0.12661458333333328
0 0.6907307692307693 0.4657916666666667 0.039484615384615326 0.11940624999999999
0 0.1299153846153846 0.4665625 0.04667692307692308 0.12712499999999996
0 0.5678769230769231 0.4669270833333333 0.040069230769230704 0.12447916666666667
0 0.08488461538461538 0.4670833333333333 0.04783846153846154 0.13021875
0 0.2682307692307692 0.4670833333333333 0.04586153846153847 0.12918749999999998
0 0.4847384615384615 0.46751041666666665 0.03967692307692302 0.1291041666666666
0 0.6495230769230769 0.46779166666666666 0.038330769230769175 0.12042708333333335
0 0.3971153846153846 0.4678541666666666 0.04366153846153845 0.1286770833333333
0 0.6086999999999999 0.4686666666666667 0.04219230769230762 0.1267916666666667
0 0.3130769230769231 0.46888541666666667 0.04356153846153846 0.13072916666666667
0 0.5285538461538462 0.4701145833333334 0.03923076923076923 0.12737500000000004
0 0.3530384615384615 0.4709375 0.0398769230769231 0.12352083333333337
0 0.9624538461538462 0.5839166666666666 0.041707692307692154 0.1147708333333334
0 0.8060615384615385 0.5844270833333333 0.041338461538461456 0.11992708333333339
0 0.8448230769230769 0.5849479166666666 0.037523076923077076 0.11992708333333339
0 0.9204384615384615 0.5849479166666666 0.04356923076923067 0.1147708333333334
0 0.7226461538461539 0.58571875 0.0425076923076923 0.12249999999999997
0 0.8837692307692309 0.5862291666666667 0.039399999999999845 0.11529166666666674
0 0.6793307692307692 0.5885416666666666 0.04176923076923073 0.12094791666666663
0 0.7652076923076923 0.5893125 0.04173076923076923 0.11837500000000005
0 0.6390538461538462 0.5916354166666667 0.0425461538461538 0.12197916666666662
0 0.47121538461538465 0.5934375000000001 0.042869230769230784 0.12249999999999997
0 0.42619230769230765 0.5939479166666667 0.040230769230769195 0.12352083333333332
0 0.597 0.5939479166666667 0.04433846153846162 0.12043749999999989
0 0.5563384615384616 0.5942083333333333 0.0397923076923077 0.12094791666666656
0 0.2558846153846154 0.5954895833333332 0.04093076923076926 0.12661458333333328
0 0.3406923076923077 0.5954895833333332 0.04178461538461542 0.1183750000000001
0 0.5154846153846154 0.5960104166666667 0.042469230769230794 0.12146874999999989
0 0.21275384615384615 0.5962708333333333 0.04284615384615386 0.12712499999999996
0 0.29844615384615386 0.5967812499999999 0.040153846153846186 0.12404166666666659
0 0.38381538461538467 0.5967812499999999 0.041384615384615395 0.12301041666666658
0 0.16563846153846154 0.5970416666666666 0.04514615384615384 0.12969791666666666
0 0.029023076923076922 0.5978125 0.04406923076923078 0.13227083333333337
0 0.07348461538461538 0.59884375 0.04404615384615384 0.13433333333333336
0 0.11946923076923077 0.5998645833333334 0.04783076923076924 0.13227083333333337
0 0.03643076923076923 0.06665625 0.042907692307692306 0.12712500000000002
0 0.35948461538461535 0.06918750000000001 0.0422692307692308 0.13373958333333333
0 0.4054384615384616 0.07005208333333333 0.04182307692307688 0.127375
0 0.9819230769230769 0.7119791666666667 0.036153846153846154 0.11354166666666667
0 0.9406153846153846 0.7125833333333333 0.037546153846153806 0.1158020833333334
0 0.6954692307692307 0.7174791666666667 0.04136153846153845 0.1173437500000001
0 0.8645692307692308 0.7179895833333333 0.04280769230769238 0.1173437500000001
0 0.8240999999999999 0.7185 0.043207692307692364 0.11117708333333336
0 0.7387846153846154 0.7187604166666667 0.04210000000000001 0.11683333333333341
0 0.9060307692307692 0.71928125 0.04212307692307709 0.11375000000000005
0 0.6479692307692307 0.71953125 0.04213846153846152 0.1173437500000001
0 0.7824846153846154 0.7210729166666667 0.04283846153846158 0.11426041666666673
0 0.6099692307692308 0.72159375 0.04063076923076918 0.1183750000000001
0 0.3425846153846154 0.7241666666666667 0.041007692307692266 0.12146874999999989
0 0.16335384615384616 0.7246770833333334 0.042869230769230784 0.12455208333333327
0 0.4316923076923077 0.7249375 0.04210769230769231 0.12301041666666658
0 0.3874230769230769 0.7262291666666666 0.041746153846153836 0.12352083333333326
0 0.47443846153846153 0.7264791666666667 0.042469230769230794 0.1250729166666666
0 0.3007230769230769 0.7267395833333333 0.044715384615384615 0.1276458333333333
0 0.11775384615384617 0.72803125 0.043646153846153855 0.12197916666666657
0 0.08449999999999999 0.07334375 0.0463076923076923 0.13021875
0 0.25569230769230766 0.7293125 0.0451153846153846 0.12969791666666666
0 0.20838461538461536 0.7298229166666667 0.04246923076923077 0.12661458333333328
0 0.5696307692307692 0.7308541666666667 0.043576923076923145 0.1224999999999999
0 0.027507692307692306 0.731375 0.047869230769230775 0.12969791666666666
0 0.07348461538461538 0.731375 0.04556923076923078 0.12661458333333328
0 0.5194692307692307 0.7321458333333334 0.042830769230769276 0.11786458333333343
0 0.22547692307692307 0.07642708333333334 0.042453846153846196 0.12712500000000002
0 0.2707 0.0766875 0.043192307692307676 0.12661458333333334
0 0.13047692307692307 0.07694791666666667 0.046292307692307695 0.12918749999999998
0 0.3158846153846154 0.07758333333333334 0.04485384615384611 0.127375
0 0.17893076923076925 0.07771875 0.0474153846153846 0.1296979166666667
0 0.44775384615384617 0.08076041666666667 0.04266153846153849 0.1256354166666667
0 0.5766307692307693 0.08076041666666667 0.04217692307692302 0.12679166666666666
0 0.9128384615384616 0.08080208333333333 0.03823846153846157 0.12250000000000001
0 0.986576923076923 0.0810625 0.026846153846153915 0.12094791666666668
0 0.6200461538461538 0.08157291666666668 0.04178461538461534 0.12507291666666667
0 0.5336692307692308 0.08163541666666667 0.04176923076923073 0.12853124999999999
0 0.4905 0.0825 0.04093076923076926 0.12679166666666666
0 0.9514461538461539 0.08312499999999999 0.04021538461538477 0.11889583333333335
0 0.9804923076923078 0.8319895833333334 0.03901538461538446 0.11168750000000002
0 0.7015538461538462 0.083375 0.03909230769230764 0.1225
0 0.6616538461538461 0.08389583333333332 0.04062307692307688 0.12558333333333332
0 0.9428923076923077 0.8368854166666666 0.03982307692307691 0.11117708333333336
0 0.822576923076923 0.8379166666666666 0.040923076923076784 0.1121979166666667
0 0.9031846153846155 0.83996875 0.0394615384615386 0.1121979166666667
0 0.8632384615384616 0.8407395833333333 0.04014615384615389 0.10860416666666665
0 0.6532923076923076 0.8433125 0.039853846153846115 0.11271875000000003
0 0.8292384615384615 0.08466666666666667 0.04131538461538464 0.12609375
0 0.7444923076923077 0.08492708333333333 0.03906923076923074 0.12352083333333332
0 0.6966076923076924 0.8461458333333333 0.040599999999999976 0.11632291666666675
0 0.4442307692307692 0.8464062499999999 0.041346153846153845 0.11992708333333345
0 0.7813461538461538 0.8466666666666666 0.04284615384615379 0.11426041666666673
0 0.7404999999999999 0.8466666666666666 0.04172307692307693 0.1173437500000001
0 0.5299230769230769 0.8469166666666667 0.04093076923076926 0.11786458333333343
0 0.3581615384615385 0.8471770833333333 0.04176153846153843 0.1183750000000001
0 0.6128153846153845 0.8471770833333333 0.0402538461538461 0.11632291666666675
0 0.40090769230769224 0.8474375 0.040599999999999976 0.1158020833333334
0 0.18862307692307692 0.8482083333333333 0.043230769230769225 0.11632291666666675
0 0.5722923076923077 0.8482083333333333 0.04205384615384621 0.11632291666666675
0 0.4873615384615385 0.8484583333333333 0.03943076923076922 0.11271875000000003
0 0.09856153846153846 0.84871875 0.04022307692307693 0.11426041666666673
0 0.31579230769230765 0.84871875 0.04140000000000004 0.11529166666666674
0 0.27373846153846154 0.8494895833333334 0.03939230769230772 0.11271875000000003
0 0.14283076923076923 0.8500104166666667 0.04438461538461538 0.11271875000000003
0 0.015530769230769232 0.8502604166666666 0.03076153846153846 0.11117708333333336
0 0.23136923076923074 0.8510416666666667 0.041307692307692344 0.11065625000000003
0 0.05562307692307693 0.8515520833333333 0.041761538461538454 0.10962500000000001
0 0.7861076923076924 0.08594791666666667 0.04095384615384608 0.1266145833333333
0 0.8712230769230769 0.08672916666666668 0.04243846153846159 0.12094791666666665