0 0.7561538461538462 0.0975991649269311 0.27153846153846156 0.10125260960334029
0 0.27576923076923077 0.12160751565762004 0.13384615384615384 0.10334029227557412
0 0.47884615384615387 0.11951983298538622 0.27153846153846156 0.10020876826722339
0 0.945 0.09916492693110647 0.09230769230769231 0.09290187891440502
0 0.15730769230769232 0.20041753653444677 0.12538461538461537 0.09290187891440502
0 0.04038461538461539 0.2092901878914405 0.08076923076923077 0.08455114822546973
0 0.5611538461538461 0.20511482254697286 0.14615384615384616 0.09394572025052192
0 0.8588461538461538 0.19154488517745302 0.1523076923076923 0.10751565762004175
0 0.7142307692307692 0.1988517745302714 0.14076923076923076 0.09707724425887265
0 0.35 0.22338204592901878 0.26153846153846155 0.10960334029227557
0 0.7 0.02139874739039666 0.12615384615384614 0.04279749478079332
0 0.8334615384615385 0.020876826722338204 0.13153846153846155 0.04175365344467641
0 0.11076923076923077 0.29436325678496866 0.22153846153846155 0.09603340292275574
0 0.5646153846153846 0.029749478079331943 0.12461538461538461 0.059498956158663886
0 0.29 0.3037578288100209 0.12076923076923077 0.08350730688935282
0 0.6523076923076923 0.28757828810020875 0.23615384615384616 0.09812108559498957
0 0.885 0.2839248434237996 0.22153846153846155 0.12004175365344467
0 0.2073076923076923 0.044363256784968684 0.2676923076923077 0.07411273486430063
0 0.4296153846153846 0.31315240083507306 0.13 0.09290187891440502
0 0.43 0.038100208768267224 0.13384615384615384 0.07620041753653445
0 0.05 0.3752609603340292 0.1 0.06784968684759916
0 0.23423076923076924 0.37839248434237993 0.2553846153846154 0.10438413361169102
0 0.4969230769230769 0.3825678496868476 0.25153846153846154 0.11064718162839249
0 0.7884615384615384 0.3742171189979123 0.28923076923076924 0.11169102296450939
0 0.1276923076923077 0.4525052192066806 0.2553846153846154 0.09916492693110647
0 0.6530769230769231 0.4535490605427975 0.26 0.09290187891440502
0 0.3869230769230769 0.4697286012526096 0.25769230769230766 0.10960334029227557
0 0.9157692307692308 0.453027139874739 0.16846153846153847 0.08350730688935282
0 0.054615384615384614 0.5365344467640919 0.10923076923076923 0.08872651356993737
0 0.17846153846153845 0.5339248434237995 0.12076923076923077 0.0709812108559499
0 0.5761538461538461 0.5386221294363257 0.13923076923076924 0.08663883089770355
0 0.30923076923076925 0.5516701461377871 0.12923076923076923 0.09394572025052192
0 0.7242307692307692 0.5328810020876826 0.14384615384615385 0.08455114822546973
0 0.8807692307692307 0.5271398747390397 0.12076923076923077 0.081419624217119
0 0.43961538461538463 0.5511482254697286 0.13384615384615384 0.08350730688935282
0 0.9715384615384616 0.5281837160751566 0.05692307692307692 0.08350730688935282
0 0.12384615384615384 0.6289144050104384 0.24076923076923076 0.10751565762004175
0 0.3903846153846154 0.6221294363256785 0.22 0.08768267223382047
0 0.6542307692307693 0.6184759916492694 0.27076923076923076 0.0918580375782881
0 0.9030769230769231 0.6096033402922756 0.19384615384615383 0.10020876826722339
0 0.05884615384615385 0.7061586638830898 0.11 0.08350730688935282
0 0.5776923076923077 0.69258872651357 0.10538461538461538 0.06993736951983298
0 0.18115384615384617 0.715553235908142 0.13384615384615384 0.08455114822546973
0 0.4519230769230769 0.7077244258872651 0.13076923076923078 0.09290187891440502
0 0.7153846153846154 0.6957202505219207 0.13 0.081419624217119
0 0.8526923076923076 0.691544885177453 0.13307692307692306 0.08559498956158663
0 0.3119230769230769 0.7186847599164927 0.12307692307692308 0.08872651356993737
0 0.13115384615384615 0.7922755741127349 0.25 0.11064718162839249
0 0.6553846153846153 0.7807933194154488 0.2723076923076923 0.09707724425887265
0 0.3861538461538462 0.7943632567849687 0.26461538461538464 0.10020876826722339
0 0.895 0.7766179540709812 0.21 0.1022964509394572
0 0.0673076923076923 0.8705636743215032 0.1176923076923077 0.06367432150313153
0 0.19346153846153846 0.8804801670146137 0.13307692307692306 0.08350730688935282
0 0.3242307692307692 0.877348643006263 0.12692307692307692 0.07828810020876827
0 0.7180769230769231 0.8585594989561587 0.1346153846153846 0.081419624217119
0 0.855 0.8522964509394572 0.13307692307692306 0.07515657620041753
0 0.583076923076923 0.8653444676409185 0.13 0.07933194154488518
0 0.45 0.872651356993737 0.12307692307692308 0.07620041753653445
0 0.10384615384615385 0.1127348643006263 0.2076923076923077 0.09812108559498957