0 0.5736875 0.8686753246753247 0.08329374999999999 0.08828571428571431
0 0.35983750000000003 0.8692294372294372 0.16863124999999995 0.0893939393939394
0 0.22875625 0.8695064935064934 0.08443125000000001 0.08439826839826842
0 0.04875 0.8692640692640693 0.0975 0.09004329004329005
0 0.14400000000000002 0.8700606060606061 0.08566875 0.08773160173160177
0 0.48968125 0.8703376623376623 0.08362499999999998 0.08716883116883113
0 0.70471875 0.8711688311688313 0.16899374999999991 0.08773160173160167
0 0.982675 0.08955844155844156 0.034650000000000035 0.09435497835497837
0 0.8704625 0.10494372294372295 0.17101875000000008 0.09993939393939395
0 0.7416125 0.11299567099567098 0.08727499999999992 0.09383549783549783
0 0.6544562500000001 0.11659740259740259 0.08610625 0.09772294372294373
0 0.56764375 0.1227099567099567 0.08483125000000001 0.09661471861471861
0 0.47968125 0.12464935064935065 0.08927499999999995 0.09494372294372296
0 0.39051875 0.12715151515151515 0.08811250000000001 0.09549783549783551
0 0.04703125 0.12881385281385282 0.084925 0.0855064935064935
0 0.1325875 0.13048484848484848 0.08528750000000002 0.09883116883116885
0 0.3055 0.1327012987012987 0.08802500000000002 0.09217316017316016
0 0.21994375000000002 0.13603463203463204 0.08685625000000002 0.09105627705627707
0 0.76385625 0.20294372294372298 0.08686250000000001 0.09383549783549786
0 0.6762937499999999 0.2098787878787879 0.08569375000000008 0.09772294372294375
0 0.8971125000000001 0.21015584415584415 0.17861874999999997 0.11715151515151516
0 0.5901375 0.21571428571428572 0.08493124999999992 0.09494372294372297
0 0.41715625 0.2196017316017316 0.08526875000000005 0.09716883116883118
0 0.5037125 0.22404329004329002 0.08683125000000004 0.09272727272727274
0 0.07488125 0.22459740259740263 0.0853125 0.09606060606060607
0 0.20170625 0.22931601731601733 0.17061875 0.09328138528138528
0 0.33240000000000003 0.22931601731601733 0.08570624999999996 0.09217316017316018
0 0.9325875 0.026536796536796536 0.0871875 0.05307359307359307
0 0.8436 0.03025974025974026 0.08602499999999992 0.06051948051948052
0 0.94280625 0.29844155844155845 0.09043749999999989 0.0960606060606061
0 0.7175437499999999 0.30593939393939396 0.17460624999999994 0.10993939393939396
0 0.8496312500000001 0.3134372294372294 0.09088124999999991 0.09272727272727274
0 0.543225 0.3150995670995671 0.17227500000000007 0.10050216450216454
0 0.36965625 0.3159307359307359 0.16984375 0.09549783549783546
0 0.23918125 0.3167619047619048 0.08764375 0.09161038961038956
0 0.75684375 0.03276190476190476 0.0864625000000001 0.06551515151515153
0 0.154225 0.3245367965367965 0.08447499999999998 0.09161038961038966
0 0.05524375 0.3275930735930736 0.11016875000000001 0.08439826839826842
0 0.66888125 0.03387012987012987 0.08610000000000007 0.06774025974025974
0 0.58306875 0.037757575757575754 0.08442499999999996 0.07551515151515151
0 0.40835 0.039142857142857146 0.08530000000000001 0.07828571428571429
0 0.49625 0.03939393939393939 0.085 0.07878787878787878
0 0.8955187499999999 0.3981038961038961 0.17703750000000013 0.10660606060606061
0 0.758425 0.39922077922077925 0.08723125000000011 0.09549783549783546
0 0.4083375 0.3994978354978355 0.08607500000000001 0.09161038961038966
0 0.58310625 0.40116017316017316 0.0861 0.08716883116883113
0 0.4963 0.4092121212121212 0.08643749999999997 0.0888398268398268
0 0.32318125000000003 0.4105974025974026 0.08410624999999997 0.08828571428571431
0 0.67086875 0.4108744588744589 0.08606249999999996 0.08773160173160177
0 0.19188125 0.4147619047619048 0.1710125 0.09105627705627702
0 0.060056250000000005 0.04192207792207792 0.08371875 0.08384415584415585
0 0.061256250000000005 0.41726406926406934 0.08290625 0.08939393939393944
0 0.32339375 0.04247619047619048 0.08613124999999996 0.08495238095238096
0 0.14861875 0.044138528138528144 0.08448125000000001 0.08606060606060606
0 0.23758125 0.04413852813852813 0.08924999999999997 0.08716883116883117
0 0.9368062500000001 0.48500432900432894 0.08725625000000008 0.0927272727272727
0 0.58246875 0.49138528138528137 0.08561875000000001 0.08994805194805204
0 0.8472375 0.49694372294372297 0.08930000000000007 0.09438961038961037
0 0.35544375 0.5002683982683982 0.17026875000000005 0.10438095238095234
0 0.48768124999999996 0.5005454545454545 0.08764375 0.08716883116883123
0 0.7125374999999999 0.5044329004329005 0.17260625000000004 0.09272727272727264
0 0.22475 0.5063809523809524 0.08765 0.08994805194805204
0 0.04743125 0.5072121212121212 0.09373125 0.08828571428571431
0 0.1402 0.5091515151515152 0.083675 0.0855064935064935
0 0.8856999999999999 0.5793939393939395 0.1758375000000001 0.10161038961038953
0 0.52495 0.584943722943723 0.16859375 0.09716883116883118
0 0.74860625 0.5921645021645022 0.08763749999999987 0.09383549783549792
0 0.39250625 0.592995670995671 0.08486249999999998 0.09105627705627711
0 0.6596500000000001 0.5946666666666667 0.08446249999999993 0.09105627705627711
0 0.18808125 0.5963290043290044 0.12091875000000002 0.09105627705627711
0 0.0538375 0.5963290043290044 0.08651249999999999 0.08329004329004333
0 0.30774999999999997 0.6004935064935065 0.08370000000000001 0.09161038961038956
0 0.9269812500000001 0.6635151515151515 0.08685624999999987 0.08661471861471859
0 0.57645625 0.6757316017316017 0.08321875000000006 0.08994805194805204
0 0.48868125 0.6796103896103897 0.085625 0.0921731601731602
0 0.8376187500000001 0.6812813852813853 0.08769374999999996 0.08883982683982675
0 0.045625 0.6826666666666666 0.090925 0.08828571428571431
0 0.355225 0.6854458874458875 0.1706375 0.0960606060606061
0 0.7057187500000001 0.686 0.17180000000000006 0.09272727272727264
0 0.1365875 0.6885021645021645 0.08367500000000001 0.08661471861471859
0 0.22274375 0.6901645021645022 0.08443750000000001 0.08661471861471859
0 0.87788125 0.7598441558441559 0.1722312500000001 0.10050216450216444
0 0.52659375 0.777896103896104 0.16946875000000006 0.0921731601731602
0 0.1830625 0.779004329004329 0.16780625000000002 0.09105627705627711
0 0.74840625 0.7795584415584416 0.08482499999999987 0.08883982683982675
0 0.3971125 0.7795584415584416 0.08446250000000007 0.08773160173160167
0 0.055043749999999995 0.7795584415584416 0.08330624999999997 0.08883982683982675
0 0.31315625 0.7814978354978355 0.08249375000000005 0.0893939393939394
0 0.66125 0.7845541125541126 0.08526250000000005 0.08329004329004333
0 0.9299875 0.8484069264069265 0.08725625000000008 0.09438961038961047
0 0.84423125 0.8578441558441557 0.08809374999999989 0.09549783549783555