0 0.8200562324273665 0.806923076923077 0.11996251171508904 0.11
0 0.5089034676663543 0.79 0.18744142455482662 0.12615384615384614
0 0.6804123711340206 0.8076923076923077 0.16588566073102157 0.09153846153846154
0 0.07122774133083412 0.7634615384615384 0.14245548266166824 0.11
0 0.23055295220243674 0.8057692307692308 0.17432052483598875 0.09769230769230769
0 0.39034676663542645 0.8396153846153847 0.18088097469540768 0.12846153846153846
0 0.6930646672914714 0.8788461538461538 0.15557638238050608 0.08307692307692308
0 0.5412371134020618 0.8792307692307693 0.16213683223992503 0.08153846153846153
0 0.06888472352389878 0.8384615384615385 0.13776944704779756 0.09538461538461539
0 0.23149015932521086 0.8742307692307693 0.16213683223992503 0.07384615384615385
0 0.5595126522961574 0.09576923076923077 0.1696344892221181 0.11307692307692307
0 0.7014995313964386 0.9476923076923077 0.15745079662605435 0.08153846153846153
0 0.204311152764761 0.06076923076923077 0.16588566073102157 0.10615384615384615
0 0.37910028116213684 0.9284615384615384 0.16213683223992503 0.1123076923076923
0 0.5304592314901593 0.9473076923076923 0.1274601686972821 0.08923076923076922
0 0.07638238050609185 0.9092307692307692 0.1527647610121837 0.10461538461538461
0 0.22399250234301782 0.9373076923076923 0.16588566073102157 0.09076923076923077
0 0.6883786316776007 0.9869230769230769 0.15089034676663543 0.026153846153846153
0 0.09465791940018745 0.07961538461538462 0.08059981255857544 0.08
0 0.7371134020618557 0.14692307692307693 0.18650421743205248 0.1076923076923077
0 0.8912839737582006 0.1753846153846154 0.1640112464854733 0.10230769230769231
0 0.4072164948453608 0.14423076923076922 0.17150890346766634 0.11076923076923077
0 0.5693533270852859 0.18615384615384614 0.19775070290534208 0.12538461538461537
0 0.21415182755388942 0.1646153846153846 0.1893158388003749 0.11153846153846154
0 0.08575445173383317 0.1596153846153846 0.08809746954076851 0.09153846153846154
0 0.738987816307404 0.2323076923076923 0.1780693533270853 0.1123076923076923
0 0.8847235238987816 0.26384615384615384 0.14807872539831302 0.09384615384615384
0 0.43064667291471415 0.24307692307692308 0.17525773195876287 0.10307692307692308
0 0.22211808809746955 0.013846153846153847 0.17432052483598875 0.027692307692307693
0 0.5862230552952202 0.2846153846153846 0.18556701030927836 0.12153846153846154
0 0.2169634489222118 0.25115384615384617 0.18088097469540768 0.10846153846153846
0 0.08247422680412371 0.2569230769230769 0.10871602624179943 0.08384615384615385
0 0.7450796626054358 0.33076923076923076 0.17525773195876287 0.1076923076923077
0 0.8814432989690721 0.3696153846153846 0.12839737582005623 0.10538461538461538
0 0.38191190253045926 0.3223076923076923 0.18181818181818182 0.10615384615384615
0 0.10871602624179943 0.016153846153846154 0.08247422680412371 0.03230769230769231
0 0.5670103092783505 0.3707692307692308 0.18556701030927836 0.12692307692307692
0 0.204311152764761 0.3415384615384615 0.1790065604498594 0.12384615384615384
0 0.07029053420805999 0.34307692307692306 0.10871602624179943 0.08692307692307692
0 0.7211808809746955 0.4123076923076923 0.17525773195876287 0.11307692307692307
0 0.8791002811621368 0.4596153846153846 0.10590440487347703 0.10461538461538461
0 0.38706654170571697 0.41192307692307695 0.17057169634489222 0.10230769230769231
0 0.738987816307404 0.06423076923076923 0.18181818181818182 0.10384615384615385
0 0.5440487347703843 0.46923076923076923 0.18181818181818182 0.10461538461538461
0 0.16073102155576383 0.4376923076923077 0.18650421743205248 0.13230769230769232
0 0.04029990627928772 0.42615384615384616 0.07685098406747891 0.1
0 0.7408622305529522 0.5065384615384615 0.17525773195876287 0.09538461538461539
0 0.32239925023430177 0.4869230769230769 0.1696344892221181 0.09384615384615384
0 0.9029990627928772 0.09153846153846154 0.1668228678537957 0.09846153846153846
0 0.5880974695407685 0.5534615384615384 0.1846298031865042 0.10461538461538461
0 0.03655107778819119 0.5103846153846154 0.07310215557638237 0.09461538461538462
0 0.7436738519212746 0.585 0.13683223992502344 0.07923076923076923
0 0.15885660731021556 0.5353846153846153 0.17619493908153702 0.13230769230769232
0 0.40159325210871605 0.5734615384615385 0.17150890346766634 0.10384615384615385
0 0.5665417057169635 0.6288461538461538 0.18744142455482662 0.11923076923076924
0 0.7371134020618557 0.6511538461538462 0.17525773195876287 0.09153846153846154
0 0.05435801312089972 0.6034615384615385 0.10871602624179943 0.08692307692307692
0 0.23195876288659795 0.625 0.19306466729147143 0.14153846153846153
0 0.41002811621368324 0.6646153846153846 0.16869728209934395 0.10230769230769231
0 0.7385192127460168 0.7303846153846154 0.17713214620431114 0.11153846153846154
0 0.5651358950328023 0.7138461538461538 0.17619493908153702 0.10615384615384615
0 0.39268978444236174 0.05692307692307692 0.18744142455482662 0.11076923076923077
0 0.1949390815370197 0.7023076923076923 0.18744142455482662 0.13076923076923078
0 0.05295220243673852 0.6873076923076923 0.10590440487347703 0.10692307692307693
0 0.36082474226804123 0.7369230769230769 0.19119025304592316 0.12615384615384614