0 0.43899230769230774 0.14403343782654127 0.11933846153846149 0.059791013584117016
0 0.5608153846153846 0.1464158829676071 0.11991538461538452 0.061828631138975985
0 0.6836307692307693 0.1464158829676071 0.1174692307692308 0.05911180773249738
0 0.31672307692307694 0.14913270637408568 0.12089230769230767 0.06047021943573668
0 0.19596153846153846 0.14946708463949843 0.11844615384615385 0.05843260188087776
0 0.8809 0.2038244514106583 0.12188461538461524 0.05843260188087776
0 0.3792307692307692 0.20586206896551723 0.12186923076923081 0.057074190177638456
0 0.5060615384615385 0.20654127481713688 0.12143846153846163 0.05843260188087776
0 0.7591384615384615 0.20756530825496342 0.11843846153846156 0.05911180773249738
0 0.19245384615384614 0.20892371995820272 0.24345384615384616 0.05639498432601884
0 0.639623076923077 0.20892371995820272 0.12148461538461543 0.05911180773249738
0 0.3792307692307692 0.26497387669801464 0.12086923076923081 0.05843260188087776
0 0.5070615384615385 0.26497387669801464 0.11943846153846152 0.05571577847439916
0 0.8711461538461539 0.26530825496342736 0.11638461538461553 0.05639498432601878
0 0.7511307692307693 0.2653082549634274 0.11943846153846152 0.05775339602925811
0 0.1912 0.2663322884012539 0.2449615384615384 0.05571577847439919
0 0.628323076923077 0.2676907001044932 0.11988461538461531 0.059791013584117064
0 0.5040692307692307 0.3237408568443051 0.11946153846153842 0.06318704284221528
0 0.2594692307692308 0.324085684430512 0.12041538461538459 0.0584326018808777
0 0.1322076923076923 0.3250992685475444 0.12096923076923076 0.05911180773249744
0 0.3824846153846154 0.3250992685475444 0.12036923076923078 0.05911180773249744
0 0.8644000000000001 0.3254440961337513 0.11889230769230764 0.0584326018808777
0 0.6235846153846154 0.3271368861024033 0.12041538461538459 0.05639498432601884
0 0.7448461538461538 0.32748171368861023 0.11886153846153845 0.0584326018808777
0 0.5005692307692308 0.3838662486938349 0.1174692307692308 0.0584326018808777
0 0.25522307692307694 0.3845454545454545 0.11891538461538464 0.057074190177638456
0 0.3774846153846154 0.3845454545454545 0.11936923076923082 0.057074190177638456
0 0.804876923076923 0.38489028213166143 0.24193076923076914 0.05639498432601884
0 0.6200846153846153 0.38624869383490074 0.11941538461538462 0.06047021943573668
0 0.1322076923076923 0.3879519331243469 0.11896923076923074 0.0584326018808777
0 0.5035692307692308 0.44264367816091954 0.11946923076923073 0.05911180773249744
0 0.8674 0.44468129571577847 0.11889230769230764 0.05639498432601884
0 0.743346153846154 0.44468129571577847 0.1198692307692308 0.06047021943573668
0 0.2619692307692308 0.44501567398119124 0.11941538461538462 0.0584326018808777
0 0.3822307692307692 0.44501567398119124 0.11986923076923076 0.0584326018808777
0 0.6240846153846153 0.44501567398119124 0.11841538461538466 0.0584326018808777
0 0.14096153846153847 0.44569487983281086 0.11846923076923076 0.059791013584117064
0 0.4923153846153846 0.5027690700104493 0.1199692307692308 0.057074190177638456
0 0.37098461538461536 0.5037931034482759 0.12136923076923074 0.05775339602925808
0 0.24846923076923078 0.5044723092998955 0.12042307692307691 0.05911180773249744
0 0.8544 0.5048066875653083 0.11790769230769246 0.057074190177638456
0 0.6128307692307692 0.5051515151515151 0.11892307692307685 0.05775339602925808
0 0.12445384615384615 0.5068443051201672 0.11946923076923077 0.0584326018808777
0 0.7333461538461539 0.5071891327063741 0.11886923076923075 0.06047021943573662
0 0.8613999999999999 0.5622152560083594 0.12090000000000005 0.05911180773249738
0 0.3629846153846154 0.5625600835945663 0.11937692307692312 0.05571577847439916
0 0.48629230769230763 0.563239289446186 0.11891538461538455 0.0557157784743991
0 0.6073076923076923 0.5642528735632184 0.11886923076923075 0.05775339602925808
0 0.11520769230769232 0.564932079414838 0.11997692307692305 0.05911180773249732
0 0.23746923076923077 0.5656112852664577 0.11942307692307692 0.05911180773249732
0 0.7381384615384615 0.5656112852664577 0.11845384615384616 0.0550365726227796
0 0.7886307692307692 0.6216718913270638 0.24444615384615392 0.058432601880877816
0 0.36173076923076924 0.6226854754440961 0.11987692307692306 0.05775339602925808
0 0.4827923076923077 0.623030303030303 0.11791538461538459 0.059791013584117064
0 0.6055538461538462 0.623030303030303 0.11936923076923082 0.0557157784743991
0 0.2347153846153846 0.6264263322884013 0.1199307692307692 0.058432601880877816
0 0.11045384615384615 0.6274399164054337 0.12047692307692308 0.060470219435736564
0 0.8484 0.6794148380355277 0.11790769230769246 0.0557157784743991
0 0.6683230769230769 0.6821316614420062 0.24191538461538462 0.058432601880877816
0 0.3647307692307692 0.6834900731452456 0.11886923076923075 0.058432601880877816
0 0.4857923076923077 0.6838349007314524 0.11991538461538452 0.05775339602925808
0 0.24346923076923077 0.6848484848484848 0.12042307692307691 0.058432601880877816
0 0.12020769230769232 0.686551724137931 0.12197692307692307 0.05775339602925808
0 0.7318461538461537 0.7395506792058516 0.1178692307692307 0.05775339602925808
0 0.8503999999999999 0.740564263322884 0.11490769230769239 0.05707419017763834
0 0.6118076923076923 0.7415882967607106 0.12086923076923067 0.05911180773249732
0 0.4280230769230769 0.7422675026123302 0.24545384615384608 0.05775339602925808
0 0.18170000000000003 0.7449843260188088 0.24596153846153845 0.05775339602925808
0 0.7215923076923078 0.8000104493207941 0.11937692307692312 0.05911180773249732
0 0.8511461538461539 0.8006896551724138 0.1224076923076924 0.060470219435736564
0 0.5982999999999999 0.80239289446186 0.11986923076923071 0.058432601880877816
0 0.35723076923076924 0.8030721003134795 0.11987692307692306 0.061149425287356306
0 0.4770384615384615 0.8034064785788924 0.11942307692307692 0.060470219435736564
0 0.11595384615384616 0.8047648902821316 0.11847692307692306 0.05911180773249732
0 0.2364692307692308 0.8051097178683385 0.11942307692307692 0.059791013584117064
0 0.3229769230769231 0.08900731452455592 0.11939230769230771 0.061149425287356333
0 0.20296153846153847 0.08934169278996865 0.11943846153846152 0.05911180773249738