0 0.3638461538461538 0.2171875 0.05153846153846154 0.12395833333333334
0 0.01730769230769231 0.26979166666666665 0.03461538461538462 0.13958333333333334
0 0.9584615384615385 0.1375 0.04153846153846154 0.125
0 0.05269230769230769 0.2671875 0.052307692307692305 0.1375
0 0.14192307692307693 0.25677083333333334 0.05076923076923077 0.125
0 0.18615384615384614 0.25052083333333336 0.05076923076923077 0.128125
0 0.7123076923076923 0.17604166666666668 0.04846153846153846 0.12708333333333333
0 0.9261538461538461 0.14583333333333334 0.038461538461538464 0.121875
0 0.09807692307692308 0.2635416666666667 0.05307692307692308 0.13333333333333333
0 0.2784615384615385 0.23854166666666668 0.055384615384615386 0.13645833333333332
0 0.2326923076923077 0.24479166666666666 0.05615384615384615 0.134375
0 0.6688461538461539 0.1828125 0.04846153846153846 0.12083333333333333
0 0.7953846153846154 0.165625 0.04692307692307692 0.12604166666666666
0 0.4084615384615385 0.22135416666666666 0.05307692307692308 0.13229166666666667
0 0.4980769230769231 0.209375 0.052307692307692305 0.128125
0 0.588076923076923 0.19635416666666666 0.05307692307692308 0.13020833333333334
0 0.8915384615384615 0.15364583333333334 0.05 0.128125
0 0.6284615384615385 0.19114583333333332 0.04692307692307692 0.12395833333333334
0 0.5446153846153846 0.203125 0.05692307692307692 0.13541666666666666
0 0.755 0.17395833333333333 0.04923076923076923 0.128125
0 0.3219230769230769 0.2359375 0.05153846153846154 0.13020833333333334
0 0.4523076923076923 0.21770833333333334 0.05076923076923077 0.128125
0 0.8415384615384616 0.165625 0.047692307692307694 0.125
0 0.7930769230769231 0.28854166666666664 0.052307692307692305 0.121875
0 0.9557692307692308 0.26614583333333336 0.05384615384615385 0.12604166666666666
0 0.9134615384615384 0.27291666666666664 0.05076923076923077 0.125
0 0.7053846153846154 0.303125 0.047692307692307694 0.12291666666666666
0 0.8746153846153846 0.2796875 0.04923076923076923 0.12395833333333334
0 0.025384615384615384 0.4015625 0.05076923076923077 0.134375
0 0.16076923076923078 0.38333333333333336 0.05307692307692308 0.13020833333333334
0 0.20461538461538462 0.3776041666666667 0.052307692307692305 0.13229166666666667
0 0.3780769230769231 0.35260416666666666 0.05076923076923077 0.13125
0 0.42230769230769233 0.346875 0.05307692307692308 0.13125
0 0.4765384615384615 0.33958333333333335 0.05307692307692308 0.128125
0 0.7530769230769231 0.30052083333333335 0.047692307692307694 0.12604166666666666
0 0.06961538461538462 0.39791666666666664 0.05384615384615385 0.13333333333333333
0 0.115 0.3927083333333333 0.05615384615384615 0.134375
0 0.6111538461538462 0.321875 0.05307692307692308 0.12916666666666668
0 0.29346153846153844 0.3671875 0.05307692307692308 0.128125
0 0.8392307692307692 0.29010416666666666 0.054615384615384614 0.12708333333333333
0 0.25 0.37447916666666664 0.052307692307692305 0.12604166666666666
0 0.5242307692307693 0.33541666666666664 0.05384615384615385 0.12916666666666668
0 0.33576923076923076 0.3625 0.047692307692307694 0.13020833333333334
0 0.6661538461538462 0.31614583333333335 0.05 0.12916666666666668
0 0.5673076923076923 0.3307291666666667 0.055384615384615386 0.12916666666666668
0 0.9257692307692308 0.3953125 0.04846153846153846 0.12083333333333333
0 0.8034615384615384 0.41302083333333334 0.045384615384615384 0.12291666666666666
0 0.9665384615384616 0.390625 0.05076923076923077 0.121875
0 0.7253846153846154 0.42604166666666665 0.047692307692307694 0.121875
0 0.7642307692307693 0.42291666666666666 0.04846153846153846 0.12291666666666666
0 0.89 0.40520833333333334 0.04846153846153846 0.12395833333333334
0 0.8457692307692307 0.41354166666666664 0.05 0.12395833333333334
0 0.17461538461538462 0.509375 0.05692307692307692 0.13541666666666666
0 0.22038461538461537 0.5041666666666667 0.055384615384615386 0.13333333333333333
0 0.038461538461538464 0.5307291666666667 0.055384615384615386 0.13541666666666666
0 0.4376923076923077 0.4744791666666667 0.054615384615384614 0.13229166666666667
0 0.686923076923077 0.4390625 0.04846153846153846 0.12395833333333334
0 0.12923076923076923 0.5192708333333333 0.05615384615384615 0.13333333333333333
0 0.565 0.45729166666666665 0.04923076923076923 0.12916666666666668
0 0.08461538461538462 0.5260416666666666 0.057692307692307696 0.13645833333333332
0 0.26692307692307693 0.5 0.055384615384615386 0.13541666666666666
0 0.4823076923076923 0.46979166666666666 0.04923076923076923 0.134375
0 0.6461538461538462 0.446875 0.047692307692307694 0.125
0 0.3953846153846154 0.4828125 0.05307692307692308 0.134375
0 0.6057692307692307 0.45364583333333336 0.05153846153846154 0.13229166666666667
0 0.31153846153846154 0.4953125 0.05307692307692308 0.13645833333333332
0 0.5261538461538462 0.4661458333333333 0.04923076923076923 0.13229166666666667
0 0.3515384615384615 0.49166666666666664 0.04923076923076923 0.128125
0 0.9665384615384616 0.5182291666666666 0.05 0.11979166666666667
0 0.8107692307692308 0.540625 0.05 0.125
0 0.8496153846153847 0.5354166666666667 0.04692307692307692 0.125
0 0.9246153846153846 0.525 0.052307692307692305 0.11979166666666667
0 0.7280769230769231 0.5536458333333333 0.05153846153846154 0.128125
0 0.8884615384615384 0.53125 0.04846153846153846 0.11979166666666667
0 0.685 0.5625 0.05076923076923077 0.12604166666666666
0 0.7707692307692308 0.5510416666666667 0.05076923076923077 0.12395833333333334
0 0.6453846153846153 0.5713541666666667 0.05153846153846154 0.12708333333333333
0 0.47846153846153844 0.596875 0.052307692307692305 0.128125
0 0.4338461538461538 0.6036458333333333 0.04923076923076923 0.128125
0 0.6038461538461538 0.5796875 0.05307692307692308 0.12604166666666666
0 0.5634615384615385 0.5859375 0.04923076923076923 0.12604166666666666
0 0.26461538461538464 0.6296875 0.05076923076923077 0.13125
0 0.34884615384615386 0.6177083333333333 0.05076923076923077 0.12395833333333334
0 0.5226923076923077 0.5932291666666667 0.05153846153846154 0.12708333333333333
0 0.22192307692307692 0.6364583333333333 0.052307692307692305 0.13229166666666667
0 0.3069230769230769 0.625 0.04923076923076923 0.12916666666666668
0 0.39192307692307693 0.6125 0.05076923076923077 0.128125
0 0.175 0.64375 0.054615384615384614 0.13541666666666666
0 0.03923076923076923 0.6640625 0.05384615384615385 0.1375
0 0.08346153846153846 0.6588541666666666 0.05384615384615385 0.13958333333333334
0 0.12923076923076923 0.653125 0.057692307692307696 0.13854166666666667
0 0.015769230769230768 0.13489583333333333 0.031538461538461536 0.13229166666666667
0 0.3269230769230769 0.09166666666666666 0.052307692307692305 0.13854166666666667
0 0.3726923076923077 0.0859375 0.05153846153846154 0.13229166666666667
0 0.9865384615384616 0.6421875 0.026923076923076925 0.11770833333333333
0 0.9546153846153846 0.6489583333333333 0.046153846153846156 0.12083333333333333
0 0.7111538461538461 0.6885416666666667 0.05 0.12291666666666666
0 0.8792307692307693 0.6651041666666667 0.05153846153846154 0.12291666666666666
0 0.8392307692307692 0.6713541666666667 0.05153846153846154 0.11666666666666667
0 0.7542307692307693 0.6838541666666667 0.05076923076923077 0.121875
0 0.9207692307692308 0.6604166666666667 0.05076923076923077 0.11875
0 0.6642307692307692 0.6973958333333333 0.05076923076923077 0.12291666666666666
0 0.7980769230769231 0.6796875 0.05153846153846154 0.11979166666666667
0 0.6265384615384615 0.7046875 0.04923076923076923 0.12395833333333334
0 0.3607692307692308 0.7453125 0.05 0.12708333333333333
0 0.18269230769230768 0.7713541666666667 0.052307692307692305 0.13020833333333334
0 0.44961538461538464 0.7333333333333333 0.05153846153846154 0.128125
0 0.4053846153846154 0.7411458333333333 0.05076923076923077 0.12916666666666668
0 0.4919230769230769 0.7286458333333333 0.05153846153846154 0.13020833333333334
0 0.3192307692307692 0.7536458333333333 0.054615384615384614 0.13333333333333333
0 0.1373076923076923 0.7807291666666667 0.05307692307692308 0.12708333333333333
0 0.05384615384615385 0.134375 0.05615384615384615 0.13645833333333332
0 0.2746153846153846 0.7625 0.054615384615384614 0.13541666666666666
0 0.2276923076923077 0.7697916666666667 0.052307692307692305 0.13229166666666667
0 0.5869230769230769 0.7197916666666667 0.05307692307692308 0.128125
0 0.04807692307692308 0.796875 0.057692307692307696 0.13541666666666666
0 0.09384615384615384 0.790625 0.055384615384615386 0.13229166666666667
0 0.5373076923076923 0.728125 0.05153846153846154 0.12291666666666666
0 0.19423076923076923 0.11770833333333333 0.052307692307692305 0.13229166666666667
0 0.23923076923076922 0.11145833333333334 0.05307692307692308 0.13229166666666667
0 0.1 0.13177083333333334 0.05615384615384615 0.13541666666666666
0 0.28423076923076923 0.10572916666666667 0.054615384615384614 0.13333333333333333
0 0.14807692307692308 0.12552083333333333 0.05692307692307692 0.13541666666666666
0 0.4157692307692308 0.090625 0.052307692307692305 0.13125
0 0.5438461538461539 0.07239583333333334 0.05153846153846154 0.13229166666666667
0 0.8776923076923077 0.04375 0.047692307692307694 0.0875
0 0.9511538461538461 0.03802083333333333 0.036153846153846154 0.07604166666666666
0 0.5869230769230769 0.06666666666666667 0.05153846153846154 0.13020833333333334
0 0.5011538461538462 0.07916666666666666 0.05153846153846154 0.13333333333333333
0 0.4584615384615385 0.0859375 0.05076923076923077 0.13229166666666667
0 0.916923076923077 0.041666666666666664 0.04923076923076923 0.08333333333333333
0 0.9896153846153846 0.7614583333333333 0.02076923076923077 0.11666666666666667
0 0.6680769230769231 0.06041666666666667 0.04846153846153846 0.12083333333333333
0 0.6280769230769231 0.0640625 0.05 0.128125
0 0.9665384615384616 0.7723958333333333 0.04846153846153846 0.11666666666666667
0 0.8469230769230769 0.790625 0.04923076923076923 0.11770833333333333
0 0.9273076923076923 0.78125 0.047692307692307694 0.11666666666666667
0 0.8876923076923077 0.7875 0.04846153846153846 0.11354166666666667
0 0.6788461538461539 0.8197916666666667 0.04846153846153846 0.11770833333333333
0 0.7953846153846154 0.05260416666666667 0.05076923076923077 0.10520833333333333
0 0.7111538461538461 0.058333333333333334 0.04846153846153846 0.11666666666666667
0 0.7223076923076923 0.8166666666666667 0.04923076923076923 0.121875
0 0.47115384615384615 0.8526041666666667 0.05 0.125
0 0.8065384615384615 0.8046875 0.05153846153846154 0.11979166666666667
0 0.7657692307692308 0.8109375 0.05076923076923077 0.12291666666666666
0 0.5565384615384615 0.840625 0.05 0.12291666666666666
0 0.38576923076923075 0.8651041666666667 0.05076923076923077 0.12395833333333334
0 0.6388461538461538 0.8291666666666667 0.04923076923076923 0.121875
0 0.42846153846153845 0.859375 0.04923076923076923 0.12083333333333333
0 0.2173076923076923 0.890625 0.052307692307692305 0.121875
0 0.5988461538461538 0.8359375 0.05076923076923077 0.121875
0 0.5142307692307693 0.8484375 0.047692307692307694 0.11770833333333333
0 0.1276923076923077 0.9036458333333334 0.04846153846153846 0.11979166666666667
0 0.34384615384615386 0.8729166666666667 0.05 0.12083333333333333
0 0.3019230769230769 0.8796875 0.047692307692307694 0.11770833333333333
0 0.17192307692307693 0.8984375 0.05307692307692308 0.11875
0 0.045384615384615384 0.9166666666666666 0.03923076923076923 0.11458333333333333
0 0.26 0.8869791666666667 0.05 0.115625
0 0.08538461538461538 0.9125 0.05 0.11458333333333333
0 0.7523076923076923 0.05677083333333333 0.05076923076923077 0.11354166666666667
0 0.8373076923076923 0.049479166666666664 0.05153846153846154 0.09895833333333333