0 0.8338461538461538 0.07775683317624882 0.08384615384615385 0.14797360980207352
0 0.09153846153846154 0.18991517436380773 0.07769230769230769 0.1460885956644675
0 0.9303846153846154 0.06833176248821866 0.07153846153846154 0.13666352497643733
0 0.8873076923076924 0.07210179076343072 0.08692307692307692 0.14420358152686144
0 0.73 0.09566446748350613 0.07769230769230769 0.14514608859566447
0 0.14115384615384616 0.18473138548539114 0.07692307692307693 0.1526861451460886
0 0.30423076923076925 0.16116870876531575 0.07 0.14797360980207352
0 0.41115384615384615 0.14561734213006597 0.06307692307692307 0.14797360980207352
0 0.7846153846153846 0.08953817153628653 0.08 0.14514608859566447
0 0.24923076923076923 0.1705937794533459 0.07384615384615385 0.14891611687087652
0 0.6784615384615384 0.10603204524033931 0.07538461538461538 0.14514608859566447
0 0.19538461538461538 0.17907634307257306 0.07692307692307693 0.15457115928369464
0 0.04038461538461539 0.20311027332704995 0.08076923076923077 0.14985862393967955
0 0.4653846153846154 0.13949104618284638 0.06461538461538462 0.14514608859566447
0 0.013076923076923076 0.2106503298774741 0.026153846153846153 0.14797360980207352
0 0.35884615384615387 0.15598491988689916 0.07 0.14985862393967955
0 0.6273076923076923 0.11687087653157399 0.07461538461538461 0.14326107445805844
0 0.5742307692307692 0.12582469368520263 0.07615384615384616 0.1460885956644675
0 0.5188461538461538 0.13619227144203583 0.06923076923076923 0.1460885956644675
0 0.8196153846153846 0.21017907634307256 0.07230769230769231 0.12535344015080113
0 0.9165384615384615 0.19557021677662584 0.07538461538461538 0.1281809613572102
0 0.9511538461538461 0.19085768143261075 0.054615384615384614 0.12535344015080113
0 0.8703846153846154 0.20452403393025448 0.07769230769230769 0.13006597549481622
0 0.7719230769230769 0.22148916116870876 0.07 0.12535344015080113
0 0.7257692307692307 0.23044297832233743 0.07230769230769231 0.13195098963242224
0 0.17884615384615385 0.3133836003770028 0.07307692307692308 0.1291234684260132
0 0.42846153846153845 0.2770970782280867 0.06 0.12723845428840716
0 0.676923076923077 0.23939679547596607 0.07 0.13100848256361922
0 0.47807692307692307 0.2700282752120641 0.05923076923076923 0.1281809613572102
0 0.12576923076923077 0.3232799245994345 0.07923076923076923 0.1347785108388313
0 0.3803846153846154 0.2855796418473139 0.06 0.1234684260131951
0 0.03423076923076923 0.3383600377002828 0.06846153846153846 0.13195098963242224
0 0.5269230769230769 0.2639019792648445 0.05923076923076923 0.11969839773798303
0 0.07730769230769231 0.33270499528746467 0.07769230769230769 0.13100848256361922
0 0.5773076923076923 0.2582469368520264 0.06461538461538462 0.12723845428840716
0 0.6276923076923077 0.25070688030160226 0.06692307692307692 0.1234684260131951
0 0.009615384615384616 0.34542884071630536 0.019230769230769232 0.12723845428840716
0 0.28 0.30442978322337416 0.07076923076923076 0.13006597549481622
0 0.3296153846153846 0.29688972667295005 0.06769230769230769 0.13006597549481622
0 0.22884615384615384 0.31291234684260133 0.07538461538461538 0.13666352497643733
0 0.6230769230769231 0.019792648444863337 0.06153846153846154 0.03958529688972667
0 0.1226923076923077 0.08294062205466542 0.06538461538461539 0.06786050895381715
0 0.5107692307692308 0.029217719132893498 0.06 0.058435438265786996
0 0.455 0.03345900094250707 0.057692307692307696 0.06691800188501414
0 0.1776923076923077 0.07540056550424128 0.06384615384615384 0.06880301602262016
0 0.23346153846153847 0.06691800188501414 0.06461538461538462 0.06880301602262016
0 0.5696153846153846 0.024976437323279924 0.06230769230769231 0.04995287464655985
0 0.7915384615384615 0.008953817153628653 0.06461538461538462 0.017907634307257305
0 0.06615384615384616 0.09283694627709708 0.06384615384615384 0.0706880301602262
0 0.4 0.041941564561734215 0.057692307692307696 0.06880301602262016
0 0.28846153846153844 0.05937794533459001 0.06 0.06880301602262016
0 0.7376923076923076 0.01413760603204524 0.06307692307692307 0.02827521206409048
0 0.022692307692307692 0.10131950989632423 0.045384615384615384 0.07257304429783223
0 0.3453846153846154 0.05230914231856739 0.06307692307692307 0.07163053722902922
0 0.6815384615384615 0.01932139491046183 0.06615384615384616 0.03864278982092366
0 0.8646153846153846 0.3199811498586239 0.07230769230769231 0.11498586239396795
0 0.9134615384615384 0.31432610744580586 0.07538461538461538 0.12158341187558906
0 0.8211538461538461 0.3289349670122526 0.07076923076923076 0.11875589066918002
0 0.7753846153846153 0.3383600377002828 0.06769230769230769 0.12252591894439209
0 0.7292307692307692 0.3468426013195099 0.06461538461538462 0.117813383600377
0 0.9553846153846154 0.31432610744580586 0.06846153846153846 0.11310084825636192
0 0.6846153846153846 0.35532516493873706 0.06384615384615384 0.11969839773798303
0 0.6384615384615384 0.3647502356267672 0.06153846153846154 0.11875589066918002
0 0.5934615384615385 0.37229029217719134 0.057692307692307696 0.11027332704995288
0 0.35846153846153844 0.4104618284637135 0.05923076923076923 0.11215834118755891
0 0.4065384615384615 0.4029217719132894 0.055384615384615386 0.11404335532516494
0 0.4519230769230769 0.39632422243166826 0.057692307692307696 0.117813383600377
0 0.5 0.3892554194156456 0.05615384615384615 0.11215834118755891
0 0.31 0.41988689915174365 0.06538461538461539 0.11875589066918002
0 0.06923076923076923 0.45617342130065974 0.07461538461538461 0.11875589066918002
0 0.26076923076923075 0.42742695570216777 0.06307692307692307 0.11687087653157399
0 0.5465384615384615 0.38501413760603204 0.055384615384615386 0.11404335532516494
0 0.16346153846153846 0.44250706880301605 0.06923076923076923 0.11969839773798303
0 0.11884615384615385 0.4505183788878417 0.07076923076923076 0.11875589066918002
0 0.031538461538461536 0.4646559849198869 0.06307692307692307 0.12252591894439209
0 0.21 0.43779453345900093 0.07307692307692308 0.11875589066918002
0 0.9073076923076923 0.42695570216776624 0.06846153846153846 0.1055607917059378
0 0.865 0.4340245051837889 0.06846153846153846 0.10461828463713478
0 0.8203846153846154 0.44062205466541 0.06692307692307692 0.10461828463713478
0 0.7784615384615384 0.44863336475023563 0.06 0.10367577756833177
0 0.6853846153846154 0.4637134778510839 0.05692307692307692 0.10461828463713478
0 0.9515384615384616 0.42412818096135724 0.07 0.1055607917059378
0 0.6438461538461538 0.471253534401508 0.05692307692307692 0.10367577756833177
0 0.9788461538461538 0.4213006597549482 0.04230769230769231 0.0999057492931197
0 0.7338461538461538 0.4590009425070688 0.06384615384615384 0.10838831291234684
0 0.551923076923077 0.49057492931196983 0.05307692307692308 0.10273327049952875
0 0.5957692307692307 0.4839773798303487 0.054615384615384614 0.10461828463713478
0 0.4157692307692308 0.5122525918944392 0.054615384615384614 0.10838831291234684
0 0.46076923076923076 0.5061262959472196 0.054615384615384614 0.10650329877474081
0 0.5076923076923077 0.49858623939679547 0.05384615384615385 0.1055607917059378
0 0.3723076923076923 0.5197926484448633 0.05923076923076923 0.1112158341187559
0 0.022307692307692306 0.5749293119698398 0.04461538461538461 0.10179076343072573
0 0.235 0.5442978322337417 0.06692307692307692 0.10933081998114987
0 0.051923076923076926 0.5721017907634307 0.06846153846153846 0.10933081998114987
0 0.1896153846153846 0.5532516493873704 0.06769230769230769 0.10838831291234684
0 0.3280769230769231 0.5339302544769086 0.06153846153846154 0.11027332704995288
0 0.14307692307692307 0.5626767200754006 0.06769230769230769 0.10744580584354382
0 0.2823076923076923 0.5424128180961357 0.06384615384615384 0.1055607917059378
0 0.09538461538461539 0.5725730442978322 0.07307692307692308 0.10744580584354382
0 0.9034615384615384 0.5442978322337417 0.06230769230769231 0.10838831291234684
0 0.8669230769230769 0.5518378887841658 0.06692307692307692 0.09896324222431668
0 0.7796153846153846 0.5664467483506126 0.06153846153846154 0.09896324222431668
0 0.7369230769230769 0.5730442978322338 0.05923076923076923 0.09896324222431668
0 0.6934615384615385 0.5805843543826579 0.057692307692307696 0.09896324222431668
0 0.8223076923076923 0.5617342130065975 0.06538461538461539 0.09896324222431668
0 0.9476923076923077 0.5461828463713477 0.06846153846153846 0.09802073515551367
0 0.9819230769230769 0.5400565504241281 0.036153846153846154 0.09613572101790764
0 0.38846153846153847 0.6347785108388313 0.055384615384615386 0.09802073515551367
0 0.4323076923076923 0.6281809613572101 0.05307692307692308 0.09707822808671066
0 0.6507692307692308 0.5980207351555137 0.05615384615384615 0.09707822808671066
0 0.2561538461538462 0.6573986804901036 0.06307692307692307 0.10273327049952875
0 0.4757692307692308 0.6248821866163996 0.05076923076923077 0.09613572101790764
0 0.30153846153846153 0.6522148916116871 0.05846153846153846 0.10084825636192271
0 0.34384615384615386 0.6460885956644675 0.05923076923076923 0.10179076343072573
0 0.2103846153846154 0.6668237511781339 0.06769230769230769 0.10179076343072573
0 0.5634615384615385 0.6145146088595664 0.05153846153846154 0.09613572101790764
0 0.07807692307692307 0.6875589066918002 0.06769230769230769 0.0999057492931197
0 0.5192307692307693 0.6220546654099905 0.05153846153846154 0.09519321394910461
0 0.04115384615384615 0.6941564561734213 0.05923076923076923 0.09896324222431668
0 0.6096153846153847 0.6098020735155514 0.05615384615384615 0.09707822808671066
0 0.12153846153846154 0.6833176248821866 0.06923076923076923 0.10273327049952875
0 0.165 0.6767200754005656 0.06461538461538462 0.0999057492931197
0 0.8319230769230769 0.6522148916116871 0.055384615384615386 0.08953817153628653
0 0.7515384615384615 0.6696512723845429 0.057692307692307696 0.09236569274269557
0 0.7073076923076923 0.6767200754005656 0.05307692307692308 0.0942507068803016
0 0.9138461538461539 0.6456173421300659 0.06153846153846154 0.08953817153628653
0 0.9565384615384616 0.6404335532516494 0.06307692307692307 0.09048067860508954
0 0.7934615384615384 0.6672950047125353 0.05615384615384615 0.0885956644674835
0 0.6246153846153846 0.6932139491046183 0.04923076923076923 0.08953817153628653
0 0.6676923076923077 0.6880301602262017 0.05307692307692308 0.09142318567389256
0 0.9819230769230769 0.6380772855796418 0.036153846153846154 0.08671065032987747
0 0.46115384615384614 0.7191328934967012 0.04846153846153846 0.08953817153628653
0 0.08653846153846154 0.7756833176248822 0.06461538461538462 0.08953817153628653
0 0.3792307692307692 0.7318567389255419 0.05307692307692308 0.08953817153628653
0 0.5853846153846154 0.7007540056550424 0.05 0.0885956644674835
0 0.8738461538461538 0.6578699340245052 0.06 0.08765315739868049
0 0.05076923076923077 0.7822808671065034 0.05923076923076923 0.09048067860508954
0 0.5019230769230769 0.7148916116870877 0.04846153846153846 0.08765315739868049
0 0.42153846153846153 0.7280867106503299 0.052307692307692305 0.09048067860508954
0 0.12846153846153846 0.7723845428840717 0.06461538461538462 0.09236569274269557
0 0.5423076923076923 0.7115928369462771 0.047692307692307694 0.08576814326107446
0 0.25384615384615383 0.7554194156456173 0.06076923076923077 0.08953817153628653
0 0.34 0.7426955702167767 0.05692307692307692 0.08953817153628653
0 0.21153846153846154 0.7620169651272385 0.06230769230769231 0.09142318567389256
0 0.17 0.7686145146088595 0.06307692307692307 0.09236569274269557
0 0.29653846153846153 0.7507068803016023 0.05923076923076923 0.08953817153628653
0 0.7892307692307692 0.7459943449575872 0.05384615384615385 0.08199811498586239
0 0.8276923076923077 0.7417530631479736 0.055384615384615386 0.08105560791705937
0 0.9073076923076923 0.7299717247879359 0.05692307692307692 0.08294062205466542
0 0.7515384615384615 0.7540056550424128 0.05153846153846154 0.07822808671065033
0 0.713076923076923 0.7610744580584354 0.05076923076923077 0.08199811498586239
0 0.6326923076923077 0.7737983034872762 0.046153846153846156 0.08011310084825636
0 0.8711538461538462 0.7379830348727615 0.05692307692307692 0.08105560791705937
0 0.9773076923076923 0.7205466540999057 0.045384615384615384 0.08011310084825636
0 0.9461538461538461 0.7276154571159283 0.06153846153846154 0.08294062205466542
0 0.47423076923076923 0.7987747408105561 0.04846153846153846 0.08199811498586239
0 0.5926923076923077 0.7813383600377003 0.046153846153846156 0.08105560791705937
0 0.671923076923077 0.7704995287464655 0.046153846153846156 0.08011310084825636
0 0.15576923076923077 0.848727615457116 0.06 0.08199811498586239
0 0.4346153846153846 0.8067860508953817 0.05 0.08011310084825636
0 0.2753846153846154 0.8312912346842601 0.05384615384615385 0.08011310084825636
0 0.3934615384615385 0.8143261074458058 0.052307692307692305 0.08011310084825636
0 0.5538461538461539 0.791234684260132 0.04692307692307692 0.07728557964184732
0 0.35423076923076924 0.8223374175306315 0.05307692307692308 0.08294062205466542
0 0.11730769230769231 0.8590951932139491 0.06230769230769231 0.08199811498586239
0 0.5142307692307693 0.7992459943449576 0.04692307692307692 0.08105560791705937
0 0.07730769230769231 0.8652214891611687 0.06538461538461539 0.08294062205466542
0 0.051153846153846154 0.8699340245051838 0.040769230769230766 0.08105560791705937
0 0.3161538461538462 0.8303487276154571 0.055384615384615386 0.08199811498586239
0 0.2376923076923077 0.8426013195098964 0.06153846153846154 0.08105560791705937
0 0.1973076923076923 0.8496701225259189 0.06153846153846154 0.08011310084825636
0 0.9880769230769231 0.7836946277097078 0.023846153846153847 0.07445805843543826
0 0.9707692307692307 0.7921771913289349 0.05846153846153846 0.0706880301602262
0 0.9342307692307692 0.8001885014137606 0.05846153846153846 0.0706880301602262
0 0.8965384615384615 0.8058435438265787 0.05692307692307692 0.07163053722902922
0 0.6280769230769231 0.84684260131951 0.045384615384615384 0.07351555136663525
0 0.665 0.8426013195098964 0.047692307692307694 0.07445805843543826
0 0.8176923076923077 0.8223374175306315 0.04923076923076923 0.0706880301602262
0 0.7042307692307692 0.8393025447690857 0.046153846153846156 0.07351555136663525
0 0.7819230769230769 0.8284637134778511 0.05076923076923077 0.07445805843543826
0 0.17423076923076924 0.9203581526861452 0.05692307692307692 0.07728557964184732
0 0.2857692307692308 0.9038642789820923 0.05307692307692308 0.0763430725730443
0 0.7426923076923077 0.8355325164938737 0.05 0.07445805843543826
0 0.3984615384615385 0.8878416588124411 0.047692307692307694 0.07445805843543826
0 0.2123076923076923 0.9161168708765316 0.05384615384615385 0.0706880301602262
0 0.25076923076923074 0.9104618284637135 0.05153846153846154 0.06880301602262016
0 0.5523076923076923 0.8652214891611687 0.04384615384615385 0.07351555136663525
0 0.3626923076923077 0.8939679547596607 0.04692307692307692 0.07257304429783223
0 0.5911538461538461 0.8595664467483506 0.04384615384615385 0.07257304429783223
0 0.515 0.8722902921771913 0.043076923076923075 0.07163053722902922
0 0.13538461538461538 0.9302544769085768 0.06076923076923077 0.07728557964184732
0 0.09653846153846155 0.9359095193213949 0.06 0.0763430725730443
0 0.3242307692307692 0.9019792648444863 0.05153846153846154 0.07163053722902922
0 0.8626923076923076 0.8213949104618284 0.05384615384615385 0.07257304429783223
0 0.47807692307692307 0.879359095193214 0.04461538461538461 0.07257304429783223
0 0.06346153846153846 0.941564561734213 0.05153846153846154 0.0763430725730443
0 0.43923076923076926 0.8892554194156456 0.047692307692307694 0.07445805843543826