0 0.61 0.8510822510822511 0.09125 0.1038961038961039
0 0.3984375 0.8926406926406927 0.17625 0.12121212121212122
0 0.2684375 0.9181818181818182 0.091875 0.09956709956709957
0 0.0903125 0.9493506493506494 0.105625 0.1012987012987013
0 0.1846875 0.935064935064935 0.09375 0.10303030303030303
0 0.526875 0.8688311688311688 0.091875 0.10216450216450217
0 0.74 0.8281385281385282 0.17625 0.11948051948051948
0 0.936875 0.025108225108225107 0.04375 0.050216450216450215
0 0.8271875 0.051515151515151514 0.179375 0.10303030303030303
0 0.7003125 0.07012987012987013 0.095625 0.10995670995670996
0 0.614375 0.09047619047619047 0.095 0.11341991341991342
0 0.5290625 0.11341991341991342 0.09375 0.11168831168831168
0 0.4421875 0.13203463203463203 0.098125 0.11082251082251082
0 0.3540625 0.15194805194805194 0.096875 0.11168831168831168
0 0.03 0.21948051948051947 0.06 0.1012987012987013
0 0.0990625 0.20476190476190476 0.094375 0.11428571428571428
0 0.270625 0.1735930735930736 0.09625 0.10822510822510822
0 0.18625 0.19350649350649352 0.095 0.10649350649350649
0 0.7315625 0.15497835497835497 0.095625 0.10995670995670996
0 0.6453125 0.1787878787878788 0.094375 0.11341991341991342
0 0.8640625 0.13636363636363635 0.18875 0.15064935064935064
0 0.560625 0.2012987012987013 0.09375 0.11082251082251082
0 0.3896875 0.23809523809523808 0.094375 0.11255411255411256
0 0.4759375 0.22597402597402597 0.095 0.10822510822510822
0 0.05125 0.3090909090909091 0.094375 0.11168831168831168
0 0.1775 0.2896103896103896 0.178125 0.12554112554112554
0 0.306875 0.26406926406926406 0.094375 0.10822510822510822
0 0.918125 0.21515151515151515 0.099375 0.11255411255411256
0 0.6959375 0.2658008658008658 0.18375 0.14285714285714285
0 0.8275 0.24805194805194805 0.099375 0.10909090909090909
0 0.524375 0.30865800865800863 0.180625 0.13246753246753246
0 0.3525 0.34285714285714286 0.1775 0.12727272727272726
0 0.2234375 0.36883116883116884 0.09625 0.10735930735930736
0 0.7075 0.014285714285714285 0.0925 0.02857142857142857
0 0.14 0.3930735930735931 0.093125 0.10735930735930736
0 0.0503125 0.41515151515151516 0.100625 0.10476190476190476
0 0.6203125 0.023809523809523808 0.091875 0.047619047619047616
0 0.535625 0.03593073593073593 0.09125 0.07186147186147186
0 0.3628125 0.06147186147186147 0.0925 0.09437229437229437
0 0.4496875 0.04588744588744589 0.091875 0.09177489177489177
0 0.8815625 0.3229437229437229 0.18625 0.1393939393939394
0 0.7459375 0.3502164502164502 0.09625 0.11168831168831168
0 0.3990625 0.41818181818181815 0.094375 0.10735930735930736
0 0.5725 0.38614718614718613 0.09375 0.10303030303030303
0 0.4871875 0.4108225108225108 0.094375 0.10476190476190476
0 0.3159375 0.44545454545454544 0.091875 0.1038961038961039
0 0.6603125 0.3787878787878788 0.09375 0.1038961038961039
0 0.18625 0.47489177489177486 0.17875 0.12294372294372294
0 0.031875 0.13116883116883116 0.06375 0.09956709956709957
0 0.0571875 0.5025974025974026 0.09125 0.10476190476190476
0 0.2790625 0.08095238095238096 0.09375 0.10043290043290043
0 0.10625 0.11645021645021646 0.0925 0.1012987012987013
0 0.194375 0.09913419913419913 0.096875 0.1038961038961039
0 0.9309375 0.40086580086580087 0.095625 0.10822510822510822
0 0.5809375 0.47575757575757577 0.09375 0.10562770562770563
0 0.8434375 0.42987012987012985 0.098125 0.11082251082251082
0 0.356875 0.5281385281385281 0.179375 0.13593073593073593
0 0.4878125 0.503030303030303 0.095625 0.10303030303030303
0 0.7109375 0.46320346320346323 0.18 0.12467532467532468
0 0.228125 0.5593073593073593 0.095625 0.10562770562770563
0 0.0525 0.5943722943722943 0.101875 0.10562770562770563
0 0.1446875 0.5783549783549784 0.09125 0.10043290043290043
0 0.89 0.5043290043290043 0.184375 0.1341991341991342
0 0.533125 0.5792207792207792 0.176875 0.129004329004329
0 0.7553125 0.5432900432900433 0.09625 0.10995670995670996
0 0.4028125 0.612987012987013 0.093125 0.10649350649350649
0 0.6675 0.5627705627705628 0.0925 0.10649350649350649
0 0.2009375 0.6554112554112554 0.12875 0.11341991341991342
0 0.0678125 0.6813852813852814 0.09375 0.09956709956709957
0 0.3196875 0.6367965367965368 0.091875 0.10649350649350649
0 0.939375 0.5796536796536796 0.095 0.10216450216450217
0 0.5934375 0.6593073593073593 0.09125 0.10476190476190476
0 0.506875 0.6800865800865801 0.09375 0.10735930735930736
0 0.8525 0.6142857142857143 0.095625 0.10476190476190476
0 0.0684375 0.7683982683982684 0.09875 0.10476190476190476
0 0.3753125 0.7116883116883117 0.17875 0.12813852813852813
0 0.7225 0.6445887445887446 0.179375 0.12467532467532468
0 0.1590625 0.7567099567099567 0.09125 0.10216450216450217
0 0.2446875 0.7415584415584415 0.0925 0.10216450216450217
0 0.9003125 0.6844155844155844 0.180625 0.13246753246753246
0 0.554375 0.7701298701298701 0.176875 0.12380952380952381
0 0.2140625 0.8372294372294372 0.175625 0.12294372294372294
0 0.7740625 0.729004329004329 0.093125 0.1038961038961039
0 0.42625 0.7965367965367965 0.0925 0.10303030303030303
0 0.0875 0.8627705627705627 0.09125 0.1038961038961039
0 0.343125 0.8147186147186147 0.090625 0.10476190476190476
0 0.688125 0.7506493506493507 0.0925 0.0987012987012987
0 0.9565625 0.7614718614718615 0.086875 0.10995670995670996
0 0.876875 0.7878787878787878 0.096875 0.11168831168831168