0 0.06807692307692308 0.2006269592476489 0.13615384615384615 0.10658307210031348
0 0.815 0.148380355276907 0.2753846153846154 0.11389759665621735
0 0.27115384615384613 0.1896551724137931 0.2746153846153846 0.12016718913270637
0 0.5434615384615384 0.17136886102403343 0.27384615384615385 0.11494252873563218
0 0.9030769230769231 0.2361546499477534 0.1776923076923077 0.10762800417972831
0 0.1423076923076923 0.290491118077325 0.27615384615384614 0.11494252873563218
0 0.6811538461538461 0.2554858934169279 0.2692307692307692 0.11076280041797283
0 0.4126923076923077 0.2769070010449321 0.27 0.11076280041797283
0 0.8223076923076923 0.33646812957157785 0.27307692307692305 0.11180773249738767
0 0.551923076923077 0.35893416927899685 0.27076923076923076 0.11180773249738767
0 0.07461538461538461 0.3934169278996865 0.14923076923076922 0.10553814002089865
0 0.28307692307692306 0.3793103448275862 0.2746153846153846 0.11598746081504702
0 0.9103846153846153 0.422675026123302 0.1776923076923077 0.10344827586206896
0 0.688076923076923 0.44096133751306166 0.27153846153846156 0.11389759665621735
0 0.41884615384615387 0.46342737722048066 0.27076923076923076 0.11285266457680251
0 0.14884615384615385 0.4832810867293626 0.2753846153846154 0.11180773249738767
0 0.8296153846153846 0.5240334378265413 0.27384615384615385 0.109717868338558
0 0.5588461538461539 0.5454545454545454 0.27307692307692305 0.11598746081504702
0 0.29 0.5658307210031348 0.27307692307692305 0.11076280041797283
0 0.07846153846153846 0.5835945663531871 0.15384615384615385 0.10344827586206896
0 0.92 0.6102403343782654 0.16 0.1044932079414838
0 0.7069230769230769 0.6280041797283177 0.27153846153846156 0.11285266457680251
0 0.4380769230769231 0.6489028213166145 0.27 0.11180773249738767
0 0.16615384615384615 0.6713688610240335 0.27692307692307694 0.11180773249738767
0 0.9003846153846153 0.04806687565308255 0.16846153846153847 0.0961337513061651
0 0.835 0.7110762800417972 0.27307692307692305 0.11180773249738767
0 0.565 0.7335423197492164 0.27384615384615385 0.11494252873563218
0 0.08423076923076923 0.7701149425287356 0.15076923076923077 0.1044932079414838
0 0.295 0.7554858934169278 0.2753846153846154 0.11180773249738767
0 0.13653846153846153 0.10083594566353186 0.27307692307692305 0.1180773249738767
0 0.6807692307692308 0.06269592476489028 0.27615384615384614 0.11703239289446186
0 0.40923076923076923 0.0851619644723093 0.27307692307692305 0.11285266457680251
0 0.9196153846153846 0.7983281086729362 0.16076923076923078 0.1044932079414838
0 0.7038461538461539 0.8171368861024033 0.27692307692307694 0.11598746081504702
0 0.4330769230769231 0.8385579937304075 0.27153846153846156 0.11076280041797283
0 0.16038461538461538 0.8594566353187043 0.2784615384615385 0.11494252873563218