0 0.7857692307692308 0.13622129436325678 0.27384615384615385 0.11377870563674322
0 0.30615384615384617 0.0918580375782881 0.13615384615384615 0.10960334029227557
0 0.5080769230769231 0.11899791231732777 0.27307692307692305 0.1127348643006263
0 0.963076923076923 0.16440501043841335 0.07384615384615385 0.09707724425887265
0 0.1823076923076923 0.1534446764091858 0.1276923076923077 0.09812108559498957
0 0.06153846153846154 0.14561586638830898 0.09076923076923077 0.08768267223382047
0 0.5834615384615385 0.21555323590814196 0.14846153846153845 0.10125260960334029
0 0.8807692307692307 0.24373695198329853 0.15461538461538463 0.11377870563674322
0 0.7361538461538462 0.23068893528183715 0.1423076923076923 0.10438413361169102
0 0.3723076923076923 0.2035490605427975 0.2630769230769231 0.12212943632567849
0 0.7361538461538462 0.04645093945720251 0.1276923076923077 0.061586638830897704
0 0.8696153846153846 0.06210855949895616 0.13230769230769232 0.06680584551148225
0 0.12576923076923077 0.24008350730688935 0.23 0.10647181628392484
0 0.6007692307692307 0.038100208768267224 0.12615384615384614 0.0709812108559499
0 0.30653846153846154 0.27505219206680587 0.12307692307692308 0.08872651356993737
0 0.6676923076923077 0.3105427974947808 0.2376923076923077 0.10855949895615867
0 0.8934615384615384 0.3397703549060543 0.21307692307692308 0.1304801670146138
0 0.24384615384615385 0.024008350730688934 0.2692307692307692 0.04801670146137787
0 0.4442307692307692 0.30427974947807934 0.13230769230769232 0.09812108559498957
0 0.4653846153846154 0.03549060542797495 0.13538461538461538 0.0709812108559499
0 0.06 0.31210855949895616 0.10615384615384615 0.0720250521920668
0 0.245 0.34133611691022964 0.2569230769230769 0.11586638830897704
0 0.5061538461538462 0.38308977035490605 0.25384615384615383 0.12212943632567849
0 0.7965384615384615 0.41597077244258873 0.2915384615384615 0.12526096033402923
0 0.13230769230769232 0.39979123173277664 0.2592307692307692 0.11064718162839249
0 0.6557692307692308 0.4754697286012526 0.26153846153846155 0.10438413361169102
0 0.39 0.4535490605427975 0.26 0.12108559498956159
0 0.9157692307692308 0.5120041753653445 0.16846153846153847 0.09081419624217119
0 0.055 0.47286012526096033 0.11 0.09394572025052192
0 0.1776923076923077 0.4879958246346555 0.12230769230769231 0.07620041753653445
0 0.5726923076923077 0.5490605427974948 0.14153846153846153 0.09290187891440502
0 0.30615384615384617 0.5245302713987474 0.13153846153846155 0.10020876826722339
0 0.7203846153846154 0.56419624217119 0.14615384615384616 0.09081419624217119
0 0.8765384615384615 0.581419624217119 0.12230769230769231 0.08663883089770355
0 0.43615384615384617 0.5422755741127349 0.13615384615384615 0.08977035490605428
0 0.9676923076923077 0.5949895615866388 0.06076923076923077 0.08559498956158663
0 0.11846153846153847 0.5741127348643006 0.23692307692307693 0.11899791231732777
0 0.38153846153846155 0.6059498956158664 0.22153846153846155 0.09812108559498957
0 0.6442307692307693 0.639874739039666 0.2723076923076923 0.10438413361169102
0 0.8946153846153846 0.6670146137787056 0.2 0.10960334029227557
0 0.05038461538461538 0.6424843423799582 0.10076923076923076 0.08872651356993737
0 0.5623076923076923 0.7025052192066806 0.10692307692307693 0.07411273486430063
0 0.16615384615384615 0.6691022964509394 0.13615384615384615 0.09081419624217119
0 0.43615384615384617 0.6993736951983298 0.13307692307692306 0.09916492693110647
0 0.6988461538461539 0.7249478079331941 0.13153846153846155 0.08663883089770355
0 0.8357692307692308 0.7406054279749478 0.1346153846153846 0.0918580375782881
0 0.29615384615384616 0.6905010438413361 0.12461538461538461 0.09498956158663883
0 0.11807692307692308 0.738517745302714 0.23615384615384616 0.12212943632567849
0 0.6326923076923077 0.8011482254697286 0.27384615384615385 0.10960334029227557
0 0.36423076923076925 0.7766179540709812 0.26615384615384613 0.11169102296450939
0 0.8757692307692307 0.831419624217119 0.22 0.1127348643006263
0 0.05038461538461538 0.8068893528183716 0.10076923076923076 0.06889352818371608
0 0.16576923076923078 0.8350730688935282 0.1346153846153846 0.08977035490605428
0 0.29615384615384616 0.8502087682672234 0.12846153846153846 0.08350730688935282
0 0.6892307692307692 0.8877870563674322 0.13615384615384615 0.08768267223382047
0 0.8257692307692308 0.9008350730688935 0.1346153846153846 0.081419624217119
0 0.5542307692307692 0.8752609603340292 0.13153846153846155 0.08455114822546973
0 0.42153846153846153 0.8637787056367432 0.12461538461538461 0.0824634655532359
0 0.13076923076923078 0.05793319415448852 0.22076923076923077 0.10855949895615867