0 0.0890625 0.8865800865800866 0.161875 0.11948051948051948
0 0.71 0.858008658008658 0.3625 0.12813852813852813
0 0.9453125 0.8467532467532467 0.109375 0.11601731601731602
0 0.065 0.1251082251082251 0.13 0.13593073593073593
0 0.31 0.11948051948051948 0.365 0.1471861471861472
0 0.67375 0.1038961038961039 0.36875 0.14891774891774892
0 0.9334375 0.09090909090909091 0.11625 0.13246753246753246
0 0.1603125 0.2532467532467532 0.320625 0.14632034632034632
0 0.83875 0.22597402597402597 0.311875 0.14545454545454545
0 0.503125 0.24415584415584415 0.366875 0.14372294372294372
0 0.071875 0.3865800865800866 0.14375 0.1341991341991342
0 0.93625 0.3489177489177489 0.12375 0.1316017316017316
0 0.3271875 0.37965367965367963 0.3675 0.1393939393939394
0 0.69125 0.3632034632034632 0.364375 0.14372294372294372
0 0.1615625 0.5095238095238095 0.323125 0.14112554112554113
0 0.5065625 0.4961038961038961 0.364375 0.14025974025974025
0 0.84375 0.48138528138528136 0.3125 0.14025974025974025
0 0.0775 0.6402597402597403 0.151875 0.12987012987012986
0 0.6953125 0.6125541125541125 0.366875 0.14285714285714285
0 0.333125 0.6298701298701299 0.360625 0.13766233766233765
0 0.9390625 0.6038961038961039 0.121875 0.13073593073593073
0 0.168125 0.7614718614718615 0.32625 0.14285714285714285
0 0.511875 0.7458874458874459 0.366875 0.14545454545454545
0 0.8478125 0.732034632034632 0.304375 0.1393939393939394
0 0.3478125 0.8722943722943723 0.36 0.13073593073593073