0 0.8959700093720713 0.74 0.11808809746954077 0.10923076923076923
0 0.5880974695407685 0.7811538461538462 0.18556701030927836 0.12384615384615384
0 0.7600749765698219 0.7665384615384615 0.16494845360824742 0.09
0 0.1387066541705717 0.8392307692307692 0.1733833177132146 0.1076923076923077
0 0.3209934395501406 0.8476923076923077 0.1724461105904405 0.09538461538461539
0 0.485941893158388 0.8511538461538461 0.1790065604498594 0.12615384615384614
0 0.7919400187441424 0.8334615384615385 0.15370196813495782 0.08153846153846153
0 0.6443298969072165 0.8619230769230769 0.16119962511715089 0.07923076923076923
0 0.15463917525773196 0.9130769230769231 0.1733833177132146 0.09307692307692307
0 0.3406747891283974 0.9142307692307692 0.16119962511715089 0.07153846153846154
0 0.4475164011246485 0.09538461538461539 0.16776007497656983 0.11153846153846154
0 0.8191190253045924 0.8992307692307693 0.15651358950328023 0.08
0 0.09137769447047797 0.12653846153846154 0.1640112464854733 0.10461538461538461
0 0.49953139643861294 0.9396153846153846 0.16119962511715089 0.11
0 0.6522961574507966 0.9303846153846154 0.12652296157450796 0.0876923076923077
0 0.190253045923149 0.9638461538461538 0.17057169634489222 0.07230769230769231
0 0.35098406747891286 0.9661538461538461 0.1640112464854733 0.06769230769230769
0 0.8214620431115276 0.9542307692307692 0.15089034676663543 0.05384615384615385
0 0.014526710402999063 0.165 0.029053420805998126 0.07923076923076923
0 0.6344892221180881 0.1123076923076923 0.1846298031865042 0.10538461538461538
0 0.7924086223055296 0.11153846153846154 0.16213683223992503 0.1
0 0.31208997188378634 0.17038461538461538 0.1696344892221181 0.10846153846153846
0 0.48125585754451733 0.18115384615384617 0.1958762886597938 0.12230769230769231
0 0.12933458294283037 0.22576923076923078 0.18744142455482662 0.10923076923076923
0 0.02296157450796626 0.24461538461538462 0.04592314901593252 0.09076923076923077
0 0.6593252108716027 0.195 0.17713214620431114 0.11
0 0.810215557638238 0.19884615384615384 0.14620431115276475 0.09230769230769231
0 0.3622305529522024 0.2623076923076923 0.17432052483598875 0.10076923076923076
0 0.09090909090909091 0.05846153846153846 0.1733833177132146 0.06538461538461539
0 0.5248359887535146 0.2742307692307692 0.1836925960637301 0.11923076923076924
0 0.15604498594189317 0.3096153846153846 0.17994376757263356 0.10615384615384615
0 0.04029990627928772 0.34 0.08059981255857544 0.08307692307692308
0 0.6925960637300843 0.29 0.1733833177132146 0.10538461538461538
0 0.8359887535145267 0.30230769230769233 0.12652296157450796 0.10384615384615385
0 0.3364573570759138 0.3484615384615385 0.17994376757263356 0.10384615384615385
0 0.009840674789128397 0.07807692307692307 0.019681349578256794 0.07769230769230769
0 0.5299906279287723 0.36153846153846153 0.1836925960637301 0.12461538461538461
0 0.1682286785379569 0.4003846153846154 0.17713214620431114 0.12153846153846154
0 0.04592314901593252 0.42653846153846153 0.09184629803186505 0.08538461538461538
0 0.6916588566073102 0.37384615384615383 0.1733833177132146 0.11153846153846154
0 0.8584817244611059 0.39076923076923076 0.10402999062792877 0.10384615384615385
0 0.3655107778819119 0.435 0.16869728209934395 0.10076923076923076
0 0.612933458294283 0.04115384615384615 0.17994376757263356 0.0823076923076923
0 0.5346766635426429 0.46192307692307694 0.18088097469540768 0.10230769230769231
0 0.15229615745079664 0.5019230769230769 0.1846298031865042 0.13
0 0.03467666354264293 0.5126923076923077 0.06935332708528585 0.09923076923076923
0 0.7366447985004686 0.46192307692307694 0.1733833177132146 0.09307692307692307
0 0.3233364573570759 0.52 0.16869728209934395 0.09153846153846154
0 0.7806935332708529 0.03807692307692308 0.16494845360824742 0.07615384615384616
0 0.6007497656982193 0.5357692307692308 0.18275538894095594 0.10230769230769231
0 0.04592314901593252 0.5973076923076923 0.08247422680412371 0.09384615384615384
0 0.760543580131209 0.5380769230769231 0.13495782567947517 0.07769230769230769
0 0.17760074976569823 0.5973076923076923 0.17432052483598875 0.13
0 0.4240862230552952 0.5896153846153847 0.1696344892221181 0.10230769230769231
0 0.6002811621368322 0.6130769230769231 0.18556701030927836 0.11692307692307692
0 0.7727272727272727 0.6034615384615385 0.17432052483598875 0.08923076923076922
0 0.08247422680412371 0.6857692307692308 0.13120899718837864 0.08538461538461538
0 0.27319587628865977 0.6715384615384615 0.190253045923149 0.13923076923076924
0 0.45735707591377694 0.676923076923077 0.16776007497656983 0.1
0 0.7952202436738519 0.6803846153846154 0.17525773195876287 0.10923076923076923
0 0.6218369259606373 0.6965384615384616 0.17432052483598875 0.10461538461538461
0 0.27413308341143394 0.08807692307692308 0.18556701030927836 0.10846153846153846
0 0.2582005623242737 0.7534615384615385 0.18556701030927836 0.12846153846153846
0 0.0979381443298969 0.7684615384615384 0.1415182755388941 0.10538461538461538
0 0.42924086223055297 0.7565384615384615 0.1893158388003749 0.12384615384615384