0 0.8630834114339269 0.7725615384615385 0.10585754451733838 0.10034615384615388
0 0.5519306466729147 0.7870384615384616 0.17253983130271786 0.1099000000000001
0 0.7249390815370197 0.7873384615384615 0.15564198687910022 0.07686923076923073
0 0.09755388940955952 0.8062615384615386 0.16232427366447985 0.09429230769230763
0 0.2778819119025305 0.8305846153846154 0.16298031865042173 0.08167692307692295
0 0.44146204311152765 0.8480000000000001 0.16526710402999065 0.11290769230769246
0 0.7479850046860357 0.8567076923076923 0.14611996251171516 0.06906153846153862
0 0.5972914714151827 0.8723230769230769 0.1534957825679475 0.06666153846153836
0 0.10413308341143394 0.8810307692307692 0.1637863167760075 0.07927692307692304
0 0.28885660731021556 0.8984461538461539 0.15419868791002808 0.05885384615384632
0 0.4992221180880974 0.09294615384615385 0.15604498594189317 0.09849230769230768
0 0.7666447985004686 0.9242692307692307 0.14830365510777882 0.0672615384615385
0 0.14139643861293347 0.09363846153846155 0.1536551077788191 0.09156153846153846
0 0.44366447985004687 0.9371846153846153 0.14917525773195878 0.09789230769230786
0 0.5965604498594189 0.9410846153846154 0.1169165885660731 0.07807692307692307
0 0.13083411433926898 0.9494923076923076 0.16011246485473288 0.08888461538461552
0 0.29104967197750703 0.9615076923076923 0.15566073102155578 0.07566923076923068
0 0.7619493908153702 0.9792307692307692 0.14620431115276475 0.04153846153846154
0 0.03512652296157451 0.1232 0.06984067478912839 0.0737923076923077
0 0.6830646672914714 0.1258923076923077 0.17387066541705715 0.09086923076923077
0 0.8402249297094658 0.13872307692307692 0.1518369259606373 0.0874
0 0.35516401124648544 0.15606923076923077 0.15864104967197748 0.09572307692307694
0 0.5221087160262419 0.1813846153846154 0.18323336457357076 0.1075153846153846
0 0.16631677600749767 0.19560769230769232 0.1764573570759138 0.09433076923076925
0 0.038200562324273664 0.20345384615384615 0.07575445173383318 0.08483076923076921
0 0.6974320524835989 0.21051538461538463 0.16541705716963448 0.09641538461538464
0 0.846991565135895 0.22716153846153847 0.1366260543580131 0.08115384615384616
0 0.3931771321462043 0.2517923076923077 0.16369259606373004 0.0874
0 0.14948453608247422 0.02576923076923077 0.16776007497656983 0.05153846153846154
0 0.5533739456419869 0.27745384615384616 0.17138706654170566 0.10543076923076927
0 0.18194939081537018 0.28126923076923077 0.1688472352389878 0.0922538461538462
0 0.049690721649484536 0.3005076923076923 0.09868791002811621 0.0747769230769231
0 0.7181443298969072 0.30762307692307694 0.16288659793814428 0.09225384615384612
0 0.8592502343017807 0.3322538461538462 0.1155107778819119 0.09433076923076923
0 0.35642924086223055 0.3353692307692308 0.1696344892221181 0.08947692307692302
0 0.03638238050609184 0.03594615384615384 0.07227741330834114 0.07188461538461538
0 0.5474414245548266 0.3649230769230769 0.17066541705716962 0.11040769230769229
0 0.18280224929709468 0.3724846153846154 0.16379568884723522 0.10820769230769232
0 0.05012183692596063 0.3872769230769231 0.097825679475164 0.0775923076923077
0 0.706738519212746 0.3908615384615385 0.1620431115276477 0.09780000000000004
0 0.8702343017806935 0.4220769230769231 0.09184629803186505 0.0964153846153846
0 0.374601686972821 0.42380769230769233 0.15864104967197748 0.08739999999999996
0 0.6725117150890347 0.0437 0.16964386129334583 0.0874
0 0.5393626991565136 0.4650846153846154 0.17040299906279283 0.08809230769230768
0 0.15407685098406748 0.4720153846153846 0.1705623242736645 0.11583846153846147
0 0.03295220243673851 0.4725230769230769 0.06365510777881914 0.09410769230769224
0 0.7401124648547329 0.4824230769230769 0.16456419868790995 0.0797692307692308
0 0.32179006560449863 0.5046153846153846 0.1595126522961575 0.07837692307692315
0 0.839381443298969 0.05445384615384616 0.1552108716026241 0.08393076923076923
0 0.5954639175257732 0.5443384615384615 0.17277413308341136 0.08819230769230776
0 0.036185567010309276 0.5576846153846154 0.0717244611059044 0.08814615384615378
0 0.7544798500468604 0.5601076923076923 0.12738519212746025 0.0672846153846154
0 0.16674789128397374 0.569123076923077 0.16042174320524838 0.117223076923077
0 0.41304592314901595 0.5826538461538462 0.1594751640112465 0.08878461538461543
0 0.5852764761012184 0.621123076923077 0.17339268978444236 0.10288461538461538
0 0.7578350515463917 0.6261923076923076 0.16529522024367396 0.07551538461538466
0 0.06119962511715089 0.6489076923076923 0.12239925023430177 0.07506923076923071
0 0.2526429240862231 0.6510153846153847 0.17542642924086221 0.12491538461538469
0 0.43524835988753513 0.6723307692307692 0.1572258669165885 0.08708461538461541
0 0.7707966260543581 0.7047461538461538 0.16405810684161196 0.09579230769230768
0 0.5963917525773196 0.7057615384615384 0.16351452671040304 0.09072307692307696
0 0.3276944704779756 0.07110000000000001 0.17470477975632612 0.09363846153846156
0 0.22740393626991565 0.7314846153846154 0.17178069353327083 0.11410769230769224
0 0.06610121836925961 0.7326923076923076 0.13014995313964386 0.09489230769230761
0 0.39720712277413306 0.7489076923076924 0.17626054358013127 0.10929999999999994