0 0.3942307692307692 0.19427083333333334 0.045384615384615384 0.12083333333333333
0 0.03576923076923077 0.17916666666666667 0.04846153846153846 0.13541666666666666
0 0.9865384615384616 0.22760416666666666 0.026923076923076925 0.121875
0 0.08076923076923077 0.18489583333333334 0.046153846153846156 0.134375
0 0.17038461538461538 0.19114583333333332 0.045384615384615384 0.121875
0 0.21461538461538462 0.19375 0.04461538461538461 0.12395833333333334
0 0.7434615384615385 0.21927083333333333 0.04230769230769231 0.12395833333333334
0 0.9584615384615385 0.2296875 0.03230769230769231 0.11979166666666667
0 0.12653846153846154 0.19010416666666666 0.046153846153846156 0.12916666666666668
0 0.3073076923076923 0.19895833333333332 0.04846153846153846 0.13333333333333333
0 0.26153846153846155 0.196875 0.04923076923076923 0.13125
0 0.7 0.21770833333333334 0.043076923076923075 0.11770833333333333
0 0.8269230769230769 0.225 0.040769230769230766 0.12291666666666666
0 0.4380769230769231 0.20677083333333332 0.04692307692307692 0.12916666666666668
0 0.5280769230769231 0.21197916666666666 0.046153846153846156 0.125
0 0.6184615384615385 0.21614583333333334 0.04692307692307692 0.12708333333333333
0 0.9230769230769231 0.23072916666666668 0.04384615384615385 0.12395833333333334
0 0.6592307692307692 0.21822916666666667 0.040769230769230766 0.12083333333333333
0 0.575 0.21458333333333332 0.05 0.13229166666666667
0 0.7857692307692308 0.22552083333333334 0.043076923076923075 0.125
0 0.35115384615384615 0.20520833333333333 0.045384615384615384 0.12604166666666666
0 0.4815384615384615 0.21145833333333333 0.04461538461538461 0.125
0 0.8723076923076923 0.23333333333333334 0.04153846153846154 0.121875
0 0.8123076923076923 0.3458333333333333 0.04692307692307692 0.11875
0 0.9753846153846154 0.3541666666666667 0.04846153846153846 0.12291666666666666
0 0.9326923076923077 0.35260416666666666 0.045384615384615384 0.12083333333333333
0 0.7238461538461538 0.34375 0.04153846153846154 0.11979166666666667
0 0.8934615384615384 0.35260416666666666 0.043076923076923075 0.12083333333333333
0 0.038461538461538464 0.31302083333333336 0.04923076923076923 0.13125
0 0.17615384615384616 0.3203125 0.04692307692307692 0.12708333333333333
0 0.22 0.3229166666666667 0.046153846153846156 0.12916666666666668
0 0.3942307692307692 0.33125 0.04384615384615385 0.128125
0 0.43884615384615383 0.3338541666666667 0.04692307692307692 0.128125
0 0.4930769230769231 0.33697916666666666 0.04692307692307692 0.12395833333333334
0 0.7707692307692308 0.35 0.04153846153846154 0.12291666666666666
0 0.08423076923076923 0.3177083333333333 0.04692307692307692 0.12916666666666668
0 0.1296153846153846 0.32083333333333336 0.05 0.13125
0 0.6284615384615385 0.34479166666666666 0.04692307692307692 0.12604166666666666
0 0.30923076923076925 0.3296875 0.04692307692307692 0.125
0 0.8576923076923076 0.35625 0.04846153846153846 0.12395833333333334
0 0.2653846153846154 0.32864583333333336 0.046153846153846156 0.12291666666666666
0 0.5411538461538462 0.3416666666666667 0.047692307692307694 0.12604166666666666
0 0.35115384615384615 0.3328125 0.04153846153846154 0.12708333333333333
0 0.6834615384615385 0.3489583333333333 0.043076923076923075 0.12604166666666666
0 0.5838461538461538 0.3453125 0.04923076923076923 0.125
0 0.9323076923076923 0.4765625 0.043076923076923075 0.11770833333333333
0 0.8096153846153846 0.4708333333333333 0.03923076923076923 0.12083333333333333
0 0.9730769230769231 0.4796875 0.04461538461538461 0.11875
0 0.7307692307692307 0.46927083333333336 0.04230769230769231 0.11875
0 0.7696153846153846 0.4734375 0.04230769230769231 0.11979166666666667
0 0.8957692307692308 0.4796875 0.043076923076923075 0.12083333333333333
0 0.8515384615384616 0.4796875 0.04384615384615385 0.11979166666666667
0 0.17653846153846153 0.4479166666666667 0.05076923076923077 0.13125
0 0.2226923076923077 0.4515625 0.04923076923076923 0.12916666666666668
0 0.039615384615384615 0.4432291666666667 0.04923076923076923 0.13125
0 0.4411538461538462 0.4630208333333333 0.04846153846153846 0.12916666666666668
0 0.6915384615384615 0.475 0.04230769230769231 0.12083333333333333
0 0.13115384615384615 0.44895833333333335 0.05 0.12916666666666668
0 0.5688461538461539 0.4703125 0.043076923076923075 0.12604166666666666
0 0.08615384615384615 0.4473958333333333 0.05153846153846154 0.13229166666666667
0 0.2692307692307692 0.45625 0.04923076923076923 0.13125
0 0.4857692307692308 0.4666666666666667 0.043076923076923075 0.13125
0 0.6503846153846153 0.475 0.04153846153846154 0.121875
0 0.39807692307692305 0.4630208333333333 0.04692307692307692 0.13020833333333334
0 0.6096153846153847 0.4739583333333333 0.045384615384615384 0.12916666666666668
0 0.31384615384615383 0.45989583333333334 0.04692307692307692 0.13229166666666667
0 0.5292307692307693 0.4713541666666667 0.04230769230769231 0.12916666666666668
0 0.35384615384615387 0.4640625 0.043076923076923075 0.125
0 0.96 0.6057291666666667 0.04461538461538461 0.11666666666666667
0 0.8038461538461539 0.5989583333333334 0.04461538461538461 0.121875
0 0.8423076923076923 0.6010416666666667 0.040769230769230766 0.121875
0 0.9180769230769231 0.6046875 0.046153846153846156 0.11666666666666667
0 0.7203846153846154 0.5963541666666666 0.045384615384615384 0.12395833333333334
0 0.8811538461538462 0.6041666666666666 0.04230769230769231 0.11666666666666667
0 0.676923076923077 0.596875 0.04461538461538461 0.12291666666666666
0 0.7626923076923077 0.6015625 0.04461538461538461 0.11979166666666667
0 0.6365384615384615 0.5979166666666667 0.045384615384615384 0.12395833333333334
0 0.46884615384615386 0.5921875 0.046153846153846156 0.12395833333333334
0 0.4238461538461539 0.590625 0.043076923076923075 0.125
0 0.5946153846153847 0.5984375 0.047692307692307694 0.12291666666666666
0 0.5538461538461539 0.596875 0.043076923076923075 0.12291666666666666
0 0.25346153846153846 0.5838541666666667 0.04384615384615385 0.128125
0 0.3384615384615385 0.5880208333333333 0.04461538461538461 0.11979166666666667
0 0.5130769230769231 0.596875 0.045384615384615384 0.12291666666666666
0 0.2103846153846154 0.5828125 0.046153846153846156 0.12916666666666668
0 0.29615384615384616 0.5869791666666667 0.043076923076923075 0.12604166666666666
0 0.38153846153846155 0.5911458333333334 0.04461538461538461 0.125
0 0.16346153846153846 0.58125 0.04846153846153846 0.13125
0 0.026923076923076925 0.5755208333333334 0.047692307692307694 0.134375
0 0.07115384615384615 0.5786458333333333 0.047692307692307694 0.13645833333333332
0 0.11730769230769231 0.5817708333333333 0.05153846153846154 0.134375
0 0.047692307692307694 0.0546875 0.046153846153846156 0.109375
0 0.37038461538461537 0.06510416666666667 0.045384615384615384 0.13020833333333334
0 0.4165384615384615 0.065625 0.045384615384615384 0.12916666666666668
0 0.9761538461538461 0.734375 0.03923076923076923 0.115625
0 0.935 0.7333333333333333 0.040769230769230766 0.11770833333333333
0 0.6896153846153846 0.7265625 0.04461538461538461 0.11875
0 0.8588461538461538 0.7348958333333333 0.046153846153846156 0.11979166666666667
0 0.8184615384615385 0.7338541666666667 0.046153846153846156 0.11354166666666667
0 0.7330769230769231 0.7296875 0.045384615384615384 0.11875
0 0.9 0.7385416666666667 0.045384615384615384 0.115625
0 0.6423076923076924 0.7265625 0.045384615384615384 0.11875
0 0.7765384615384615 0.734375 0.045384615384615384 0.11666666666666667
0 0.6042307692307692 0.7265625 0.04384615384615385 0.11979166666666667
0 0.33692307692307694 0.7166666666666667 0.04384615384615385 0.12291666666666666
0 0.1576923076923077 0.7088541666666667 0.046153846153846156 0.12604166666666666
0 0.4257692307692308 0.7213541666666666 0.045384615384615384 0.125
0 0.38153846153846155 0.7208333333333333 0.04461538461538461 0.125
0 0.4684615384615385 0.725 0.045384615384615384 0.12708333333333333
0 0.295 0.7171875 0.047692307692307694 0.12916666666666668
0 0.11192307692307692 0.7098958333333333 0.04692307692307692 0.12395833333333334
0 0.09576923076923077 0.059895833333333336 0.05 0.11979166666666667
0 0.25 0.7177083333333333 0.04846153846153846 0.13125
0 0.2026923076923077 0.7161458333333334 0.045384615384615384 0.128125
0 0.5634615384615385 0.7338541666666667 0.04692307692307692 0.125
0 0.023846153846153847 0.7088541666666667 0.047692307692307694 0.13229166666666667
0 0.06769230769230769 0.7109375 0.04846153846153846 0.12916666666666668
0 0.5134615384615384 0.7328125 0.046153846153846156 0.11979166666666667
0 0.23653846153846153 0.0640625 0.045384615384615384 0.128125
0 0.28192307692307694 0.06614583333333333 0.046153846153846156 0.128125
0 0.14153846153846153 0.0625 0.04923076923076923 0.125
0 0.3269230769230769 0.06927083333333334 0.04846153846153846 0.12916666666666668
0 0.19 0.06458333333333334 0.05076923076923077 0.12916666666666668
0 0.4584615384615385 0.07864583333333333 0.046153846153846156 0.12708333333333333
0 0.5873076923076923 0.08489583333333334 0.045384615384615384 0.12916666666666668
0 0.9234615384615384 0.10052083333333334 0.04153846153846154 0.12395833333333334
0 0.9907692307692307 0.10364583333333334 0.018461538461538463 0.121875
0 0.6307692307692307 0.0875 0.04461538461538461 0.12708333333333333
0 0.5446153846153846 0.08333333333333333 0.045384615384615384 0.13020833333333334
0 0.5011538461538462 0.08229166666666667 0.04384615384615385 0.12916666666666668
0 0.9619230769230769 0.1046875 0.043076923076923075 0.12083333333333333
0 0.9715384615384616 0.8546875 0.04153846153846154 0.11354166666666667
0 0.7123076923076923 0.09322916666666667 0.04230769230769231 0.12395833333333334
0 0.6723076923076923 0.09166666666666666 0.04384615384615385 0.12708333333333333
0 0.9338461538461539 0.8578125 0.04230769230769231 0.1125
0 0.8138461538461539 0.853125 0.04384615384615385 0.11458333333333333
0 0.8942307692307693 0.8588541666666667 0.04230769230769231 0.11354166666666667
0 0.8542307692307692 0.8578125 0.043076923076923075 0.11041666666666666
0 0.6442307692307693 0.8505208333333333 0.043076923076923075 0.11458333333333333
0 0.8396153846153847 0.10052083333333334 0.04461538461538461 0.128125
0 0.755 0.096875 0.04230769230769231 0.125
0 0.6876923076923077 0.8552083333333333 0.04384615384615385 0.11770833333333333
0 0.43538461538461537 0.84375 0.04461538461538461 0.121875
0 0.7723076923076924 0.8598958333333333 0.045384615384615384 0.11666666666666667
0 0.7315384615384616 0.8578125 0.04461538461538461 0.11875
0 0.5211538461538462 0.8479166666666667 0.04384615384615385 0.11979166666666667
0 0.34923076923076923 0.8401041666666667 0.04461538461538461 0.11979166666666667
0 0.6038461538461538 0.8520833333333333 0.043076923076923075 0.11770833333333333
0 0.39192307692307693 0.8427083333333333 0.04384615384615385 0.11770833333333333
0 0.18 0.8333333333333334 0.046153846153846156 0.11875
0 0.5634615384615385 0.8515625 0.045384615384615384 0.11875
0 0.47846153846153844 0.8473958333333333 0.04230769230769231 0.11458333333333333
0 0.09 0.8296875 0.043076923076923075 0.115625
0 0.3069230769230769 0.8395833333333333 0.04461538461538461 0.11666666666666667
0 0.265 0.8385416666666666 0.04230769230769231 0.11458333333333333
0 0.13384615384615384 0.8328125 0.04692307692307692 0.11458333333333333
0 0.011923076923076923 0.8270833333333333 0.023846153846153847 0.1125
0 0.22230769230769232 0.8380208333333333 0.04384615384615385 0.1125
0 0.04692307692307692 0.8302083333333333 0.04461538461538461 0.11145833333333334
0 0.7965384615384615 0.09947916666666666 0.04384615384615385 0.128125
0 0.8815384615384615 0.1046875 0.045384615384615384 0.12291666666666666