0 0.9073076923076923 0.18944392082940623 0.08384615384615385 0.14797360980207352
0 0.1646153846153846 0.07775683317624882 0.07769230769230769 0.1460885956644675
0 0.9838461538461538 0.20452403393025448 0.03230769230769231 0.14514608859566447
0 0.9584615384615385 0.1988689915174364 0.08307692307692308 0.14514608859566447
0 0.803076923076923 0.1757775683317625 0.07769230769230769 0.14514608859566447
0 0.21423076923076922 0.08765315739868049 0.07692307692307693 0.1526861451460886
0 0.3769230769230769 0.11310084825636192 0.07 0.14797360980207352
0 0.48384615384615387 0.12959472196041472 0.06307692307692307 0.14797360980207352
0 0.8569230769230769 0.18614514608859567 0.08 0.14514608859566447
0 0.3219230769230769 0.10603204524033931 0.07384615384615385 0.14891611687087652
0 0.7511538461538462 0.1705937794533459 0.07538461538461538 0.14514608859566447
0 0.2676923076923077 0.09802073515551367 0.07692307692307693 0.15457115928369464
0 0.11038461538461539 0.07492931196983978 0.08538461538461538 0.14985862393967955
0 0.5376923076923077 0.13996229971724788 0.06461538461538462 0.14514608859566447
0 0.065 0.07163053722902922 0.06538461538461539 0.14326107445805844
0 0.4307692307692308 0.12441093308199812 0.07 0.14985862393967955
0 0.6992307692307692 0.16635249764373233 0.07461538461538461 0.14326107445805844
0 0.6457692307692308 0.1588124410933082 0.07615384615384616 0.1460885956644675
0 0.59 0.1526861451460886 0.06923076923076923 0.1460885956644675
0 0.8673076923076923 0.3133836003770028 0.07230769230769231 0.12535344015080113
0 0.9634615384615385 0.32799245994344955 0.07307692307692308 0.1281809613572102
0 0.9857692307692307 0.33317624882186614 0.02846153846153846 0.12535344015080113
0 0.9176923076923077 0.3232799245994345 0.07769230769230769 0.13006597549481622
0 0.8188461538461539 0.3100848256361923 0.07 0.12535344015080113
0 0.7723076923076924 0.3053722902921772 0.07230769230769231 0.13195098963242224
0 0.22538461538461538 0.22384542884071632 0.07307692307692308 0.1291234684260132
0 0.4746153846153846 0.26248821866163996 0.06 0.12723845428840716
0 0.7230769230769231 0.2997172478793591 0.07 0.13100848256361922
0 0.5242307692307693 0.2700282752120641 0.05923076923076923 0.1281809613572102
0 0.17192307692307693 0.2172478793590952 0.07923076923076923 0.1347785108388313
0 0.42653846153846153 0.25683317624882185 0.06 0.1234684260131951
0 0.075 0.20405278039585298 0.07846153846153846 0.13195098963242224
0 0.5726923076923077 0.27898209236569277 0.05923076923076923 0.11969839773798303
0 0.12307692307692308 0.21253534401508012 0.07769230769230769 0.13100848256361922
0 0.6226923076923077 0.2884071630537229 0.06461538461538462 0.12723845428840716
0 0.6730769230769231 0.29594721960414705 0.06692307692307692 0.1234684260131951
0 0.04269230769230769 0.20122525918944392 0.04384615384615385 0.12723845428840716
0 0.325 0.24458058435438265 0.07076923076923076 0.13006597549481622
0 0.37461538461538463 0.2525918944392083 0.06769230769230769 0.13006597549481622
0 0.27384615384615385 0.23798303487276154 0.07538461538461538 0.13666352497643733
0 0.9769230769230769 0.09754948162111216 0.046153846153846156 0.06314797360980208
0 0.7169230769230769 0.058435438265786996 0.06153846153846154 0.06597549481621112
0 0.9342307692307692 0.09142318567389256 0.057692307692307696 0.06597549481621112
0 0.21576923076923077 0.008482563619227144 0.06538461538461539 0.016965127238454288
0 0.6046153846153847 0.04241281809613572 0.06 0.06786050895381715
0 0.5488461538461539 0.033930254476908575 0.057692307692307696 0.06786050895381715
0 0.27115384615384613 0.013195098963242224 0.06384615384615384 0.02639019792648445
0 0.3269230769230769 0.017436380772855798 0.06461538461538462 0.034872761545711596
0 0.6630769230769231 0.05136663524976438 0.06230769230769231 0.06786050895381715
0 0.885 0.08529688972667294 0.06461538461538462 0.06880301602262016
0 0.4926923076923077 0.030160226201696512 0.057692307692307696 0.060320452403393024
0 0.38153846153846155 0.022148916116870875 0.06 0.04429783223374175
0 0.8315384615384616 0.07822808671065033 0.06307692307692307 0.07163053722902922
0 0.4376923076923077 0.027803958529688973 0.06307692307692307 0.05560791705937795
0 0.7746153846153846 0.0706880301602262 0.06615384615384616 0.07351555136663525
0 0.8892307692307693 0.4330819981149859 0.07230769230769231 0.11498586239396795
0 0.9376923076923077 0.44250706880301605 0.07538461538461538 0.12158341187558906
0 0.8453846153846154 0.4293119698397738 0.07076923076923076 0.11875589066918002
0 0.7988461538461539 0.4245994344957587 0.06769230769230769 0.12252591894439209
0 0.7526923076923077 0.4194156456173421 0.06461538461538462 0.117813383600377
0 0.9723076923076923 0.45428840716305374 0.055384615384615386 0.11310084825636192
0 0.7076923076923077 0.41470311027332707 0.06384615384615384 0.11969839773798303
0 0.6611538461538462 0.4095193213949105 0.06153846153846154 0.11875589066918002
0 0.6161538461538462 0.4038642789820924 0.057692307692307696 0.11027332704995288
0 0.38 0.3708765315739868 0.05923076923076923 0.11215834118755891
0 0.42846153846153845 0.3784165881244109 0.055384615384615386 0.11404335532516494
0 0.47384615384615386 0.38501413760603204 0.057692307692307696 0.117813383600377
0 0.5219230769230769 0.39255419415645615 0.05615384615384615 0.11215834118755891
0 0.33153846153846156 0.3656927426955702 0.06538461538461539 0.11875589066918002
0 0.09076923076923077 0.3298774740810556 0.07461538461538461 0.11875589066918002
0 0.2823076923076923 0.3586239396795476 0.06307692307692307 0.11687087653157399
0 0.5676923076923077 0.4019792648444863 0.055384615384615386 0.11404335532516494
0 0.185 0.34448633364750236 0.06923076923076923 0.11969839773798303
0 0.14 0.3393025447690858 0.07076923076923076 0.11875589066918002
0 0.04692307692307692 0.32516493873704055 0.07538461538461538 0.12252591894439209
0 0.23115384615384615 0.35391140433553253 0.07307692307692308 0.11875589066918002
0 0.9096153846153846 0.5499528746465598 0.06846153846153846 0.1055607917059378
0 0.8673076923076923 0.5438265786993403 0.06846153846153846 0.10461828463713478
0 0.8226923076923077 0.5377002827521207 0.06692307692307692 0.10461828463713478
0 0.7803846153846153 0.532516493873704 0.06 0.10367577756833177
0 0.686923076923077 0.5197926484448633 0.05692307692307692 0.10461828463713478
0 0.953076923076923 0.560320452403393 0.07 0.1055607917059378
0 0.6453846153846153 0.5150801131008482 0.05692307692307692 0.10367577756833177
0 0.9796153846153847 0.5655042412818096 0.040769230769230766 0.0999057492931197
0 0.735 0.529688972667295 0.06384615384615384 0.10838831291234684
0 0.5523076923076923 0.5061262959472196 0.05307692307692308 0.10273327049952875
0 0.5957692307692307 0.5127238454288408 0.054615384615384614 0.10461828463713478
0 0.4157692307692308 0.4868049010367578 0.054615384615384614 0.10838831291234684
0 0.46076923076923076 0.4938737040527804 0.054615384615384614 0.10650329877474081
0 0.5076923076923077 0.5009425070688031 0.05384615384615385 0.1055607917059378
0 0.3723076923076923 0.48114985862393966 0.05923076923076923 0.1112158341187559
0 0.021923076923076924 0.43072573044297835 0.04384615384615385 0.10179076343072573
0 0.23423076923076924 0.4641847313854854 0.06692307692307692 0.10933081998114987
0 0.05076923076923077 0.43685202639019793 0.06846153846153846 0.10933081998114987
0 0.18807692307692309 0.4594721960414703 0.06769230769230769 0.10838831291234684
0 0.32653846153846156 0.4816211121583412 0.06153846153846154 0.11027332704995288
0 0.14115384615384616 0.45523091423185674 0.06769230769230769 0.10744580584354382
0 0.2803846153846154 0.4764373232799246 0.06384615384615384 0.1055607917059378
0 0.0926923076923077 0.4505183788878417 0.07307692307692308 0.10744580584354382
0 0.8826923076923077 0.6625824693685203 0.06230769230769231 0.10838831291234684
0 0.8461538461538461 0.6588124410933082 0.06692307692307692 0.09896324222431668
0 0.7580769230769231 0.647502356267672 0.06153846153846154 0.09896324222431668
0 0.7153846153846154 0.6413760603204524 0.05923076923076923 0.09896324222431668
0 0.6715384615384615 0.6357210179076344 0.057692307692307696 0.09896324222431668
0 0.8003846153846154 0.6555136663524976 0.06538461538461539 0.09896324222431668
0 0.9253846153846154 0.6776625824693685 0.06846153846153846 0.09802073515551367
0 0.9653846153846154 0.6837888784165881 0.047692307692307694 0.09613572101790764
0 0.365 0.5975494816211122 0.055384615384615386 0.09802073515551367
0 0.40923076923076923 0.6046182846371347 0.05307692307692308 0.09707822808671066
0 0.6273076923076923 0.6399622997172478 0.05615384615384615 0.09707822808671066
0 0.2323076923076923 0.5805843543826579 0.06307692307692307 0.10273327049952875
0 0.4519230769230769 0.614043355325165 0.05076923076923077 0.09613572101790764
0 0.2773076923076923 0.589066918001885 0.05846153846153846 0.10084825636192271
0 0.31961538461538463 0.5956644674835061 0.05923076923076923 0.10179076343072573
0 0.18615384615384614 0.5758718190386428 0.06769230769230769 0.10179076343072573
0 0.5388461538461539 0.6300659754948162 0.05153846153846154 0.09613572101790764
0 0.05384615384615385 0.5570216776625825 0.06769230769230769 0.0999057492931197
0 0.4946153846153846 0.6239396795475967 0.05153846153846154 0.09519321394910461
0 0.023076923076923078 0.5518378887841658 0.046153846153846156 0.09896324222431668
0 0.5846153846153846 0.6390197926484449 0.05615384615384615 0.09707822808671066
0 0.09653846153846155 0.5655042412818096 0.06923076923076923 0.10273327049952875
0 0.14 0.5721017907634307 0.06461538461538462 0.0999057492931197
0 0.791923076923077 0.7459943449575872 0.055384615384615386 0.08953817153628653
0 0.7103846153846154 0.739396795475966 0.057692307692307696 0.09236569274269557
0 0.6665384615384615 0.732799245994345 0.05307692307692308 0.0942507068803016
0 0.8726923076923077 0.7639019792648445 0.06153846153846154 0.08953817153628653
0 0.9153846153846154 0.7714420358152686 0.06307692307692307 0.09048067860508954
0 0.7515384615384615 0.7488218661639963 0.05615384615384615 0.0885956644674835
0 0.583076923076923 0.7247879359095193 0.04923076923076923 0.08953817153628653
0 0.6253846153846154 0.7318567389255419 0.05307692307692308 0.09142318567389256
0 0.9507692307692308 0.7803958529688972 0.05692307692307692 0.08671065032987747
0 0.41884615384615387 0.7012252591894439 0.04846153846153846 0.08953817153628653
0 0.04423076923076923 0.6451460885956645 0.06461538461538462 0.08953817153628653
0 0.3373076923076923 0.6889726672950047 0.05307692307692308 0.08953817153628653
0 0.5434615384615384 0.7200754005655042 0.05 0.0885956644674835
0 0.8315384615384616 0.7639019792648445 0.06 0.08765315739868049
0 0.018846153846153846 0.6409048067860509 0.03769230769230769 0.09048067860508954
0 0.4592307692307692 0.7092365692742696 0.04846153846153846 0.08765315739868049
0 0.37884615384615383 0.6979264844486334 0.052307692307692305 0.09048067860508954
0 0.08576923076923076 0.6540999057492931 0.06461538461538462 0.09236569274269557
0 0.49961538461538463 0.7177191328934966 0.047692307692307694 0.08576814326107446
0 0.2103846153846154 0.6748350612629594 0.06076923076923077 0.08953817153628653
0 0.2969230769230769 0.6880301602262017 0.05692307692307692 0.08953817153628653
0 0.16807692307692307 0.6687087653157399 0.06230769230769231 0.09142318567389256
0 0.12692307692307692 0.6630537229029217 0.06307692307692307 0.09236569274269557
0 0.2530769230769231 0.6828463713477851 0.05923076923076923 0.08953817153628653
0 0.7323076923076923 0.8242224316682375 0.05384615384615385 0.08199811498586239
0 0.77 0.8312912346842601 0.055384615384615386 0.08105560791705937
0 0.85 0.8440150801131009 0.05692307692307692 0.08294062205466542
0 0.6938461538461539 0.8213949104618284 0.05153846153846154 0.07822808671065033
0 0.6553846153846153 0.8162111215834119 0.05076923076923077 0.08199811498586239
0 0.575 0.8049010367577757 0.046153846153846156 0.08011310084825636
0 0.8134615384615385 0.8411875589066918 0.05692307692307692 0.08105560791705937
0 0.9288461538461539 0.8590951932139491 0.06384615384615384 0.08011310084825636
0 0.8880769230769231 0.8529688972667295 0.06153846153846154 0.08294062205466542
0 0.41615384615384615 0.7822808671065034 0.04846153846153846 0.08199811498586239
0 0.5342307692307692 0.8006597549481621 0.046153846153846156 0.08105560791705937
0 0.6134615384615385 0.8133836003770029 0.046153846153846156 0.08011310084825636
0 0.09692307692307692 0.7360980207351555 0.06 0.08199811498586239
0 0.37615384615384617 0.7785108388312912 0.05 0.08011310084825636
0 0.21653846153846154 0.7549481621112158 0.05384615384615385 0.08011310084825636
0 0.3346153846153846 0.7733270499528746 0.052307692307692305 0.08011310084825636
0 0.495 0.7987747408105561 0.04692307692307692 0.07728557964184732
0 0.295 0.7695570216776626 0.05307692307692308 0.08294062205466542
0 0.057692307692307696 0.7351555136663525 0.06230769230769231 0.08199811498586239
0 0.4546153846153846 0.7945334590009425 0.04692307692307692 0.08105560791705937
0 0.025 0.7285579641847314 0.05 0.08294062205466542
0 0.0057692307692307696 0.7257304429783223 0.011538461538461539 0.08105560791705937
0 0.25653846153846155 0.7662582469368521 0.055384615384615386 0.08199811498586239
0 0.17807692307692308 0.7544769085768144 0.06153846153846154 0.08105560791705937
0 0.1373076923076923 0.7492931196983977 0.06153846153846154 0.08011310084825636
0 0.9346153846153846 0.9255419415645617 0.05923076923076923 0.07445805843543826
0 0.8996153846153846 0.9236569274269557 0.05923076923076923 0.0706880301602262
0 0.8619230769230769 0.9198868991517436 0.05846153846153846 0.0706880301602262
0 0.8242307692307692 0.9142318567389256 0.05692307692307692 0.07163053722902922
0 0.5561538461538461 0.8741753063147973 0.045384615384615384 0.07351555136663525
0 0.5926923076923077 0.88124410933082 0.047692307692307694 0.07445805843543826
0 0.7446153846153846 0.907163053722903 0.04923076923076923 0.0706880301602262
0 0.6311538461538462 0.8897266729500471 0.046153846153846156 0.07351555136663525
0 0.7088461538461538 0.9019792648444863 0.05076923076923077 0.07445805843543826
0 0.10076923076923076 0.8114985862393967 0.05692307692307692 0.07728557964184732
0 0.21269230769230768 0.8284637134778511 0.05307692307692308 0.0763430725730443
0 0.6692307692307692 0.8977379830348727 0.05 0.07445805843543826
0 0.325 0.8463713477851084 0.047692307692307694 0.07445805843543826
0 0.13884615384615384 0.8185673892554194 0.05384615384615385 0.0706880301602262
0 0.17692307692307693 0.8242224316682375 0.05153846153846154 0.06880301602262016
0 0.47884615384615387 0.8699340245051838 0.04384615384615385 0.07351555136663525
0 0.28884615384615386 0.8416588124410933 0.04692307692307692 0.07257304429783223
0 0.5176923076923077 0.8760603204524033 0.04384615384615385 0.07257304429783223
0 0.4411538461538462 0.8656927426955702 0.043076923076923075 0.07163053722902922
0 0.06153846153846154 0.8091423185673893 0.06076923076923077 0.07728557964184732
0 0.026153846153846153 0.8034872761545712 0.052307692307692305 0.0763430725730443
0 0.25038461538461537 0.8378887841658812 0.05153846153846154 0.07163053722902922
0 0.7884615384615384 0.9194156456173421 0.05384615384615385 0.07257304429783223
0 0.40384615384615385 0.8614514608859567 0.04461538461538461 0.07257304429783223
0 0.007307692307692308 0.7987747408105561 0.014615384615384615 0.0763430725730443
0 0.36423076923076925 0.8595664467483506 0.047692307692307694 0.07445805843543826