0 0.0840625 0.8766233766233766 0.160625 0.11601731601731602
0 0.705625 0.8632034632034632 0.36125 0.11948051948051948
0 0.9434375 0.8575757575757575 0.113125 0.11341991341991342
0 0.066875 0.11471861471861472 0.13375 0.13246753246753246
0 0.3146875 0.11515151515151516 0.363125 0.13852813852813853
0 0.67875 0.10822510822510822 0.366875 0.14025974025974025
0 0.9384375 0.1012987012987013 0.115 0.12987012987012986
0 0.1615625 0.24502164502164503 0.323125 0.13852813852813853
0 0.8421875 0.2341991341991342 0.310625 0.13852813852813853
0 0.50625 0.24458874458874458 0.365625 0.13506493506493505
0 0.0721875 0.3761904761904762 0.144375 0.13073593073593073
0 0.938125 0.3593073593073593 0.1225 0.12813852813852813
0 0.32875 0.37532467532467534 0.36625 0.13073593073593073
0 0.6928125 0.36753246753246754 0.363125 0.13506493506493505
0 0.16125 0.5012987012987012 0.3225 0.13333333333333333
0 0.5065625 0.4961038961038961 0.363125 0.1316017316017316
0 0.8440625 0.4896103896103896 0.311875 0.13246753246753246
0 0.0759375 0.6298701298701299 0.15 0.1264069264069264
0 0.6940625 0.6173160173160173 0.365625 0.1341991341991342
0 0.3315625 0.625974025974026 0.35875 0.129004329004329
0 0.93875 0.6147186147186147 0.1225 0.12813852813852813
0 0.165 0.7532467532467533 0.324375 0.13506493506493505
0 0.50875 0.7463203463203463 0.365625 0.1367965367965368
0 0.8465625 0.7402597402597403 0.306875 0.1316017316017316
0 0.3434375 0.8683982683982684 0.35875 0.12207792207792208