0 0.4702538461538462 0.2262173458725183 0.07138461538461535 0.15590386624869385
0 0.615376923076923 0.23080459770114942 0.06457692307692312 0.16201671891327063
0 0.09722307692307693 0.23119122257053293 0.19286923076923077 0.16736677115987456
0 0.5456230769230769 0.23195402298850573 0.07697692307692303 0.1582027168234065
0 0.9496153846153846 0.23145245559038663 0.10076923076923076 0.15151515151515152
0 0.3149 0.23347962382445142 0.23103076923076918 0.15972831765935216
0 0.8567307692307692 0.23462904911180774 0.0780692307692306 0.15590386624869382
0 0.7731538461538462 0.2357680250783699 0.07856923076923085 0.15972831765935216
0 0.6963692307692307 0.23882967607105537 0.07353846153846147 0.15514106583072104
0 0.37343846153846155 0.38403343782654126 0.07242307692307695 0.15208986415882964
0 0.5422307692307692 0.38824451410658306 0.23110000000000006 0.16507836990595612
0 0.13353076923076923 0.3897701149425287 0.07758461538461539 0.15743991640543362
0 0.955723076923077 0.3901462904911181 0.058892307692307654 0.15972831765935216
0 0.06063846153846154 0.39091954022988507 0.06456923076923077 0.16125391849529774
0 0.29665384615384616 0.39359456635318707 0.07526153846153849 0.15590386624869376
0 0.8032692307692307 0.39588296760710556 0.2243307692307693 0.16355276907001043
0 0.21819230769230769 0.39664576802507834 0.07360769230769233 0.1513270637408569
0 0.3922769230769231 0.5422361546499477 0.07522307692307693 0.15514106583072104
0 0.4690615384615384 0.5460606060606061 0.07237692307692302 0.15666666666666673
0 0.061153846153846156 0.5459770114942529 0.12230769230769231 0.15778474399164055
0 0.9386615384615384 0.5494984326018809 0.12266923076923061 0.15743991640543367
0 0.545923076923077 0.5498746081504703 0.077576923076923 0.15666666666666673
0 0.2384230769230769 0.5510240334378266 0.23109999999999997 0.15285266457680247
0 0.8392615384615384 0.5544618599791014 0.0746384615384617 0.15361546499477532
0 0.6125769230769231 0.556760710553814 0.06236153846153841 0.1582027168234065
0 0.763323076923077 0.556760710553814 0.07466923076923072 0.1582027168234065
0 0.6888000000000001 0.5590491118077325 0.05951538461538453 0.15666666666666673
0 0.9811384615384615 0.7077011494252874 0.03771538461538477 0.15590386624869387
0 0.3211153846153846 0.7084639498432602 0.07579999999999998 0.16049111807732488
0 0.9295615384615386 0.7088401253918496 0.06733846153846151 0.15361546499477532
0 0.7619 0.709226750261233 0.2248615384615385 0.15132706374085678
0 0.07893076923076923 0.7096029258098224 0.07301538461538461 0.16125391849529774
0 0.1545846153846154 0.7103761755485893 0.07804615384615383 0.15972831765935203
0 0.4834307692307693 0.7107523510971787 0.23389230769230765 0.15743991640543373
0 0.24317692307692307 0.711901776384535 0.07969230769230772 0.15666666666666673
0 0.020153846153846158 0.7126645768025078 0.039853846153846156 0.15514106583072104
0 0.023269230769230768 0.07260188087774296 0.046092307692307696 0.1452037617554859
0 0.9717615384615385 0.07298850574712643 0.056084615384615275 0.14597701149425285
0 0.08615384615384615 0.07314524555903866 0.07692307692307693 0.14629049111807732
0 0.520576923076923 0.0741274817136886 0.2395461538461539 0.1467398119122257
0 0.9093230769230768 0.07642633228840126 0.06398461538461526 0.15285266457680252
0 0.37116923076923075 0.07642633228840126 0.060007692307692304 0.15285266457680252
0 0.15657692307692309 0.0768025078369906 0.06290769230769229 0.1520898641588297
0 0.7579461538461538 0.08025078369905955 0.23607692307692296 0.16049111807732497
0 0.30395384615384613 0.0806269592476489 0.07634615384615384 0.15666666666666668
0 0.22716923076923076 0.08330198537095089 0.07806923076923078 0.15437826541274818
0 0.6288461538461538 0.844503657262278 0.06676923076923073 0.12227795193312432
0 0.9487923076923077 0.8467920585161964 0.10241538461538452 0.11463949843260192
0 0.8651615384615385 0.8487042842215257 0.05893076923076933 0.11234064785788923
0 0.47866153846153847 0.849080459770115 0.0724615384615385 0.11463949843260192
0 0.06053076923076923 0.849080459770115 0.12105384615384615 0.11616509926854762
0 0.7942846153846154 0.8494670846394985 0.07583076923076917 0.11081504702194353
0 0.7206 0.8494670846394985 0.06911538461538455 0.11234064785788923
0 0.24544615384615384 0.8502298850574712 0.23276923076923078 0.11234064785788923
0 0.3999153846153846 0.8502298850574712 0.0702384615384615 0.10928944618599783
0 0.5529153846153846 0.8502298850574712 0.07130000000000004 0.11081504702194353