0 0.07950625 0.8663549783549783 0.15900625 0.11202597402597411
0 0.70086875 0.868017316017316 0.3599687500000001 0.11090909090909083
0 0.9415625 0.8683982683982684 0.116875 0.11082251082251082
0 0.0690625 0.10432900432900433 0.138125 0.129004329004329
0 0.31958749999999997 0.11070995670995672 0.36183750000000003 0.13002597402597404
0 0.6836187499999999 0.11246753246753247 0.36557500000000004 0.131030303030303
0 0.9434375 0.11212121212121212 0.113125 0.12727272727272726
0 0.1630375 0.2368917748917749 0.32549374999999997 0.13096969696969696
0 0.84546875 0.24244155844155843 0.30905624999999987 0.13096969696969696
0 0.509525 0.24466666666666664 0.3639124999999999 0.12652813852813852
0 0.07323750000000001 0.3663116883116883 0.1442875 0.1275757575757576
0 0.9396875 0.37012987012987014 0.120625 0.12554112554112554
0 0.3302875 0.3713160173160173 0.36479375 0.12202597402597408
0 0.6944499999999999 0.3724155844155844 0.3615625 0.1264588744588744
0 0.16103750000000003 0.492952380952381 0.32148125 0.1252900432900433
0 0.50671875 0.49629437229437234 0.3615062499999999 0.1230735930735931
0 0.84466875 0.49851082251082246 0.31066249999999995 0.12528138528138533
0 0.07429375 0.6196017316017316 0.1485875 0.12300432900432895
0 0.69244375 0.6218181818181818 0.36396874999999995 0.12522077922077932
0 0.32985 0.6218268398268398 0.3575 0.12077922077922078
0 0.9385187500000001 0.6251515151515151 0.12296249999999986 0.12522077922077932
0 0.1618375 0.7452640692640693 0.32308125 0.1276450216450217
0 0.5055250000000001 0.7463722943722944 0.36393125000000004 0.1276363636363637
0 0.84546875 0.7491515151515151 0.30905624999999987 0.12430303030303025
0 0.33866875 0.8646926406926407 0.35749375 0.1131428571428571