0 0.05893076923076923 0.14326722338204592 0.11736923076923078 0.09495824634655534
0 0.20950000000000002 0.15152400835073068 0.12400000000000001 0.09826722338204591
0 0.5238384615384616 0.15648225469728602 0.13320000000000007 0.1065240083507307
0 0.7799615384615385 0.1639144050104384 0.24625384615384624 0.1065240083507307
0 0.35582307692307696 0.16514613778705636 0.12941538461538465 0.09909185803757829
0 0.9528538461538462 0.18621085594989562 0.09428461538461551 0.09165970772442589
0 0.13466153846153847 0.25061586638830896 0.25909230769230773 0.11478079331941543
0 0.6567692307692308 0.26052192066805846 0.2700615384615384 0.10156576200417537
0 0.3947538461538461 0.26217118997912314 0.16346923076923076 0.09661795407098121
0 0.9011307692307693 0.27497912317327766 0.19773076923076938 0.11560542797494781
0 0.6516153846153846 0.35631524008350735 0.13074615384615387 0.09495824634655535
0 0.22896923076923079 0.35796450939457203 0.14588461538461536 0.09991649269311068
0 0.5155615384615385 0.35796450939457203 0.1251615384615385 0.0933089770354906
0 0.3746769230769231 0.35920668058455113 0.11966153846153851 0.09413361169102304
0 0.7936769230769231 0.36126304801670145 0.130076923076923 0.09826722338204591
0 0.9396153846153846 0.37734864300626303 0.12076923076923077 0.09498956158663883
0 0.721276923076923 0.4545720250521921 0.1252384615384615 0.09991649269311068
0 0.12005384615384615 0.45540709812108554 0.2396230769230769 0.11973903966597081
0 0.44073076923076926 0.45705636743215033 0.11546153846153843 0.10156576200417532
0 0.5827923076923077 0.45705636743215033 0.128176923076923 0.09991649269311068
0 0.3098846153846154 0.4591231732776618 0.13124615384615385 0.09909185803757824
0 0.9017384615384615 0.46613778705636744 0.19651538461538445 0.09991649269311068
0 0.12887692307692308 0.049958246346555324 0.25726923076923075 0.09991649269311065
0 0.4081692307692308 0.055741127348643005 0.266976923076923 0.11147181628392484
0 0.8155769230769231 0.5553235908141962 0.09599230769230767 0.09495824634655535
0 0.9226538461538462 0.5577974947807933 0.1056846153846153 0.09495824634655535
0 0.06257692307692307 0.5590292275574112 0.12466153846153846 0.09744258872651354
0 0.39692307692307693 0.5594467640918581 0.18848461538461536 0.09826722338204598
0 0.6254 0.5602713987473904 0.25234615384615383 0.10652400835073064
0 0.2238 0.5644050104384134 0.12459230769230771 0.09495824634655535
0 0.6990384615384615 0.0594572025052192 0.26940769230769235 0.11230688935281838
0 0.8590692307692307 0.6494572025052191 0.26451538461538454 0.10817327766179528
0 0.11792307692307694 0.657713987473904 0.2353538461538461 0.10321503131523996
0 0.37896153846153846 0.6606054279749478 0.2657615384615385 0.10403966597077252
0 0.621423076923077 0.6647286012526096 0.13363846153846154 0.10239039665970764
0 0.9546846153846154 0.7369832985386221 0.09063076923076936 0.08175365344467635
0 0.7617307692307692 0.7402818371607516 0.2523846153846153 0.1032150313152402
0 0.29983846153846155 0.7431732776617954 0.11725384615384611 0.08257828810020866
0 0.05038461538461538 0.7473903966597077 0.10076923076923076 0.09812108559498957
0 0.4319461538461538 0.7580375782881003 0.12710000000000002 0.09744258872651347
0 0.5639384615384615 0.7621711899791231 0.12942307692307692 0.10403966597077252
0 0.18607692307692306 0.8327661795407098 0.11729999999999999 0.08340292275574122
0 0.06986923076923077 0.8327661795407098 0.11248461538461538 0.08340292275574122
0 0.9014384615384614 0.8459812108559499 0.1971230769230771 0.1032150313152402
0 0.3317846153846154 0.8463987473903967 0.12879999999999994 0.09413361169102304
0 0.46386153846153844 0.8463987473903967 0.12399230769230773 0.08422755741127354
0 0.724023076923077 0.8480480167014613 0.1295076923076924 0.09413361169102304
0 0.595276923076923 0.8542379958246347 0.0947384615384616 0.08175365344467635
0 0.9501153846153847 0.09165970772442589 0.0997615384615385 0.100741127348643