0 0.4665384615384615 0.13740856844305122 0.12307692307692308 0.07628004179728318
0 0.5876923076923077 0.15673981191222572 0.12384615384615384 0.07836990595611286
0 0.71 0.17450365726227796 0.12153846153846154 0.07523510971786834
0 0.3446153846153846 0.12486938349007315 0.12461538461538461 0.07732497387669801
0 0.2246153846153846 0.10815047021943573 0.12230769230769231 0.07523510971786834
0 0.9015384615384615 0.25966562173458724 0.12538461538461537 0.07523510971786834
0 0.4026923076923077 0.19017763845350052 0.12538461538461537 0.0741901776384535
0 0.5284615384615384 0.2089864158829676 0.12538461538461537 0.07523510971786834
0 0.7803846153846153 0.24608150470219436 0.12230769230769231 0.07523510971786834
0 0.21653846153846154 0.16666666666666666 0.24615384615384617 0.09090909090909091
0 0.6611538461538462 0.2304075235109718 0.12538461538461537 0.07628004179728318
0 0.39807692307692305 0.24921630094043887 0.12461538461538461 0.07523510971786834
0 0.525 0.26750261233019856 0.12307692307692308 0.07210031347962383
0 0.8873076923076924 0.31922675026123304 0.12 0.07210031347962383
0 0.7676923076923077 0.30250783699059564 0.12307692307692308 0.0741901776384535
0 0.21076923076923076 0.22361546499477533 0.24769230769230768 0.08986415882967608
0 0.6453846153846153 0.28735632183908044 0.12384615384615384 0.07628004179728318
0 0.5176923076923077 0.32549634273772204 0.12384615384615384 0.0794148380355277
0 0.2742307692307692 0.2910135841170324 0.12461538461538461 0.07523510971786834
0 0.1476923076923077 0.27377220480668757 0.12461538461538461 0.07628004179728318
0 0.39653846153846156 0.30929989550679204 0.12461538461538461 0.07628004179728318
0 0.8757692307692307 0.3782654127481714 0.12307692307692308 0.07523510971786834
0 0.6361538461538462 0.3458725182863114 0.12384615384615384 0.07314524555903866
0 0.7569230769230769 0.36311389759665624 0.12307692307692308 0.07523510971786834
0 0.5096153846153846 0.3845350052246604 0.12153846153846154 0.07523510971786834
0 0.2653846153846154 0.3505747126436782 0.12230769230769231 0.07314524555903866
0 0.3869230769230769 0.367816091954023 0.12307692307692308 0.0741901776384535
0 0.811923076923077 0.428944618599791 0.24461538461538462 0.09090909090909091
0 0.6280769230769231 0.4038662486938349 0.12307692307692308 0.07732497387669801
0 0.1426923076923077 0.33646812957157785 0.12307692307692308 0.07523510971786834
0 0.5080769230769231 0.44357366771159873 0.12307692307692308 0.07523510971786834
0 0.8696153846153846 0.49738766980146293 0.12230769230769231 0.07314524555903866
0 0.7461538461538462 0.47962382445141066 0.12384615384615384 0.07732497387669801
0 0.2676923076923077 0.4117032392894462 0.12307692307692308 0.07523510971786834
0 0.3869230769230769 0.4284221525600836 0.12384615384615384 0.07523510971786834
0 0.6276923076923077 0.46290491118077326 0.12230769230769231 0.07523510971786834
0 0.14692307692307693 0.3949843260188088 0.12230769230769231 0.07628004179728318
0 0.49230769230769234 0.5015673981191222 0.12384615384615384 0.0741901776384535
0 0.37153846153846154 0.48537095088819227 0.12538461538461537 0.0741901776384535
0 0.24961538461538463 0.46865203761755486 0.12461538461538461 0.07628004179728318
0 0.8519230769230769 0.554858934169279 0.12153846153846154 0.07314524555903866
0 0.6119230769230769 0.5208986415882968 0.12307692307692308 0.0741901776384535
0 0.12615384615384614 0.4535005224660397 0.12307692307692308 0.07523510971786834
0 0.7315384615384616 0.5402298850574713 0.12307692307692308 0.07732497387669801
0 0.8546153846153847 0.61337513061651 0.12461538461538461 0.07628004179728318
0 0.35884615384615387 0.5428422152560084 0.12307692307692308 0.07210031347962383
0 0.4815384615384615 0.5611285266457681 0.12230769230769231 0.07210031347962383
0 0.6019230769230769 0.5788923719958202 0.12230769230769231 0.0741901776384535
0 0.1123076923076923 0.509926854754441 0.12384615384615384 0.07628004179728318
0 0.23384615384615384 0.5282131661442007 0.12307692307692308 0.07523510971786834
0 0.7319230769230769 0.5992685475444096 0.12230769230769231 0.07105538140020899
0 0.7776923076923077 0.6619644723092999 0.24769230769230768 0.09299895506792058
0 0.35307692307692307 0.6024033437826541 0.12384615384615384 0.0741901776384535
0 0.4734615384615385 0.6201671891327064 0.12153846153846154 0.07628004179728318
0 0.5953846153846154 0.6374085684430512 0.12307692307692308 0.07210031347962383
0 0.22653846153846155 0.5882967607105538 0.12384615384615384 0.07523510971786834
0 0.1026923076923077 0.5715778474399164 0.12461538461538461 0.07732497387669801
0 0.8326923076923077 0.7277951933124347 0.12153846153846154 0.07210031347962383
0 0.6534615384615384 0.7048066875653083 0.2453846153846154 0.09195402298850575
0 0.3515384615384615 0.6635318704284221 0.12307692307692308 0.07523510971786834
0 0.4715384615384615 0.680773249738767 0.12384615384615384 0.0741901776384535
0 0.23076923076923078 0.6473354231974922 0.12461538461538461 0.07523510971786834
0 0.10807692307692307 0.6316614420062696 0.12538461538461537 0.07523510971786834
0 0.7123076923076923 0.7711598746081505 0.12153846153846154 0.0741901776384535
0 0.83 0.7889237199582028 0.11846153846153847 0.07314524555903866
0 0.5926923076923077 0.7560083594566354 0.12461538461538461 0.07628004179728318
0 0.4096153846153846 0.7309299895506792 0.24846153846153846 0.09195402298850575
0 0.1646153846153846 0.6985370950888192 0.24923076923076923 0.09195402298850575
0 0.6973076923076923 0.8296760710553814 0.12307692307692308 0.07523510971786834
0 0.8261538461538461 0.8490073145245559 0.12615384615384614 0.07732497387669801
0 0.5746153846153846 0.8145245559038663 0.12384615384615384 0.07523510971786834
0 0.3346153846153846 0.7810867293625914 0.12384615384615384 0.07732497387669801
0 0.45384615384615384 0.7983281086729362 0.12307692307692308 0.07732497387669801
0 0.09461538461538462 0.7486938349007315 0.12230769230769231 0.07523510971786834
0 0.21461538461538462 0.7659352142110762 0.12307692307692308 0.07628004179728318
0 0.3553846153846154 0.06635318704284221 0.12307692307692308 0.07732497387669801
0 0.23615384615384616 0.04963427377220481 0.12307692307692308 0.07523510971786834