0 0.88625 0.8606060606060606 0.20125 0.08225108225108226
0 0.5490625 0.09090909090909091 0.103125 0.12034632034632034
0 0.4465625 0.10216450216450217 0.101875 0.11601731601731602
0 0.2721875 0.12857142857142856 0.21875 0.12467532467532468
0 0.085 0.15930735930735931 0.17 0.11255411255411256
0 0.889375 0.1038961038961039 0.1975 0.15757575757575756
0 0.7509375 0.14155844155844155 0.105625 0.11341991341991342
0 0.5909375 0.18744588744588744 0.210625 0.14025974025974025
0 0.47375 0.024675324675324677 0.205 0.04935064935064935
0 0.3928125 0.22770562770562772 0.1875 0.12294372294372294
0 0.2503125 0.24025974025974026 0.104375 0.12554112554112554
0 0.135625 0.258008658008658 0.11125 0.11688311688311688
0 0.0446875 0.2658008658008658 0.089375 0.11255411255411256
0 0.304375 0.0380952380952381 0.1 0.05627705627705628
0 0.8496875 0.22251082251082252 0.20125 0.11948051948051948
0 0.6996875 0.2649350649350649 0.1275 0.13246753246753246
0 0.5946875 0.2956709956709957 0.103125 0.10909090909090909
0 0.4471875 0.32597402597402597 0.2075 0.14112554112554113
0 0.2434375 0.354978354978355 0.208125 0.13766233766233765
0 0.0903125 0.37835497835497833 0.1075 0.10735930735930736
0 0.145625 0.06233766233766234 0.22125 0.09004329004329005
0 0.825 0.3515151515151515 0.22375 0.1645021645021645
0 0.6065625 0.4064935064935065 0.229375 0.1497835497835498
0 0.4534375 0.44502164502164504 0.10125 0.11082251082251082
0 0.3025 0.46320346320346323 0.2075 0.11428571428571428
0 0.08625 0.48138528138528136 0.1725 0.10909090909090909
0 0.8778125 0.44805194805194803 0.105625 0.12813852813852813
0 0.8859375 0.03766233766233766 0.195625 0.07532467532467532
0 0.7275 0.5043290043290043 0.221875 0.1748917748917749
0 0.2515625 0.5593073593073593 0.10125 0.10476190476190476
0 0.1546875 0.570995670995671 0.100625 0.0987012987012987
0 0.5178125 0.5463203463203463 0.208125 0.12121212121212122
0 0.0525 0.5818181818181818 0.10125 0.09696969696969697
0 0.3534375 0.561038961038961 0.10375 0.10562770562770563
0 0.8459375 0.5887445887445888 0.215 0.15844155844155844
0 0.28875 0.6597402597402597 0.14375 0.10909090909090909
0 0.1125 0.6744588744588744 0.213125 0.11341991341991342
0 0.645625 0.638095238095238 0.198125 0.11341991341991342
0 0.453125 0.6545454545454545 0.190625 0.11255411255411256
0 0.6940625 0.06190476190476191 0.206875 0.12380952380952381
0 0.9153125 0.6796536796536796 0.0925 0.10649350649350649
0 0.818125 0.696969696969697 0.115625 0.11688311688311688
0 0.199375 0.7627705627705628 0.1775 0.10909090909090909
0 0.063125 0.7731601731601732 0.1025 0.10735930735930736
0 0.3590625 0.7562770562770563 0.135 0.11428571428571428
0 0.7 0.7329004329004329 0.1275 0.1038961038961039
0 0.528125 0.7467532467532467 0.2025 0.11515151515151516
0 0.9378125 0.7727272727272727 0.10125 0.11861471861471862
0 0.8353125 0.7926406926406926 0.11375 0.10909090909090909
0 0.7396875 0.8216450216450216 0.098125 0.1038961038961039
0 0.44 0.8480519480519481 0.095625 0.09783549783549783
0 0.638125 0.8346320346320346 0.114375 0.10822510822510822
0 0.0940625 0.8744588744588745 0.114375 0.10649350649350649
0 0.21125 0.8705627705627705 0.1075 0.11082251082251082
0 0.32625 0.8623376623376623 0.115 0.10303030303030303
0 0.5346875 0.848917748917749 0.1 0.10303030303030303