0 0.540625 0.8783549783549783 0.090625 0.1012987012987013
0 0.3284375 0.8428571428571429 0.175 0.11688311688311688
0 0.198125 0.8207792207792208 0.09125 0.09783549783549783
0 0.0359375 0.7904761904761904 0.071875 0.10562770562770563
0 0.1140625 0.8073593073593074 0.0925 0.1012987012987013
0 0.4571875 0.8658008658008658 0.090625 0.10043290043290043
0 0.670625 0.9030303030303031 0.175625 0.11601731601731602
0 0.9025 0.17056277056277055 0.17875 0.12813852813852813
0 0.77375 0.15670995670995672 0.095 0.10822510822510822
0 0.6871875 0.14545454545454545 0.09375 0.11168831168831168
0 0.6003125 0.1367965367965368 0.0925 0.10995670995670996
0 0.5128125 0.12380952380952381 0.096875 0.10909090909090909
0 0.4240625 0.11125541125541126 0.095625 0.10995670995670996
0 0.083125 0.05497835497835498 0.091875 0.09956709956709957
0 0.1678125 0.070995670995671 0.093125 0.11255411255411256
0 0.339375 0.1025974025974026 0.095625 0.10649350649350649
0 0.2540625 0.09134199134199134 0.094375 0.10476190476190476
0 0.788125 0.24978354978354977 0.094375 0.10822510822510822
0 0.700625 0.24199134199134198 0.09375 0.11168831168831168
0 0.9128125 0.2792207792207792 0.174375 0.14632034632034632
0 0.614375 0.2329004329004329 0.0925 0.10822510822510822
0 0.4425 0.2077922077922078 0.093125 0.11082251082251082
0 0.5278125 0.22683982683982684 0.094375 0.10649350649350649
0 0.1021875 0.15497835497835497 0.093125 0.10995670995670996
0 0.2278125 0.18095238095238095 0.1775 0.12121212121212122
0 0.3575 0.20303030303030303 0.093125 0.10562770562770563
0 0.9625 0.10303030303030303 0.075 0.06753246753246753
0 0.8825 0.09177489177489177 0.090625 0.07445887445887446
0 0.9540625 0.3748917748917749 0.091875 0.11082251082251082
0 0.733125 0.34415584415584416 0.183125 0.13852813852813853
0 0.8634375 0.37402597402597404 0.098125 0.10735930735930736
0 0.5590625 0.3238095238095238 0.18 0.129004329004329
0 0.386875 0.29523809523809524 0.176875 0.12380952380952381
0 0.2571875 0.274025974025974 0.095 0.10562770562770563
0 0.7959375 0.07965367965367966 0.091875 0.07965367965367966
0 0.1721875 0.2675324675324675 0.091875 0.10476190476190476
0 0.07375 0.25367965367965367 0.116875 0.10216450216450217
0 0.70875 0.0658008658008658 0.09125 0.08138528138528138
0 0.623125 0.05541125541125541 0.090625 0.08917748917748917
0 0.449375 0.03636363636363636 0.09125 0.07272727272727272
0 0.536875 0.04415584415584416 0.09125 0.08831168831168831
0 0.9015625 0.4658008658008658 0.185 0.13593073593073593
0 0.7653125 0.44372294372294374 0.095 0.10909090909090909
0 0.4178125 0.38484848484848483 0.09375 0.10562770562770563
0 0.59125 0.416017316017316 0.093125 0.1012987012987013
0 0.504375 0.4090909090909091 0.09375 0.10303030303030303
0 0.3325 0.3813852813852814 0.09125 0.10216450216450217
0 0.6775 0.44025974025974024 0.093125 0.1012987012987013
0 0.2015625 0.3632034632034632 0.1775 0.11948051948051948
0 0.071875 0.3437229437229437 0.09 0.10303030303030303
0 0.3646875 0.032467532467532464 0.093125 0.06493506493506493
0 0.19125 0.01904761904761905 0.09125 0.0380952380952381
0 0.279375 0.02683982683982684 0.09625 0.05367965367965368
0 0.935 0.5588744588744589 0.095 0.10649350649350649
0 0.5825 0.5051948051948052 0.093125 0.1038961038961039
0 0.845 0.5554112554112555 0.096875 0.10909090909090909
0 0.3565625 0.47575757575757577 0.178125 0.13246753246753246
0 0.4878125 0.49826839826839825 0.094375 0.1012987012987013
0 0.710625 0.5402597402597402 0.179375 0.12121212121212122
0 0.22625 0.4597402597402597 0.095 0.1038961038961039
0 0.0503125 0.43073593073593075 0.100625 0.10303030303030303
0 0.1421875 0.4484848484848485 0.090625 0.0987012987012987
0 0.8759375 0.6437229437229437 0.18375 0.13073593073593073
0 0.5171875 0.5883116883116883 0.175625 0.12467532467532468
0 0.73875 0.6333333333333333 0.095 0.10822510822510822
0 0.385 0.574025974025974 0.0925 0.10476190476190476
0 0.65 0.6207792207792208 0.091875 0.10476190476190476
0 0.181875 0.5428571428571428 0.128125 0.11082251082251082
0 0.04875 0.5203463203463203 0.093125 0.09696969696969697
0 0.3003125 0.5670995670995671 0.09125 0.10476190476190476
0 0.909375 0.7341991341991342 0.09375 0.10043290043290043
0 0.5603125 0.6874458874458874 0.090625 0.10303030303030303
0 0.4728125 0.6761904761904762 0.093125 0.10562770562770563
0 0.8190625 0.7367965367965368 0.095 0.10303030303030303
0 0.0409375 0.6047619047619047 0.081875 0.10303030303030303
0 0.34 0.6597402597402597 0.178125 0.12380952380952381
0 0.6878125 0.7194805194805195 0.17875 0.12121212121212122
0 0.1228125 0.6255411255411255 0.090625 0.10043290043290043
0 0.208125 0.641991341991342 0.09125 0.10043290043290043
0 0.8521875 0.8216450216450216 0.18 0.129004329004329
0 0.501875 0.7805194805194805 0.17625 0.12034632034632034
0 0.1609375 0.7233766233766233 0.174375 0.11861471861471862
0 0.721875 0.8194805194805195 0.091875 0.10216450216450217
0 0.3734375 0.7601731601731602 0.09125 0.1012987012987013
0 0.039375 0.7021645021645022 0.07875 0.10216450216450217
0 0.2896875 0.7480519480519481 0.09 0.10303030303030303
0 0.635 0.8095238095238095 0.091875 0.09696969696969697
0 0.89625 0.9186147186147187 0.095 0.10822510822510822
0 0.8103125 0.9134199134199135 0.095625 0.10995670995670996