0 0.033846153846153845 0.1789087093389297 0.06 0.13011542497376705
0 0.008846153846153846 0.18782791185729275 0.01769230769230769 0.12801678908709338
0 0.12538461538461537 0.17051416579223505 0.052307692307692305 0.12172088142707241
0 0.3557692307692308 0.1385099685204617 0.05384615384615385 0.12067156348373557
0 0.4026923076923077 0.1322140608604407 0.05153846153846154 0.12172088142707241
0 0.08038461538461539 0.1789087093389297 0.05615384615384615 0.12906610703043023
0 0.21923076923076923 0.16002098635886675 0.055384615384615386 0.12172088142707241
0 0.17615384615384616 0.16631689401888772 0.05076923076923077 0.11752360965372508
0 0.3119230769230769 0.1484784889821616 0.05384615384615385 0.12277019937040923
0 0.536923076923077 0.11699895068205667 0.05076923076923077 0.12277019937040923
0 0.4919230769230769 0.12381951731374606 0.05307692307692308 0.12172088142707241
0 0.4473076923076923 0.13064008394543547 0.052307692307692305 0.1248688352570829
0 0.583076923076923 0.11122770199370409 0.05846153846153846 0.12696747114375656
0 0.2676923076923077 0.1584470094438615 0.054615384615384614 0.12277019937040923
0 0.6288461538461538 0.10912906610703044 0.055384615384615386 0.1248688352570829
0 0.7196153846153847 0.09916054564533054 0.05923076923076923 0.1248688352570829
0 0.6738461538461539 0.10650577124868835 0.05615384615384615 0.12381951731374606
0 0.7657692307692308 0.10230849947534103 0.05846153846153846 0.12172088142707241
0 0.8111538461538461 0.09863588667366212 0.06 0.12067156348373557
0 0.8680769230769231 0.09076600209863589 0.057692307692307696 0.1248688352570829
0 0.915 0.08551941238195174 0.06230769230769231 0.12277019937040923
0 0.9523076923076923 0.08027282266526757 0.04461538461538461 0.1259181532004197
0 0.05076923076923077 0.29800629590766003 0.05384615384615385 0.12172088142707241
0 0.13807692307692307 0.28751311647429173 0.055384615384615386 0.12172088142707241
0 0.36730769230769234 0.25603357817418676 0.05153846153846154 0.11962224554039874
0 0.01653846153846154 0.30849947534102834 0.03307692307692308 0.1259181532004197
0 0.415 0.2502623294858342 0.055384615384615386 0.12381951731374606
0 0.18576923076923077 0.2833158447009444 0.055384615384615386 0.12172088142707241
0 0.23307692307692307 0.276495278069255 0.052307692307692305 0.11962224554039874
0 0.32384615384615384 0.263903462749213 0.05384615384615385 0.11647429171038824
0 0.5646153846153846 0.229800629590766 0.05384615384615385 0.12172088142707241
0 0.5157692307692308 0.23714585519412382 0.054615384615384614 0.12172088142707241
0 0.09423076923076923 0.29853095487932846 0.05615384615384615 0.12277019937040923
0 0.2784615384615385 0.27229800629590767 0.05692307692307692 0.12172088142707241
0 0.46192307692307694 0.24711437565582373 0.054615384615384614 0.12172088142707241
0 0.6111538461538462 0.22927597061909757 0.055384615384615386 0.12067156348373557
0 0.6576923076923077 0.2266526757607555 0.05076923076923077 0.12172088142707241
0 0.7019230769230769 0.22088142707240294 0.054615384615384614 0.12067156348373557
0 0.021923076923076924 0.0912906610703043 0.04384615384615385 0.05666316894018888
0 0.7488461538461538 0.2193074501573977 0.055384615384615386 0.12067156348373557
0 0.7953846153846154 0.21511017838405036 0.06076923076923077 0.12067156348373557
0 0.8830769230769231 0.20776495278069254 0.06 0.12172088142707241
0 0.9265384615384615 0.20146904512067157 0.06 0.11962224554039874
0 0.8388461538461538 0.21406086044071354 0.06076923076923077 0.12067156348373557
0 0.9611538461538461 0.1993704092339979 0.045384615384615384 0.11857292759706191
0 0.1176923076923077 0.080797481636936 0.05076923076923077 0.06295907660020986
0 0.17 0.07345225603357818 0.05153846153846154 0.06295907660020986
0 0.0673076923076923 0.08814270724029381 0.05307692307692308 0.06400839454354669
0 0.3161538461538462 0.053515215110178385 0.04923076923076923 0.06610703043022036
0 0.36346153846153845 0.04669464847848898 0.04923076923076923 0.06610703043022036
0 0.22384615384615383 0.0676810073452256 0.05307692307692308 0.06820566631689402
0 0.27153846153846156 0.061385099685204614 0.04923076923076923 0.06820566631689402
0 0.4096153846153846 0.041448058761804824 0.05076923076923077 0.06820566631689402
0 0.5476923076923077 0.02833158447009444 0.05076923076923077 0.05666316894018888
0 0.45653846153846156 0.035676810073452254 0.04923076923076923 0.06925498426023086
0 0.5019230769230769 0.032004197271773345 0.05 0.06400839454354669
0 0.5957692307692307 0.02570828961175236 0.05153846153846154 0.05141657922350472
0 0.6419230769230769 0.024134312696747113 0.05307692307692308 0.048268625393494226
0 0.07 0.41133263378803775 0.05615384615384615 0.11962224554039874
0 0.5142307692307693 0.34889821615949634 0.05307692307692308 0.11542497376705142
0 0.33615384615384614 0.3746065057712487 0.05153846153846154 0.11332633788037776
0 0.37961538461538463 0.3688352570828961 0.052307692307692305 0.11542497376705142
0 0.027692307692307693 0.4197271773347324 0.055384615384615386 0.11542497376705142
0 0.15692307692307692 0.40136411332633787 0.05307692307692308 0.11857292759706191
0 0.5588461538461539 0.3441762854144806 0.05076923076923077 0.11542497376705142
0 0.205 0.3950682056663169 0.05307692307692308 0.11437565582371459
0 0.24846153846153846 0.3898216159496327 0.05615384615384615 0.11752360965372508
0 0.42538461538461536 0.3646379853095488 0.05153846153846154 0.11752360965372508
0 0.11384615384615385 0.40975865687303253 0.05384615384615385 0.11752360965372508
0 0.47 0.35939139559286465 0.052307692307692305 0.11227701993704092
0 0.6026923076923076 0.3426023084994753 0.05153846153846154 0.11122770199370409
0 0.2946153846153846 0.38667366211962223 0.054615384615384614 0.11437565582371459
0 0.6896153846153846 0.3336831059811123 0.04923076923076923 0.11332633788037776
0 0.6457692307692308 0.3415529905561385 0.04923076923076923 0.11332633788037776
0 0.7334615384615385 0.33263378803777544 0.052307692307692305 0.11227701993704092
0 0.6903846153846154 0.0236096537250787 0.05 0.0472193074501574
0 0.7369230769230769 0.01993704092339979 0.05384615384615385 0.03987408184679958
0 0.7819230769230769 0.3300104931794334 0.05692307692307692 0.11752360965372508
0 0.8288461538461539 0.3273871983210913 0.06 0.12067156348373557
0 0.9188461538461539 0.316894018887723 0.057692307692307696 0.11752360965372508
0 0.9626923076923077 0.3111227701993704 0.05846153846153846 0.11647429171038824
0 0.8742307692307693 0.3247639034627492 0.06307692307692307 0.12067156348373557
0 0.7834615384615384 0.022560335781741866 0.05615384615384615 0.04512067156348373
0 0.8726923076923077 0.01626442812172088 0.06076923076923077 0.03252885624344176
0 0.8273076923076923 0.020461699895068207 0.05923076923076923 0.040923399790136414
0 0.9226923076923077 0.013641133263378805 0.06846153846153846 0.02728226652675761
0 0.08307692307692308 0.5199370409233998 0.05076923076923077 0.11017838405036726
0 0.04346153846153846 0.525183630640084 0.05307692307692308 0.11122770199370409
0 0.5215384615384615 0.45750262329485836 0.04923076923076923 0.11437565582371459
0 0.5676923076923077 0.45120671563483733 0.052307692307692305 0.11437565582371459
0 0.39 0.4769150052465897 0.04846153846153846 0.11227701993704092
0 0.3476923076923077 0.4837355718782791 0.05153846153846154 0.11227701993704092
0 0.013461538461538462 0.5325288562434418 0.026923076923076925 0.10178384050367262
0 0.17038461538461538 0.5110178384050367 0.055384615384615386 0.11542497376705142
0 0.12423076923076923 0.5178384050367262 0.05384615384615385 0.11122770199370409
0 0.47846153846153844 0.46747114375655824 0.05076923076923077 0.11122770199370409
0 0.2603846153846154 0.49895068205666315 0.05307692307692308 0.11332633788037776
0 0.4338461538461538 0.47429171038824763 0.05307692307692308 0.11332633788037776
0 0.30615384615384617 0.4931794333683106 0.05 0.11227701993704092
0 0.21384615384615385 0.5083945435466947 0.055384615384615386 0.11752360965372508
0 0.6984615384615385 0.44018887722980066 0.05076923076923077 0.11227701993704092
0 0.6088461538461538 0.45383001049317945 0.05153846153846154 0.11227701993704092
0 0.6542307692307693 0.44805876180482684 0.052307692307692305 0.11227701993704092
0 0.7526923076923077 0.4386149003147954 0.05615384615384615 0.11332633788037776
0 0.8007692307692308 0.4359916054564533 0.057692307692307696 0.10912906610703044
0 0.928076923076923 0.4223504721930745 0.05692307692307692 0.10598111227701994
0 0.8842307692307693 0.4296956977964323 0.054615384615384614 0.11017838405036726
0 0.9696153846153847 0.4176285414480588 0.06076923076923077 0.11122770199370409
0 0.8426923076923077 0.43651626442812175 0.05692307692307692 0.11017838405036726
0 0.021538461538461538 0.633788037775446 0.033846153846153845 0.10283315844700944
0 0.05 0.630115424973767 0.04461538461538461 0.10388247639034627
0 0.46576923076923077 0.5713536201469045 0.04692307692307692 0.10073452256033578
0 0.5076923076923077 0.565582371458552 0.04692307692307692 0.10598111227701994
0 0.5480769230769231 0.5598111227701994 0.047692307692307694 0.1049317943336831
0 0.08846153846153847 0.6259181532004198 0.052307692307692305 0.11122770199370409
0 0.38153846153846155 0.5844700944386149 0.047692307692307694 0.10283315844700944
0 0.4246153846153846 0.5786988457502623 0.05076923076923077 0.10912906610703044
0 0.25846153846153846 0.6033578174186779 0.04923076923076923 0.10283315844700944
0 0.59 0.5561385099685204 0.047692307692307694 0.10388247639034627
0 0.13307692307692306 0.6227701993704092 0.05153846153846154 0.10598111227701994
0 0.29923076923076924 0.5996852046169989 0.05076923076923077 0.1080797481636936
0 0.17346153846153847 0.6180482686253935 0.05 0.10703043022035677
0 0.34115384615384614 0.5939139559286464 0.05153846153846154 0.10703043022035677
0 0.6707692307692308 0.5482686253934942 0.05 0.10703043022035677
0 0.6303846153846154 0.5540398740818469 0.047692307692307694 0.10388247639034627
0 0.21653846153846154 0.614900314795383 0.05307692307692308 0.10703043022035677
0 0.7138461538461538 0.5445960125918153 0.05307692307692308 0.10912906610703044
0 0.7565384615384615 0.5409233997901364 0.04923076923076923 0.10283315844700944
0 0.7976923076923077 0.5372507869884575 0.05153846153846154 0.10598111227701994
0 0.8384615384615385 0.5356768100734522 0.054615384615384614 0.10283315844700944
0 0.8807692307692307 0.5320041972717734 0.05846153846153846 0.1049317943336831
0 0.9246153846153846 0.5267576075550892 0.05923076923076923 0.1080797481636936
0 0.9646153846153847 0.5209863588667366 0.06076923076923077 0.10703043022035677
0 0.4076923076923077 0.6799580272822665 0.04846153846153846 0.10283315844700944
0 0.45 0.674186778593914 0.04692307692307692 0.10178384050367262
0 0.4896153846153846 0.6689401888772298 0.047692307692307694 0.1049317943336831
0 0.03923076923076923 0.7334732423924449 0.05153846153846154 0.10388247639034627
0 0.3676923076923077 0.6873032528856243 0.046153846153846156 0.10598111227701994
0 0.08115384615384616 0.7282266526757608 0.05153846153846154 0.1049317943336831
0 0.5292307692307693 0.664218258132214 0.047692307692307694 0.10703043022035677
0 0.24576923076923077 0.7051416579223505 0.052307692307692305 0.10283315844700944
0 0.12038461538461538 0.723504721930745 0.04923076923076923 0.09863588667366212
0 0.5711538461538461 0.6594963273871983 0.05153846153846154 0.1080797481636936
0 0.2853846153846154 0.7009443861490031 0.047692307692307694 0.10598111227701994
0 0.6534615384615384 0.6500524658971668 0.04692307692307692 0.10283315844700944
0 0.6134615384615385 0.6563483735571878 0.045384615384615384 0.1049317943336831
0 0.16192307692307692 0.7214060860440713 0.05307692307692308 0.10598111227701994
0 0.2073076923076923 0.7151101783840503 0.05076923076923077 0.10283315844700944
0 0.6923076923076923 0.6458551941238195 0.047692307692307694 0.10073452256033578
0 0.7315384615384616 0.6406086044071354 0.04923076923076923 0.10073452256033578
0 0.7742307692307693 0.6369359916054564 0.05384615384615385 0.10388247639034627
0 0.32576923076923076 0.7025183630640084 0.04692307692307692 0.10178384050367262
0 0.8142307692307692 0.6358866736621196 0.054615384615384614 0.1049317943336831
0 0.8934615384615384 0.6274921301154249 0.04846153846153846 0.10178384050367262
0 0.8561538461538462 0.6327387198321092 0.05384615384615385 0.1080797481636936
0 0.9342307692307692 0.6264428121720882 0.06 0.11017838405036726
0 0.9746153846153847 0.621196222455404 0.05076923076923077 0.11122770199370409
0 0.036923076923076927 0.8310598111227702 0.03538461538461538 0.09548793284365163
0 0.43884615384615383 0.7743966421825813 0.047692307692307694 0.1049317943336831
0 0.07115384615384615 0.8273871983210913 0.05153846153846154 0.09863588667366212
0 0.27384615384615385 0.7995802728226653 0.05153846153846154 0.10178384050367262
0 0.5188461538461538 0.7649527806925498 0.04846153846153846 0.10388247639034627
0 0.11076923076923077 0.8237145855194123 0.04846153846153846 0.10073452256033578
0 0.31576923076923075 0.7943336831059811 0.04923076923076923 0.09968520461699895
0 0.4776923076923077 0.7712486883525709 0.046153846153846156 0.10388247639034627
0 0.6811538461538461 0.7418677859391396 0.04461538461538461 0.10178384050367262
0 0.15076923076923077 0.8184679958027282 0.05153846153846154 0.10178384050367262
0 0.5603846153846154 0.7607555089192025 0.047692307692307694 0.10283315844700944
0 0.3573076923076923 0.7901364113326338 0.04461538461538461 0.10283315844700944
0 0.6 0.7555089192025184 0.05 0.10598111227701994
0 0.6426923076923077 0.7492130115424974 0.04846153846153846 0.10703043022035677
0 0.7603846153846154 0.7329485834207765 0.047692307692307694 0.10178384050367262
0 0.39807692307692305 0.7854144805876181 0.04923076923076923 0.1080797481636936
0 0.72 0.7397691500524659 0.04923076923076923 0.1049317943336831
0 0.18884615384615386 0.8189926547743966 0.05153846153846154 0.09653725078698845
0 0.7992307692307692 0.7318992654774397 0.05384615384615385 0.10283315844700944
0 0.8415384615384616 0.727177334732424 0.05 0.09548793284365163
0 0.8811538461538462 0.7224554039874082 0.054615384615384614 0.09758656873032528
0 0.2326923076923077 0.816894018887723 0.05384615384615385 0.09758656873032528
0 0.9246153846153846 0.7219307450157397 0.052307692307692305 0.10283315844700944
0 0.9638461538461538 0.717208814270724 0.05 0.09653725078698845
0 0.9869230769230769 0.7166841552990556 0.026153846153846153 0.09863588667366212
0 0.061153846153846156 0.9213011542497377 0.05307692307692308 0.10178384050367262
0 0.1026923076923077 0.9155299055613851 0.04846153846153846 0.09758656873032528
0 0.14076923076923076 0.9113326337880377 0.04692307692307692 0.08814270724029381
0 0.33807692307692305 0.8840503672612802 0.04846153846153846 0.0944386149003148
0 0.4592307692307692 0.8667366211962224 0.046153846153846156 0.09863588667366212
0 0.17807692307692308 0.9076600209863589 0.047692307692307694 0.09233997901364113
0 0.29846153846153844 0.8903462749213011 0.04692307692307692 0.09548793284365163
0 0.49961538461538463 0.8614900314795383 0.047692307692307694 0.09653725078698845
0 0.25576923076923075 0.897691500524659 0.05 0.09338929695697797
0 0.661923076923077 0.8394543546694648 0.04692307692307692 0.09338929695697797
0 0.5411538461538462 0.857292759706191 0.04692307692307692 0.0944386149003148
0 0.5811538461538461 0.8520461699895068 0.046153846153846156 0.09338929695697797
0 0.6215384615384615 0.8462749213011542 0.04923076923076923 0.09338929695697797
0 0.21576923076923077 0.9045120671563484 0.047692307692307694 0.09024134312696747
0 0.41884615384615387 0.8756558237145855 0.043076923076923075 0.0912906610703043
0 0.8173076923076923 0.8184679958027282 0.05076923076923077 0.09338929695697797
0 0.3792307692307692 0.8819517313746065 0.046153846153846156 0.0912906610703043
0 0.7023076923076923 0.835781741867786 0.04692307692307692 0.0912906610703043
0 0.8553846153846154 0.8137460650577125 0.05153846153846154 0.09233997901364113
0 0.7796153846153846 0.8247639034627492 0.04846153846153846 0.09233997901364113
0 0.8896153846153846 0.8095487932843651 0.046153846153846156 0.09024134312696747
0 0.7407692307692307 0.8310598111227702 0.04846153846153846 0.08919202518363065
0 0.9323076923076923 0.8069254984260231 0.05307692307692308 0.08184679958027283
0 0.9726923076923077 0.8011542497376705 0.05307692307692308 0.08394543546694648
0 0.995 0.7985309548793285 0.01 0.07555089192025184