0 0.060907692307692315 0.11405036726128016 0.05076923076923077 0.12403987408184677
0 0.020238461538461535 0.11770199370409233 0.040084615384615385 0.12258132214060859
0 0.15269230769230768 0.11879328436516265 0.043776923076923054 0.11601259181532006
0 0.38418461538461535 0.11989506820566631 0.04536153846153844 0.11528856243441762
0 0.43127692307692306 0.1202623294858342 0.043200000000000065 0.11602308499475339
0 0.1072 0.12098635886673662 0.04700769230769232 0.1233158447009444
0 0.24687692307692308 0.12171038824763901 0.046946153846153825 0.11601259181532003
0 0.2035307692307692 0.12207764952780693 0.04268461538461539 0.11236096537250785
0 0.34003846153846157 0.12354669464847848 0.04483846153846151 0.11674711437565584
0 0.5662461538461538 0.12447009443861491 0.04213846153846152 0.11758656873032529
0 0.5206538461538461 0.12467995802728225 0.04462307692307692 0.11547743966421826
0 0.47596923076923076 0.12500524658971668 0.04371538461538456 0.11966421825813224
0 0.6123307692307692 0.12532004197271773 0.04926923076923073 0.12012591815320044
0 0.2950846153846154 0.1271878279118573 0.04593076923076926 0.11674711437565584
0 0.6582307692307693 0.12951731374606507 0.046784615384615334 0.11844700944386148
0 0.7489538461538462 0.13287513116474292 0.05013846153846159 0.11843651626442812
0 0.7030538461538461 0.13350472193074503 0.047692307692307694 0.11717733473242391
0 0.7948923076923076 0.14233997901364115 0.049576923076923025 0.11550891920251835
0 0.840176923076923 0.14507869884575025 0.051400000000000126 0.11424973767051416
0 0.8973153846153846 0.145498426023085 0.04922307692307676 0.11845750262329484
0 0.9444538461538461 0.14696747114375655 0.05413076923076915 0.11550891920251835
0 0.9821692307692307 0.14714585519412382 0.03566153846153856 0.12131164742917105
0 0.06866923076923076 0.23485834207764952 0.04488461538461538 0.11594963273871983
0 0.15616923076923078 0.23705141657922346 0.046446153846153845 0.1159496327387198
0 0.3868615384615385 0.23852046169989508 0.04321538461538458 0.11450157397691502
0 0.023184615384615383 0.23887722980062956 0.04596923076923076 0.119601259181532
0 0.43449230769230773 0.23924449108079748 0.046407692307692254 0.11741867785939138
0 0.20406923076923078 0.23961175236096538 0.04696153846153845 0.11522560335781742
0 0.25169230769230766 0.23961175236096538 0.04373076923076925 0.11375655823714588
0 0.34297692307692307 0.24034627492130117 0.045376923076923086 0.11084994753410282
0 0.5850307692307692 0.24075550891920253 0.04481538461538461 0.11608604407135362
0 0.5359076923076923 0.24108079748163694 0.04576923076923077 0.11544596012591814
0 0.11175384615384615 0.241794333683106 0.04753846153846155 0.11668415529905563
0 0.29691538461538464 0.24216159496327383 0.04853076923076925 0.1159496327387198
0 0.4816384615384615 0.24299055613850995 0.045792307692307674 0.11544596012591814
0 0.6313461538461539 0.24650577124868833 0.046661538461538525 0.11480587618048271
0 0.6778923076923077 0.2506505771248688 0.04243076923076929 0.11671563483735574
0 0.7223692307692308 0.2509653725078699 0.04622307692307686 0.11479538300104936
0 0.05516923076923077 0.025414480587618048 0.042530769230769226 0.050828961175236095
0 0.7691538461538462 0.2563903462749213 0.04713846153846152 0.11415529905561388
0 0.8157000000000001 0.2589401888772298 0.052261538461538505 0.11415529905561388
0 0.01566153846153846 0.026463798530954877 0.031038461538461536 0.0529171038824764
0 0.9031846153846155 0.26402938090241346 0.051707692307692156 0.11509968520461702
0 0.9470846153846154 0.26402938090241346 0.0519923076923078 0.11258132214060859
0 0.8589692307692308 0.2642077649527807 0.05200769230769241 0.11376705141657924
0 0.9814923076923078 0.26654774396642184 0.03701538461538453 0.11342077649527804
0 0.1519230769230769 0.02833158447009444 0.04692307692307692 0.05666316894018888
0 0.20461538461538462 0.028625393494228754 0.0475076923076923 0.056977964323189925
0 0.1012 0.02881427072402938 0.04864615384615385 0.05762854144805876
0 0.3513769230769231 0.029863588667366214 0.04483076923076921 0.05972717733473243
0 0.3989384615384615 0.029863588667366214 0.044807692307692305 0.05972717733473243
0 0.2585076923076923 0.030650577124868836 0.048638461538461554 0.06130115424973767
0 0.3063 0.031175236096537252 0.044469230769230816 0.06233997901364113
0 0.4451615384615385 0.031175236096537252 0.04593846153846156 0.06233997901364113
0 0.5844538461538461 0.03143756558237146 0.04596153846153846 0.06287513116474291
0 0.4923846153846154 0.03202518363064008 0.044469230769230726 0.06378803777544596
0 0.538423076923077 0.032224554039874086 0.045215384615384595 0.06443861490031479
0 0.6327846153846154 0.0325498426023085 0.04670769230769233 0.06482686253934943
0 0.6788461538461539 0.03410283315844701 0.04846153846153846 0.06820566631689402
0 0.07910769230769231 0.3505666316894019 0.04755384615384615 0.11370409233997902
0 0.5258307692307692 0.3515215110178384 0.045276923076923 0.109087093389297
0 0.34646153846153843 0.3520356768100735 0.043769230769230755 0.10786988457502618
0 0.3903384615384615 0.35239244491080796 0.04375384615384615 0.1100629590766002
0 0.036561538461538465 0.35275970619097585 0.04703846153846154 0.10932843651626437
0 0.16633846153846155 0.3531164742917104 0.04430000000000003 0.1129695697796432
0 0.5705076923076923 0.35343126967471145 0.042915384615384584 0.11036726128016784
0 0.21476923076923077 0.3538509968520462 0.04481538461538461 0.10859391395592866
0 0.25811538461538464 0.354585519412382 0.048007692307692286 0.11151101783840502
0 0.4361 0.3549527806925498 0.04319230769230776 0.11225603357817421
0 0.12299230769230768 0.35530954879328436 0.04539230769230768 0.11151101783840502
0 0.48092307692307695 0.35598111227701995 0.044361538461538515 0.10653725078698843
0 0.6142538461538462 0.35790136411332635 0.043369230769230854 0.10525708289611758
0 0.3044076923076923 0.35822665267576076 0.04638461538461535 0.10859391395592866
0 0.7013153846153847 0.3616894018887723 0.04155384615384614 0.10772298006295904
0 0.6570769230769231 0.36296956977964323 0.04103846153846147 0.10773347324239241
0 0.7448230769230769 0.3667890870933893 0.04434615384615392 0.10644281217208808
0 0.727 0.03693599160545646 0.04483846153846151 0.07386149003147956
0 0.7741846153846155 0.036998950682056664 0.04865384615384615 0.07373557187827912
0 0.7932461538461538 0.3709338929695698 0.04853076923076925 0.11090241343126973
0 0.8402615384615384 0.37540398740818465 0.05178461538461551 0.11346274921301154
0 0.9304461538461538 0.3774816369359916 0.04953846153846161 0.11083945435466946
0 0.9746538461538461 0.3779013641133263 0.05044615384615379 0.11000000000000004
0 0.8856230769230768 0.37895068205666316 0.05479230769230771 0.11378803777544602
0 0.8202153846153846 0.04268625393494229 0.05016153846153849 0.08537250786988458
0 0.9100153846153846 0.04275970619097587 0.05479230769230771 0.08525708289611753
0 0.8645538461538462 0.04354669464847849 0.05289230769230786 0.08683105981112277
0 0.9602615384615384 0.04354669464847849 0.062438461538461595 0.08578174186778594
0 0.08393846153846155 0.46014690451206713 0.043300000000000005 0.10504721930745017
0 0.04406923076923077 0.46014690451206713 0.04492307692307692 0.10504721930745017
0 0.5246615384615384 0.4606400839454355 0.041061538461538545 0.10903462749213008
0 0.5712153846153847 0.46128016789087095 0.04432307692307684 0.10903462749213008
0 0.3922692307692307 0.46159496327387195 0.040184615384615346 0.10711437565582375
0 0.3499076923076923 0.46196222455403985 0.04318461538461538 0.10722980062959082
0 0.011961538461538463 0.46306400839454354 0.023530769230769227 0.09920251836306397
0 0.17143846153846154 0.46378803777544597 0.04700769230769232 0.10942287513116472
0 0.12487692307692308 0.4641552990556138 0.04595384615384616 0.10577124868835253
0 0.48115384615384615 0.4647848898216159 0.04295384615384609 0.10584470094438615
0 0.26187692307692306 0.46488982161594966 0.04482307692307691 0.1072298006295907
0 0.43624615384615384 0.4651101783840504 0.04484615384615381 0.10775445960125923
0 0.30763076923076926 0.46561385099685204 0.042130769230769215 0.10722980062959082
0 0.2147846153846154 0.467806925498426 0.046984615384615395 0.11160545645330537
0 0.7019846153846154 0.46891920251836305 0.04309230769230768 0.10624344176285415
0 0.6119153846153846 0.4695697796432319 0.043369230769230854 0.10647429171038827
0 0.6574692307692308 0.4703882476390346 0.04464615384615382 0.10666316894018886
0 0.7562 0.47479538300104934 0.04799230769230777 0.10708289611752356
0 0.8039615384615385 0.4794333683105981 0.0498461538461539 0.10290661070304295
0 0.9318384615384616 0.48406086044071356 0.04985384615384611 0.09955928646379852
0 0.887476923076923 0.48490031479538304 0.04679230769230763 0.10375655823714586
0 0.9736384615384616 0.48490031479538304 0.05272307692307689 0.10375655823714586
0 0.8458615384615383 0.4855299055613851 0.049215384615384626 0.10332633788037779
0 0.013830769230769233 0.564900314795383 0.0262 0.099884575026233
0 0.04246153846153846 0.5652570828961175 0.037430769230769226 0.09915005246589717
0 0.4605692307692308 0.5662539349422875 0.040153846153846186 0.09558237145855192
0 0.5026769230769231 0.5662539349422875 0.039200000000000026 0.10068205666316898
0 0.5433769230769231 0.5662539349422875 0.040123076923076983 0.09940188877229802
0 0.08126153846153845 0.5663588667366212 0.044369230769230765 0.10571878279118573
0 0.37589230769230775 0.566894018887723 0.040192307692307735 0.09813221406086042
0 0.4189307692307692 0.5675341028331584 0.04298461538461547 0.10323189926547738
0 0.2519769230769231 0.5681846799580273 0.04215384615384612 0.09769150052465894
0 0.5852461538461539 0.5684889821615949 0.040569230769230774 0.09877229800629596
0 0.12567692307692307 0.5700104931794334 0.04434615384615383 0.09987408184679965
0 0.29264615384615383 0.5703672612801678 0.04320769230769227 0.10206715634837354
0 0.16635384615384616 0.5707345225603357 0.04219230769230771 0.10133263378803771
0 0.33466153846153845 0.5707345225603357 0.04372307692307695 0.10133263378803771
0 0.6662307692307693 0.5721196222455405 0.0424461538461539 0.10165792235047225
0 0.6254153846153846 0.5723294858342077 0.04030769230769238 0.09871983210912905
0 0.20943076923076923 0.5736516264428122 0.045915384615384636 0.10133263378803771
0 0.7092 0.5750577124868835 0.04519999999999999 0.10333683105981115
0 0.7519 0.5773452256033579 0.04186153846153852 0.09697796432318995
0 0.7933384615384614 0.5794438614900315 0.04399999999999995 0.10033578174186773
0 0.8340000000000001 0.5836516264428122 0.047061538461538335 0.09697796432318995
0 0.8760769230769232 0.5859601259181532 0.05110769230769235 0.09824763903462742
0 0.9201307692307693 0.58700944386149 0.051707692307692156 0.10118572927597069
0 0.9603307692307693 0.58700944386149 0.05323076923076909 0.09950682056663161
0 0.3943307692307692 0.6660545645330536 0.04093846153846156 0.0970304302203568
0 0.43684615384615383 0.6660545645330536 0.039692307692307624 0.0970304302203568
0 0.47658461538461533 0.6662644281217209 0.04029230769230777 0.09996852046169988
0 0.024 0.6667261280167891 0.044392307692307696 0.09763903462749209
0 0.3541923076923077 0.6674606505771249 0.03890000000000004 0.10055613850996845
0 0.06600769230769231 0.6674606505771249 0.04383846153846155 0.09909758656873038
0 0.5166307692307692 0.6677334732423925 0.040269230769230696 0.1020776495278069
0 0.2313769230769231 0.6678279118572928 0.04483846153846151 0.09690451206715625
0 0.10534615384615384 0.6681951731374606 0.04221538461538461 0.09325288562434406
0 0.5584076923076923 0.6685519412381952 0.04372307692307686 0.1020251836306401
0 0.27124615384615386 0.669286463798531 0.0400076923076923 0.10129066107030428
0 0.6409692307692307 0.6712906610703043 0.03937692307692312 0.09740818467995795
0 0.6007692307692307 0.6715005246589717 0.03785384615384618 0.10034627492130127
0 0.14681538461538463 0.6722035676810073 0.04594615384615386 0.09982161594963261
0 0.19230769230769232 0.6722035676810073 0.04378461538461537 0.09690451206715625
0 0.6802461538461538 0.6727597061909758 0.040900000000000054 0.09529905561385094
0 0.7196769230769231 0.6727597061909758 0.04211538461538462 0.09529905561385094
0 0.7622307692307693 0.675498426023085 0.046492307692307736 0.09742917103882467
0 0.3113769230769231 0.6765897166841552 0.039984615384615396 0.09690451206715625
0 0.8021230769230769 0.6801259181532003 0.047392307692307706 0.09910807974816374
0 0.8815999999999999 0.6828541448058761 0.04119999999999996 0.09615949632738731
0 0.8441692307692308 0.6830640083945436 0.046453846153846054 0.101626442812172
0 0.9221307692307692 0.6876810073452256 0.05200769230769241 0.1032948583420777
0 0.9669538461538462 0.6887303252885625 0.051676923076922954 0.10455403987408195
0 0.014261538461538461 0.7631584470094438 0.028523076923076922 0.09188877229800622
0 0.4182076923076923 0.7639664218258132 0.0400076923076923 0.09950682056663161
0 0.04835384615384615 0.7642497376705142 0.044930769230769226 0.0926128016789087
0 0.25198461538461536 0.7657082896117524 0.044307692307692326 0.09552990556138506
0 0.49845384615384614 0.7660650577124868 0.040900000000000054 0.09866736621196219
0 0.08795384615384616 0.7664428121720881 0.041699999999999994 0.09552990556138506
0 0.29426153846153846 0.7664428121720881 0.04214615384615382 0.094071353620147
0 0.4571769230769231 0.7664847848898216 0.03844615384615386 0.09866736621196219
0 0.6614692307692307 0.7665057712486884 0.0372461538461539 0.09701993704092343
0 0.12836153846153847 0.7671668415529905 0.04436153846153847 0.09552990556138506
0 0.5400692307692307 0.7681846799580273 0.040315384615384676 0.09785939139559285
0 0.33573846153846154 0.7682686253934942 0.03731538461538461 0.09772298006295896
0 0.5799615384615385 0.7683945435466947 0.042453846153846196 0.09995802728226652
0 0.6227846153846154 0.7683945435466947 0.04058461538461538 0.10163693599160535
0 0.7409461538461538 0.7690241343126968 0.04029230769230777 0.09701993704092343
0 0.37662307692307695 0.7692130115424973 0.041253846153846196 0.10328436516264435
0 0.7004384615384616 0.7696537250786989 0.041846153846153915 0.09995802728226652
0 0.16609230769230768 0.7730115424973767 0.04487692307692306 0.09114375655823705
0 0.7799384615384616 0.7734417628541448 0.04679230769230772 0.09660020986358861
0 0.8221461538461539 0.774700944386149 0.043076923076923075 0.08987408184679968
0 0.8618846153846155 0.7755403987408185 0.047984615384615466 0.09155299055613851
0 0.20996923076923074 0.7770304302203568 0.04700000000000002 0.09187827911857287
0 0.9051692307692308 0.7810073452256033 0.04519230769230769 0.09658971668415525
0 0.9446153846153846 0.7820566631689402 0.043369230769230854 0.09112277019937032
0 0.9790307692307693 0.787093389296957 0.04193846153846152 0.09364113326337882
0 0.031230769230769225 0.8562329485834208 0.046007692307692305 0.09548793284365163
0 0.07296923076923077 0.8566002098635886 0.04170769230769231 0.09183630640083944
0 0.11123846153846155 0.8576915005246589 0.04115384615384615 0.08233997901364117
0 0.30951538461538464 0.8587827911857292 0.04160769230769233 0.08891920251836308
0 0.43146153846153845 0.8591710388247639 0.03940000000000002 0.09322140608604398
0 0.1487 0.8595173137460651 0.041138461538461554 0.08745015739769141
0 0.26964615384615387 0.8595173137460651 0.0400153846153846 0.09037775445960114
0 0.47181538461538464 0.8595907660020987 0.04123076923076916 0.09154249737670515
0 0.22683076923076922 0.8606086044071354 0.043246153846153865 0.08818467995802724
0 0.6349461538461538 0.8608394543546695 0.040276923076923 0.08814270724029381
0 0.5134076923076922 0.8610703043022035 0.039984615384615396 0.08943336831059813
0 0.553776923076923 0.8614690451206716 0.03938461538461542 0.08856243441762864
0 0.5944384615384615 0.8616789087093388 0.0424461538461539 0.08814270724029381
0 0.18616153846153846 0.8617103882476391 0.04112307692307693 0.08453305351521505
0 0.3905923076923077 0.8620671563483735 0.03675384615384613 0.08672612801678918
0 0.7910307692307692 0.8620986358866737 0.04432307692307684 0.08730325288562439
0 0.3504538461538461 0.8624344176285414 0.039984615384615396 0.08599160545645336
0 0.6754923076923077 0.8625288562434418 0.04062307692307688 0.08646379853095497
0 0.8295384615384616 0.8627282266526757 0.044923076923076996 0.08688352570828957
0 0.7532692307692308 0.8627387198321091 0.042130769230769215 0.08688352570828957
0 0.8635769230769231 0.8635781741867786 0.039669230769230894 0.08520461699895072
0 0.7141461538461539 0.863788037775446 0.04214615384615382 0.08394543546694648
0 0.9062461538461538 0.866726128016789 0.047353846153846114 0.07554039874081847
0 0.9469307692307692 0.866726128016789 0.04737692307692319 0.07721930745015732
0 0.9834615384615385 0.869884575026233 0.03307692307692308 0.07135362014690451