0 0.8720187500000001 0.8879393939393939 0.1991187500000001 0.06754978354978354
0 0.56445625 0.09483116883116884 0.09884375000000006 0.11302164502164504
0 0.46173125 0.09873593073593075 0.09783124999999998 0.10912554112554111
0 0.286625 0.11237229437229436 0.21463750000000004 0.10912554112554114
0 0.090875 0.12958441558441558 0.18136875 0.09938528138528141
0 0.9038124999999999 0.13283116883116883 0.1923750000000001 0.14354978354978357
0 0.764175 0.16044155844155844 0.10158749999999998 0.10652813852813854
0 0.6026625 0.19453679653679654 0.20620000000000005 0.1253679653679654
0 0.49181874999999997 0.020969696969696968 0.203925 0.039861471861471855
0 0.40335625 0.2205194805194805 0.18364999999999995 0.10977489177489176
0 0.26035 0.22247619047619047 0.10019375000000004 0.11886580086580083
0 0.14526250000000002 0.23188744588744586 0.10727500000000001 0.10912554112554111
0 0.04845625 0.23286580086580086 0.09653125 0.10587878787878788
0 0.32221249999999996 0.024424242424242425 0.09821249999999995 0.04884848484848485
0 0.8595999999999999 0.24812987012987012 0.19773124999999994 0.10522943722943723
0 0.7083812500000001 0.27995670995670996 0.12317499999999995 0.12341125541125537
0 0.60218125 0.303012987012987 0.09926874999999996 0.10198268398268395
0 0.45379375000000005 0.3225021645021645 0.20293750000000002 0.12666666666666662
0 0.24932500000000002 0.3367965367965368 0.20380625000000002 0.12276190476190472
0 0.09533125 0.3488138528138528 0.10401250000000001 0.100034632034632
0 0.1625 0.03722943722943723 0.21875 0.07445887445887446
0 0.83005 0.3751168831168831 0.21834374999999995 0.1487445887445887
0 0.60990625 0.4144155844155844 0.2244375000000001 0.13380952380952377
0 0.45545 0.44169696969696975 0.09745625000000004 0.10393073593073594
0 0.30417500000000003 0.4488398268398268 0.20378750000000004 0.100034632034632
0 0.08641875 0.45176623376623376 0.17153125 0.09677922077922076
0 0.8792874999999999 0.47547186147186143 0.10112500000000012 0.12081385281385278
0 0.9038124999999999 0.048718614718614724 0.1923750000000001 0.09743722943722945
0 0.7271500000000001 0.5206147186147185 0.21604375000000003 0.15914285714285709
0 0.24980625 0.5414025974025974 0.09786250000000002 0.09808658008658006
0 0.15253125 0.545948051948052 0.09743125 0.09158441558441556
0 0.5159125 0.5475757575757576 0.20431250000000006 0.1065281385281385
0 0.050093750000000006 0.5491948051948052 0.09794374999999998 0.09028571428571426
0 0.3513 0.5501731601731602 0.10016249999999999 0.0987359307359307
0 0.84224375 0.6135064935064936 0.2099000000000001 0.1435497835497835
0 0.2830875 0.6443549783549783 0.14003750000000004 0.0987359307359307
0 0.106575 0.6463030303030303 0.2099625 0.0987359307359307
0 0.64014375 0.6485800865800866 0.19488750000000002 0.09938528138528135
0 0.44723125 0.6508484848484849 0.18699375000000004 0.0987359307359307
0 0.71094375 0.0669004329004329 0.20238750000000003 0.12861471861471863
0 0.90789375 0.7093160173160173 0.08893750000000011 0.100034632034632
0 0.81015 0.7197056277056277 0.11194999999999994 0.1091255411255411
0 0.18978750000000003 0.7408138528138528 0.173825 0.09677922077922076
0 0.053375000000000006 0.7411428571428571 0.09887499999999999 0.100034632034632
0 0.34945625 0.7456883116883116 0.13117499999999996 0.1052294372294372
0 0.6910124999999999 0.746987012987013 0.12407499999999999 0.09483116883116881
0 0.518725 0.7486060606060606 0.19868750000000004 0.10068398268398265
0 0.92688125 0.8041471861471862 0.09689999999999997 0.1117229437229437
0 0.82374375 0.8164848484848485 0.11006875000000008 0.1013333333333333
0 0.7273625 0.8385714285714285 0.09455624999999998 0.0974372294372294
0 0.42705 0.8434458874458874 0.09223124999999996 0.09158441558441556
0 0.6251625 0.8440952380952381 0.11053750000000008 0.10068398268398275
0 0.08056250000000001 0.8444155844155844 0.11105000000000001 0.0987359307359307
0 0.1977625 0.8492900432900433 0.10350000000000001 0.10328138528138535
0 0.31285625000000006 0.8492900432900432 0.11142500000000002 0.09548051948051946
0 0.5215625 0.8509177489177489 0.09651250000000004 0.0961298701298702