0 0.46307692307692305 0.2277951933124347 0.07538461538461538 0.1588296760710554
0 0.6084615384615385 0.22570532915360503 0.06846153846153846 0.16509926854754442
0 0.09423076923076923 0.2502612330198537 0.18846153846153846 0.17659352142110762
0 0.5388461538461539 0.22988505747126436 0.08076923076923077 0.1619644723092999
0 0.9423076923076923 0.21055381400208986 0.10461538461538461 0.15569487983281086
0 0.3080769230769231 0.24242424242424243 0.23461538461538461 0.1703239289446186
0 0.8496153846153847 0.21786833855799373 0.0823076923076923 0.15987460815047022
0 0.7661538461538462 0.22309299895506793 0.0823076923076923 0.16300940438871472
0 0.6896153846153846 0.22988505747126436 0.07769230769230769 0.1588296760710554
0 0.37038461538461537 0.390282131661442 0.07615384615384616 0.15569487983281086
0 0.5392307692307692 0.38610240334378265 0.2353846153846154 0.1755485893416928
0 0.13076923076923078 0.4070010449320794 0.08153846153846153 0.16091954022988506
0 0.9526923076923077 0.36886102403343785 0.06307692307692307 0.1619644723092999
0 0.058076923076923075 0.4117032392894462 0.06846153846153846 0.16405433646812956
0 0.29423076923076924 0.40334378265412746 0.07923076923076923 0.15987460815047022
0 0.8003846153846154 0.38140020898641586 0.22846153846153847 0.17450365726227796
0 0.21576923076923077 0.4101358411703239 0.07769230769230769 0.15464994775339602
0 0.3934615384615385 0.5475444096133751 0.07923076923076923 0.1588296760710554
0 0.4703846153846154 0.5475444096133751 0.07615384615384616 0.15987460815047022
0 0.06269230769230769 0.5663531870428422 0.12538461538461537 0.16300940438871472
0 0.938076923076923 0.5287356321839081 0.12384615384615384 0.16300940438871472
0 0.5473076923076923 0.5475444096133751 0.08153846153846153 0.15987460815047022
0 0.24 0.5632183908045977 0.23461538461538461 0.16405433646812956
0 0.8403846153846154 0.5381400208986415 0.07846153846153846 0.15673981191222572
0 0.6138461538461538 0.5512016718913271 0.06615384615384616 0.16091954022988506
0 0.7646153846153846 0.5444096133751306 0.07846153846153846 0.1619644723092999
0 0.6903846153846154 0.5501567398119123 0.06384615384615384 0.15987460815047022
0 0.9826923076923076 0.6849529780564263 0.03461538461538462 0.15778474399164055
0 0.32653846153846156 0.7168234064785789 0.08 0.16405433646812956
0 0.9346153846153846 0.6880877742946708 0.07153846153846154 0.15673981191222572
0 0.7673076923076924 0.6964472309299895 0.22846153846153847 0.1619644723092999
0 0.08461538461538462 0.7293625914315569 0.07692307692307693 0.16509926854754442
0 0.16038461538461538 0.7267502612330199 0.0823076923076923 0.16300940438871472
0 0.4888461538461538 0.7115987460815048 0.2376923076923077 0.16823406478578892
0 0.24884615384615386 0.7241379310344828 0.08384615384615385 0.15987460815047022
0 0.02576923076923077 0.7351097178683386 0.04384615384615385 0.15673981191222572
0 0.018846153846153846 0.09561128526645768 0.03769230769230769 0.14733542319749215
0 0.96 0.062173458725182866 0.06 0.12434691745036573
0 0.07538461538461538 0.09299895506792058 0.08076923076923077 0.14942528735632185
0 0.5092307692307693 0.07628004179728318 0.24307692307692308 0.15256008359456635
0 0.8976923076923077 0.06739811912225706 0.06769230769230769 0.13479623824451412
0 0.36038461538461536 0.08254963427377221 0.06384615384615384 0.15569487983281086
0 0.14576923076923076 0.09352142110762801 0.06692307692307692 0.15464994775339602
0 0.7469230769230769 0.0768025078369906 0.24 0.1536050156739812
0 0.29346153846153844 0.0903866248693835 0.08 0.15987460815047022
0 0.21653846153846154 0.09665621734587251 0.0823076923076923 0.15778474399164055
0 0.6376923076923077 0.8380355276907001 0.07 0.12539184952978055
0 0.9523076923076923 0.8254963427377221 0.09538461538461539 0.11912225705329153
0 0.8738461538461538 0.8312434691745036 0.06153846153846154 0.11494252873563218
0 0.4876923076923077 0.8500522466039707 0.07538461538461538 0.1180773249738767
0 0.06961538461538462 0.8699059561128527 0.12384615384615384 0.12225705329153605
0 0.803076923076923 0.835423197492163 0.07846153846153846 0.11389759665621735
0 0.7296153846153847 0.8385579937304075 0.07230769230769231 0.11598746081504702
0 0.25461538461538463 0.8620689655172413 0.2353846153846154 0.12330198537095088
0 0.40884615384615386 0.8547544409613375 0.07307692307692308 0.11285266457680251
0 0.561923076923077 0.8474399164054337 0.07384615384615385 0.11389759665621735