0 0.4165384615384615 0.15256008359456635 0.12307692307692308 0.0741901776384535
0 0.5380769230769231 0.14054336468129572 0.12307692307692308 0.07628004179728318
0 0.6603846153846153 0.12591431556948798 0.12076923076923077 0.07314524555903866
0 0.295 0.1724137931034483 0.12461538461538461 0.0741901776384535
0 0.17461538461538462 0.18704284221525602 0.12153846153846154 0.07210031347962383
0 0.8603846153846154 0.15987460815047022 0.12538461538461537 0.07314524555903866
0 0.3607692307692308 0.22152560083594566 0.12538461538461537 0.07105538140020899
0 0.48730769230769233 0.20689655172413793 0.12461538461538461 0.07210031347962383
0 0.7392307692307692 0.1781609195402299 0.12153846153846154 0.07314524555903866
0 0.175 0.24660397074190177 0.24615384615384617 0.08463949843260188
0 0.6203846153846154 0.19331243469174503 0.12461538461538461 0.07314524555903866
0 0.3646153846153846 0.2800417972831766 0.12384615384615384 0.07210031347962383
0 0.4919230769230769 0.26489028213166144 0.12230769230769231 0.07001044932079414
0 0.8546153846153847 0.2220480668756531 0.11923076923076924 0.07001044932079414
0 0.735 0.23667711598746083 0.12230769230769231 0.07210031347962383
0 0.1773076923076923 0.30355276907001044 0.24769230769230768 0.08463949843260188
0 0.6130769230769231 0.25339602925809823 0.12307692307692308 0.0741901776384535
0 0.4926923076923077 0.3239289446185998 0.12307692307692308 0.07732497387669801
0 0.24923076923076923 0.35318704284221525 0.12384615384615384 0.07210031347962383
0 0.12230769230769231 0.36938349007314525 0.12461538461538461 0.07314524555903866
0 0.37153846153846154 0.3396029258098224 0.12384615384615384 0.07314524555903866
0 0.8519230769230769 0.2831765935214211 0.12230769230769231 0.07210031347962383
0 0.6119230769230769 0.312957157784744 0.12384615384615384 0.07001044932079414
0 0.7326923076923076 0.2993730407523511 0.12230769230769231 0.07210031347962383
0 0.4930769230769231 0.384012539184953 0.12076923076923077 0.07210031347962383
0 0.24884615384615386 0.41379310344827586 0.12230769230769231 0.07105538140020899
0 0.37038461538461537 0.3996865203761755 0.12230769230769231 0.07105538140020899
0 0.7961538461538461 0.3490073145245559 0.24461538461538462 0.08463949843260188
0 0.6123076923076923 0.3725182863113898 0.12307692307692308 0.0741901776384535
0 0.12653846153846154 0.4320794148380355 0.12230769230769231 0.07210031347962383
0 0.5 0.4425287356321839 0.12307692307692308 0.07314524555903866
0 0.8623076923076923 0.4012539184952978 0.12230769230769231 0.07001044932079414
0 0.7388461538461538 0.4158829676071055 0.12307692307692308 0.0741901776384535
0 0.2592307692307692 0.47335423197492166 0.12307692307692308 0.07210031347962383
0 0.3792307692307692 0.4592476489028213 0.12307692307692308 0.07210031347962383
0 0.62 0.43051201671891326 0.12153846153846154 0.07210031347962383
0 0.13884615384615384 0.4885057471264368 0.12153846153846154 0.07314524555903866
0 0.4926923076923077 0.5036572622779519 0.12307692307692308 0.07105538140020899
0 0.37153846153846154 0.5188087774294671 0.12461538461538461 0.07210031347962383
0 0.24961538461538463 0.5344827586206896 0.12384615384615384 0.07314524555903866
0 0.8534615384615385 0.46290491118077326 0.12076923076923077 0.07105538140020899
0 0.6126923076923076 0.49164054336468127 0.12230769230769231 0.07210031347962383
0 0.12615384615384614 0.5512016718913271 0.12307692307692308 0.07210031347962383
0 0.7330769230769231 0.47962382445141066 0.12230769230769231 0.0741901776384535
0 0.8638461538461538 0.5193312434691745 0.12461538461538461 0.07314524555903866
0 0.3676923076923077 0.5783699059561128 0.12230769230769231 0.07001044932079414
0 0.49038461538461536 0.56478578892372 0.12230769230769231 0.07001044932079414
0 0.6111538461538462 0.5512016718913271 0.12230769230769231 0.07210031347962383
0 0.12076923076923077 0.6102403343782654 0.12307692307692308 0.07314524555903866
0 0.24269230769230768 0.5966562173458725 0.12307692307692308 0.07314524555903866
0 0.7415384615384616 0.5370950888192267 0.12153846153846154 0.06896551724137931
0 0.7953846153846154 0.587251828631139 0.2469230769230769 0.08672936259143156
0 0.37 0.6384535005224661 0.12307692307692308 0.07210031347962383
0 0.4907692307692308 0.6243469174503657 0.12153846153846154 0.07314524555903866
0 0.6130769230769231 0.6102403343782654 0.12230769230769231 0.07001044932079414
0 0.24384615384615385 0.6572622779519331 0.12307692307692308 0.07210031347962383
0 0.12 0.6729362591431557 0.12384615384615384 0.0741901776384535
0 0.8584615384615385 0.6374085684430512 0.12076923076923077 0.06896551724137931
0 0.6792307692307692 0.6614420062695925 0.24461538461538462 0.08672936259143156
0 0.3769230769230769 0.6990595611285266 0.12230769230769231 0.07210031347962383
0 0.4976923076923077 0.6849529780564263 0.12307692307692308 0.07210031347962383
0 0.2561538461538462 0.7147335423197492 0.12384615384615384 0.07210031347962383
0 0.13346153846153846 0.7309299895506792 0.12538461538461537 0.07210031347962383
0 0.7461538461538462 0.7110762800417972 0.12076923076923077 0.07105538140020899
0 0.8646153846153846 0.6980146290491118 0.11846153846153847 0.07001044932079414
0 0.6269230769230769 0.7272727272727273 0.12384615384615384 0.07314524555903866
0 0.44384615384615383 0.7497387669801463 0.24846153846153846 0.08672936259143156
0 0.19846153846153847 0.7816091954022989 0.24846153846153846 0.08672936259143156
0 0.74 0.7727272727272727 0.12307692307692308 0.07314524555903866
0 0.8692307692307693 0.758098223615465 0.12615384615384614 0.07523510971786834
0 0.6173076923076923 0.7894461859979102 0.12307692307692308 0.07210031347962383
0 0.3773076923076923 0.8187042842215256 0.12307692307692308 0.07523510971786834
0 0.49653846153846154 0.8051201671891327 0.12307692307692308 0.0741901776384535
0 0.13692307692307693 0.8490073145245559 0.12153846153846154 0.07314524555903866
0 0.2569230769230769 0.8349007314524556 0.12307692307692308 0.0741901776384535
0 0.29730769230769233 0.11128526645768025 0.12307692307692308 0.07523510971786834
0 0.1776923076923077 0.12591431556948798 0.12307692307692308 0.07314524555903866