0 0.046153846153846156 0.2186847599164927 0.09230769230769231 0.11377870563674322
0 0.1803846153846154 0.20198329853862212 0.13153846153846155 0.11795407098121086
0 0.4926923076923077 0.15501043841336118 0.14153846153846153 0.12734864300626306
0 0.7476923076923077 0.12004175365344467 0.25384615384615383 0.14613778705636743
0 0.3269230769230769 0.19154488517745302 0.1376923076923077 0.12004175365344467
0 0.9211538461538461 0.11377870563674322 0.10153846153846154 0.10647181628392484
0 0.12423076923076923 0.31315240083507306 0.24846153846153846 0.15657620041753653
0 0.6342307692307693 0.23643006263048016 0.27692307692307694 0.14509394572025053
0 0.37423076923076926 0.28131524008350733 0.17076923076923076 0.12317327766179541
0 0.8780769230769231 0.21033402922755742 0.20692307692307693 0.14718162839248433
0 0.6376923076923077 0.3324634655532359 0.13846153846153847 0.11586638830897704
0 0.21807692307692308 0.40396659707724425 0.15384615384615385 0.12317327766179541
0 0.5026923076923077 0.3564718162839248 0.13230769230769232 0.11377870563674322
0 0.3630769230769231 0.38100208768267224 0.12692307692307692 0.1127348643006263
0 0.7788461538461539 0.3136743215031315 0.1376923076923077 0.11899791231732777
0 0.9253846153846154 0.30532359081419624 0.12846153846153846 0.11377870563674322
0 0.7153846153846154 0.41805845511482254 0.13307692307692306 0.12004175365344467
0 0.12153846153846154 0.5187891440501043 0.24307692307692308 0.15866388308977036
0 0.4373076923076923 0.4671189979123173 0.12384615384615384 0.12004175365344467
0 0.5784615384615385 0.44363256784968685 0.13615384615384615 0.12004175365344467
0 0.3076923076923077 0.4911273486430063 0.13923076923076924 0.12004175365344467
0 0.8957692307692308 0.39979123173277664 0.20384615384615384 0.1315240083507307
0 0.11153846153846154 0.11482254697286012 0.2230769230769231 0.1419624217118998
0 0.3688461538461538 0.075678496868476 0.2746153846153846 0.151356993736952
0 0.818076923076923 0.5026096033402923 0.10384615384615385 0.10960334029227557
0 0.9246153846153846 0.48747390396659707 0.11307692307692307 0.11169102296450939
0 0.07115384615384615 0.6310020876826722 0.13230769230769232 0.11691022964509394
0 0.40307692307692305 0.5762004175365344 0.19615384615384615 0.12839248434237996
0 0.63 0.5391440501043842 0.26 0.14718162839248433
0 0.23153846153846153 0.6096033402922756 0.13230769230769232 0.11482254697286012
0 0.6580769230769231 0.05375782881002088 0.2776923076923077 0.10751565762004175
0 0.8669230769230769 0.5882045929018789 0.26615384615384613 0.151356993736952
0 0.135 0.7197286012526096 0.24307692307692308 0.1409185803757829
0 0.3942307692307692 0.6795407098121086 0.27307692307692305 0.14718162839248433
0 0.6353846153846154 0.6435281837160751 0.14153846153846153 0.12421711899791232
0 0.9619230769230769 0.6597077244258872 0.07615384615384616 0.09603340292275574
0 0.7815384615384615 0.6951983298538622 0.26 0.1440501043841336
0 0.3230769230769231 0.7745302713987474 0.12384615384615384 0.10125260960334029
0 0.07576923076923077 0.819937369519833 0.10846153846153846 0.11377870563674322
0 0.45576923076923076 0.767223382045929 0.1346153846153846 0.11795407098121086
0 0.5869230769230769 0.7494780793319415 0.1376923076923077 0.12421711899791232
0 0.21846153846153846 0.8820459290187892 0.12384615384615384 0.1022964509394572
0 0.10307692307692308 0.901356993736952 0.11923076923076924 0.10125260960334029
0 0.9134615384615384 0.7771398747390397 0.17307692307692307 0.13465553235908143
0 0.36423076923076925 0.8716075156576201 0.13615384615384615 0.11482254697286012
0 0.49538461538461537 0.8496868475991649 0.13076923076923078 0.10438413361169102
0 0.7534615384615385 0.808455114822547 0.13692307692307693 0.11482254697286012
0 0.6265384615384615 0.8355949895615866 0.10153846153846154 0.09707724425887265
0 0.91 0.03914405010438413 0.1076923076923077 0.07828810020876827