0 0.7664538461538462 0.11018789144050105 0.2697846153846154 0.08854906054279747
0 0.28554615384615384 0.11147181628392484 0.13126153846153846 0.09744258872651357
0 0.48850769230769225 0.11890396659707723 0.26942307692307693 0.0875260960334029
0 0.955 0.12025052192066805 0.09 0.08854906054279751
0 0.16539230769230767 0.18455114822546975 0.12339999999999997 0.08670146137787056
0 0.044330769230769236 0.18786012526096033 0.08695384615384616 0.08009394572025054
0 0.5686769230769231 0.20829853862212944 0.14415384615384622 0.08754697286012526
0 0.8665538461538461 0.20854906054279748 0.14964615384615382 0.10012526096033404
0 0.721776923076923 0.20905010438413363 0.13816153846153856 0.09106471816283926
0 0.3573230769230769 0.21634655532359082 0.25899230769230774 0.0974425887265136
0 0.7123461538461539 0.025156576200417537 0.1252384615384615 0.05031315240083507
0 0.8463538461538461 0.027922755741127347 0.1300076923076922 0.05484342379958246
0 0.11324615384615384 0.27621085594989564 0.2264846153846154 0.08505219206680587
0 0.5767384615384615 0.029728601252609604 0.12337692307692298 0.05945720250521921
0 0.29528461538461537 0.29396659707724426 0.11909230769230765 0.07762004175365346
0 0.6576307692307692 0.29508350730688937 0.23382307692307694 0.08703549060542796
0 0.8903846153846153 0.30219206680584554 0.21923076923076923 0.10960334029227557
0 0.21922307692307694 0.030553235908141962 0.26635384615384616 0.061106471816283925
0 0.4343 0.3100730688935282 0.12816153846153844 0.08670146137787059
0 0.44182307692307693 0.0348643006263048 0.1322923076923077 0.0697286012526096
0 0.0515076923076923 0.35424843423799585 0.1030076923076923 0.06275574112734865
0 0.23747692307692309 0.36580375782881003 0.25296153846153846 0.09248434237995827
0 0.4999461538461538 0.3826409185803758 0.24952307692307688 0.09842379958246343
0 0.7916615384615385 0.3879123173277662 0.28683846153846143 0.09861169102296453
0 0.12796153846153846 0.43475991649269313 0.25543846153846156 0.0867014613778705
0 0.6542923076923077 0.460866388308977 0.25829230769230765 0.08050104384133612
0 0.3877153846153846 0.46413361169102296 0.2553307692307693 0.09709812108559497
0 0.9165384615384615 0.47286012526096033 0.16692307692307692 0.07515657620041753
0 0.05387692307692307 0.5154488517745303 0.10746153846153846 0.08401878914405006
0 0.17768461538461539 0.5187160751565763 0.11927692307692306 0.06540709812108556
0 0.5749846153846154 0.5421189979123173 0.1374846153846154 0.08000000000000004
0 0.3080307692307692 0.5426200417536535 0.12710000000000002 0.08804801670146134
0 0.7230692307692308 0.5433716075156576 0.1422384615384615 0.07748434237995827
0 0.8798307692307692 0.5453235908141962 0.11886153846153845 0.07585594989561588
0 0.43851538461538464 0.5481524008350731 0.13223846153846155 0.07697286012526097
0 0.9715999999999999 0.5504906054279749 0.056792307692307635 0.0804488517745302
0 0.12077692307692307 0.6107933194154488 0.23828461538461537 0.09659707724425884
0 0.3871692307692308 0.6168267223382046 0.21789230769230772 0.07748434237995827
0 0.6511461538461538 0.6258872651356994 0.2690461538461538 0.07948851774530281
0 0.9021538461538461 0.6295093945720251 0.1956846153846153 0.09136743215031312
0 0.053992307692307694 0.685250521920668 0.10798461538461539 0.07848643006263054
0 0.5725769230769231 0.6960751565762004 0.10375384615384606 0.06490605427974955
0 0.17564615384615384 0.7000939457202506 0.13224615384615385 0.0779853862212944
0 0.44648461538461537 0.705125260960334 0.12889230769230764 0.08703549060542809
0 0.7101 0.7056367432150313 0.12816153846153838 0.07496868475991643
0 0.8474461538461538 0.7082254697286012 0.13115384615384615 0.07987473903966595
0 0.30636153846153846 0.7094050104384134 0.12079230769230767 0.08351774530271398
0 0.12366923076923078 0.7748121085594989 0.24733846153846156 0.09861169102296453
0 0.6479923076923076 0.7878914405010438 0.2701615384615385 0.08451983298538625
0 0.37863076923076927 0.7889039665970772 0.2623692307692307 0.08754697286012515
0 0.891976923076923 0.7952713987473904 0.21603846153846146 0.09259916492693114
0 0.058076923076923075 0.8496868475991649 0.11615384615384615 0.05845511482254697
0 0.18399230769230768 0.8658768267223382 0.13113846153846156 0.07748434237995827
0 0.31470000000000004 0.868643006263048 0.1248692307692308 0.07195198329853869
0 0.7088000000000001 0.868893528183716 0.132976923076923 0.07546972860125256
0 0.8457230769230769 0.8690501043841335 0.13102307692307685 0.06919624217118994
0 0.5735 0.8691440501043841 0.1278461538461539 0.07295407098121096
0 0.4405538461538462 0.8701565762004175 0.12148461538461543 0.07093945720250526
0 0.10910769230769231 0.09372651356993737 0.2165076923076923 0.0883507306889353