0 0.046538461538461535 0.1458551941238195 0.055384615384615386 0.12801678908709338
0 0.01423076923076923 0.15267576075550893 0.02846153846153846 0.1248688352570829
0 0.13846153846153847 0.14428121720881426 0.04846153846153846 0.11857292759706191
0 0.3696153846153846 0.1285414480587618 0.05 0.11857292759706191
0 0.4169230769230769 0.1259181532004197 0.047692307692307694 0.11857292759706191
0 0.09307692307692307 0.1495278069254984 0.05153846153846154 0.12696747114375656
0 0.2326923076923077 0.14008394543546696 0.05153846153846154 0.11962224554039874
0 0.1896153846153846 0.14375655823714587 0.04692307692307692 0.11542497376705142
0 0.32576923076923076 0.1353620146904512 0.04923076923076923 0.11962224554039874
0 0.551923076923077 0.12014690451206715 0.04692307692307692 0.12067156348373557
0 0.5061538461538462 0.12381951731374606 0.04923076923076923 0.11857292759706191
0 0.46153846153846156 0.12749213011542498 0.04846153846153846 0.12277019937040923
0 0.5976923076923077 0.1180482686253935 0.05384615384615385 0.12381951731374606
0 0.28115384615384614 0.14218258132214062 0.05 0.11962224554039874
0 0.6438461538461538 0.11857292759706191 0.05153846153846154 0.12172088142707241
0 0.7346153846153847 0.11542497376705142 0.054615384615384614 0.12172088142707241
0 0.6888461538461539 0.11962224554039874 0.052307692307692305 0.12067156348373557
0 0.7807692307692308 0.12172088142707241 0.05384615384615385 0.11857292759706191
0 0.8261538461538461 0.12119622245540398 0.055384615384615386 0.11752360965372508
0 0.8830769230769231 0.11752360965372508 0.05384615384615385 0.12172088142707241
0 0.9303846153846154 0.11594963273871983 0.05846153846153846 0.11962224554039874
0 0.9680769230769231 0.11332633788037776 0.04 0.12381951731374606
0 0.05923076923076923 0.2660020986358867 0.04923076923076923 0.11857292759706191
0 0.14653846153846153 0.26180482686253936 0.05076923076923077 0.11962224554039874
0 0.3769230769230769 0.24711437565582373 0.047692307692307694 0.11752360965372508
0 0.019615384615384614 0.2733473242392445 0.03923076923076923 0.12277019937040923
0 0.4246153846153846 0.24449108079748164 0.05076923076923077 0.12067156348373557
0 0.1946153846153846 0.26128016789087094 0.05153846153846154 0.11857292759706191
0 0.24192307692307694 0.25760755508919203 0.047692307692307694 0.11647429171038824
0 0.3330769230769231 0.2518363064008394 0.04923076923076923 0.11437565582371459
0 0.575 0.23504721930745015 0.04923076923076923 0.11962224554039874
0 0.5257692307692308 0.23871983210912906 0.05 0.11857292759706191
0 0.10230769230769231 0.2696747114375656 0.052307692307692305 0.11962224554039874
0 0.2873076923076923 0.2570828961175236 0.05307692307692308 0.11962224554039874
0 0.47192307692307695 0.24449108079748164 0.05 0.11857292759706191
0 0.6215384615384615 0.23767051416579224 0.05076923076923077 0.11752360965372508
0 0.6680769230769231 0.23819517313746066 0.04692307692307692 0.11962224554039874
0 0.7126923076923077 0.23557187827911857 0.05076923076923077 0.11752360965372508
0 0.03769230769230769 0.05771248688352571 0.04461538461538461 0.053515215110178385
0 0.7596153846153846 0.23767051416579224 0.05153846153846154 0.11752360965372508
0 0.8061538461538461 0.2366211962224554 0.05692307692307692 0.11752360965372508
0 0.007307692307692308 0.06190975865687303 0.014615384615384615 0.05456453305351522
0 0.8934615384615384 0.23557187827911857 0.05615384615384615 0.11857292759706191
0 0.9373076923076923 0.2324239244491081 0.05615384615384615 0.11647429171038824
0 0.8496153846153847 0.23871983210912906 0.05615384615384615 0.11752360965372508
0 0.9719230769230769 0.2324239244491081 0.04153846153846154 0.11542497376705142
0 0.13423076923076924 0.0540398740818468 0.04923076923076923 0.05981112277019937
0 0.18692307692307691 0.05036726128016789 0.05 0.05981112277019937
0 0.08384615384615385 0.05771248688352571 0.05076923076923077 0.060860440713536204
0 0.3334615384615385 0.040923399790136414 0.04692307692307692 0.06295907660020986
0 0.3811538461538462 0.03777544596012592 0.04692307692307692 0.06295907660020986
0 0.24076923076923076 0.04879328436516264 0.05076923076923077 0.06505771248688352
0 0.28846153846153844 0.04564533053515215 0.04692307692307692 0.06505771248688352
0 0.42730769230769233 0.035676810073452254 0.04846153846153846 0.06505771248688352
0 0.5665384615384615 0.02938090241343127 0.04846153846153846 0.05876180482686254
0 0.47423076923076923 0.03305351521511018 0.04692307692307692 0.06610703043022036
0 0.52 0.03147953830010493 0.047692307692307694 0.06295907660020986
0 0.6146153846153846 0.028856243441762856 0.04923076923076923 0.05771248688352571
0 0.6607692307692308 0.028856243441762856 0.05076923076923077 0.05771248688352571
0 0.07384615384615385 0.3809024134312697 0.05153846153846154 0.11647429171038824
0 0.52 0.34994753410283314 0.04923076923076923 0.11227701993704092
0 0.34115384615384614 0.36306400839454356 0.047692307692307694 0.11122770199370409
0 0.385 0.3604407135362015 0.047692307692307694 0.11332633788037776
0 0.031538461538461536 0.3861490031479538 0.05153846153846154 0.11227701993704092
0 0.16115384615384615 0.3772298006295908 0.04846153846153846 0.11647429171038824
0 0.5646153846153846 0.3483735571878279 0.04692307692307692 0.11332633788037776
0 0.20961538461538462 0.3746065057712487 0.04923076923076923 0.11122770199370409
0 0.2526923076923077 0.3719832109129066 0.052307692307692305 0.11437565582371459
0 0.4307692307692308 0.35991605456453307 0.047692307692307694 0.11542497376705142
0 0.11807692307692308 0.3824763903462749 0.04923076923076923 0.11437565582371459
0 0.4753846153846154 0.35729275970619095 0.04846153846153846 0.10912906610703044
0 0.6084615384615385 0.34994753410283314 0.047692307692307694 0.1080797481636936
0 0.29923076923076924 0.372507869884575 0.05076923076923077 0.11227701993704092
0 0.6957692307692308 0.3473242392444911 0.045384615384615384 0.11017838405036726
0 0.6515384615384615 0.35204616998950683 0.045384615384615384 0.11017838405036726
0 0.7392307692307692 0.34942287513116477 0.04846153846153846 0.10912906610703044
0 0.7084615384615385 0.029905561385099685 0.047692307692307694 0.05981112277019937
0 0.7557692307692307 0.027806925498426022 0.05153846153846154 0.055613850996852045
0 0.7880769230769231 0.34994753410283314 0.05307692307692308 0.11437565582371459
0 0.835 0.3515215110178384 0.05615384615384615 0.11752360965372508
0 0.925 0.34679958027282265 0.05384615384615385 0.11437565582371459
0 0.9692307692307692 0.3441762854144806 0.054615384615384614 0.11332633788037776
0 0.8803846153846154 0.3515215110178384 0.05923076923076923 0.11752360965372508
0 0.801923076923077 0.03252885624344176 0.05307692307692308 0.06505771248688352
0 0.8919230769230769 0.02938090241343127 0.057692307692307696 0.05876180482686254
0 0.8465384615384616 0.03147953830010493 0.05615384615384615 0.06295907660020986
0 0.941923076923077 0.02833158447009444 0.06538461538461539 0.05666316894018888
0 0.08307692307692308 0.4900314795383001 0.04692307692307692 0.1080797481636936
0 0.043076923076923075 0.4926547743966422 0.04923076923076923 0.1080797481636936
0 0.5230769230769231 0.4590766002098636 0.045384615384615384 0.11227701993704092
0 0.5696153846153846 0.4564533053515215 0.04846153846153846 0.11227701993704092
0 0.39076923076923076 0.4695697796432319 0.04461538461538461 0.11017838405036726
0 0.34884615384615386 0.4727177334732424 0.04692307692307692 0.11017838405036726
0 0.012307692307692308 0.49737670514165794 0.024615384615384615 0.10073452256033578
0 0.17038461538461538 0.487408184679958 0.05076923076923077 0.11227701993704092
0 0.12384615384615384 0.4910807974816369 0.05 0.10912906610703044
0 0.48 0.4664218258132214 0.04692307692307692 0.10912906610703044
0 0.26076923076923075 0.4821615949632739 0.04923076923076923 0.11017838405036726
0 0.435 0.4695697796432319 0.04923076923076923 0.11122770199370409
0 0.30653846153846154 0.4795383001049318 0.046153846153846156 0.11017838405036726
0 0.21384615384615385 0.48845750262329485 0.05153846153846154 0.11437565582371459
0 0.7003846153846154 0.45435466946484787 0.04692307692307692 0.10912906610703044
0 0.6107692307692307 0.4616998950682057 0.047692307692307694 0.10912906610703044
0 0.6561538461538462 0.4590766002098636 0.04846153846153846 0.11017838405036726
0 0.755 0.4564533053515215 0.052307692307692305 0.11017838405036726
0 0.8026923076923077 0.45750262329485836 0.05384615384615385 0.10598111227701994
0 0.9307692307692308 0.453305351521511 0.05384615384615385 0.10283315844700944
0 0.8865384615384615 0.45750262329485836 0.05076923076923077 0.10703043022035677
0 0.9719230769230769 0.45120671563483733 0.05615384615384615 0.10703043022035677
0 0.845 0.46065057712486884 0.05307692307692308 0.10703043022035677
0 0.016923076923076923 0.5996852046169989 0.03 0.10178384050367262
0 0.04576923076923077 0.5975865687303253 0.04153846153846154 0.10178384050367262
0 0.46307692307692305 0.5687303252885625 0.04384615384615385 0.09863588667366212
0 0.5053846153846154 0.5661070304302204 0.043076923076923075 0.10283315844700944
0 0.5457692307692308 0.5629590766002098 0.04384615384615385 0.10178384050367262
0 0.08423076923076923 0.5960125918153201 0.04846153846153846 0.10912906610703044
0 0.37846153846153846 0.5755508919202519 0.04384615384615385 0.10073452256033578
0 0.42153846153846153 0.5734522560335782 0.04692307692307692 0.10598111227701994
0 0.255 0.5860440713536201 0.046153846153846156 0.10073452256033578
0 0.5876923076923077 0.5624344176285414 0.04461538461538461 0.10178384050367262
0 0.12884615384615383 0.5965372507869885 0.04846153846153846 0.10283315844700944
0 0.2957692307692308 0.5849947534102833 0.04692307692307692 0.1049317943336831
0 0.1696153846153846 0.5944386149003148 0.046153846153846156 0.10388247639034627
0 0.3376923076923077 0.5823714585519413 0.047692307692307694 0.10388247639034627
0 0.6688461538461539 0.5603357817418678 0.046153846153846156 0.1049317943336831
0 0.6280769230769231 0.5634837355718783 0.04384615384615385 0.10178384050367262
0 0.21269230769230768 0.5944386149003148 0.05 0.1049317943336831
0 0.7119230769230769 0.5598111227701994 0.04923076923076923 0.10598111227701994
0 0.7546153846153846 0.559286463798531 0.045384615384615384 0.09968520461699895
0 0.7961538461538461 0.5582371458551941 0.047692307692307694 0.10283315844700944
0 0.8369230769230769 0.5598111227701994 0.05076923076923077 0.09968520461699895
0 0.8788461538461538 0.5587618048268626 0.054615384615384614 0.10178384050367262
0 0.9230769230769231 0.5566631689401889 0.055384615384615386 0.1049317943336831
0 0.963076923076923 0.5540398740818469 0.05692307692307692 0.10283315844700944
0 0.40076923076923077 0.6731374606505771 0.04461538461538461 0.09968520461699895
0 0.44346153846153846 0.670514165792235 0.043076923076923075 0.09968520461699895
0 0.48307692307692307 0.667890870933893 0.04384615384615385 0.10283315844700944
0 0.031153846153846153 0.7004197271773347 0.04846153846153846 0.10073452256033578
0 0.3607692307692308 0.6778593913955928 0.043076923076923075 0.10283315844700944
0 0.07307692307692308 0.6983210912906611 0.047692307692307694 0.10178384050367262
0 0.5230769230769231 0.6663168940188877 0.04384615384615385 0.1049317943336831
0 0.23807692307692307 0.6867785939139559 0.04846153846153846 0.09968520461699895
0 0.1123076923076923 0.6962224554039874 0.045384615384615384 0.09653725078698845
0 0.5646153846153846 0.664218258132214 0.047692307692307694 0.1049317943336831
0 0.27807692307692305 0.6852046169989506 0.04384615384615385 0.10388247639034627
0 0.6473076923076924 0.6610703043022036 0.043076923076923075 0.09968520461699895
0 0.6073076923076923 0.664218258132214 0.04153846153846154 0.10283315844700944
0 0.15384615384615385 0.6972717733473243 0.05 0.10283315844700944
0 0.19923076923076924 0.6941238195173137 0.047692307692307694 0.09968520461699895
0 0.6865384615384615 0.6594963273871983 0.04461538461538461 0.09758656873032528
0 0.7261538461538461 0.6568730325288562 0.045384615384615384 0.09863588667366212
0 0.7684615384615384 0.6563483735571878 0.05 0.10073452256033578
0 0.31846153846153846 0.6899265477439664 0.04384615384615385 0.09968520461699895
0 0.8084615384615385 0.6584470094438615 0.05076923076923077 0.10283315844700944
0 0.8880769230769231 0.655299055613851 0.04461538461538461 0.09863588667366212
0 0.8507692307692307 0.6584470094438615 0.05 0.1049317943336831
0 0.9288461538461539 0.6573976915005246 0.05615384615384615 0.10703043022035677
0 0.9726923076923077 0.655299055613851 0.054615384615384614 0.1080797481636936
0 0.025 0.7974816369359916 0.03230769230769231 0.09338929695697797
0 0.42846153846153845 0.7696747114375656 0.04384615384615385 0.10178384050367262
0 0.05923076923076923 0.7959076600209863 0.04846153846153846 0.09548793284365163
0 0.26269230769230767 0.782791185729276 0.047692307692307694 0.09863588667366212
0 0.5088461538461538 0.7660020986358866 0.04461538461538461 0.10178384050367262
0 0.09884615384615385 0.7953830010493179 0.045384615384615384 0.09863588667366212
0 0.3046153846153846 0.7806925498426023 0.045384615384615384 0.09653725078698845
0 0.4673076923076923 0.7691500524658972 0.04230769230769231 0.10178384050367262
0 0.6715384615384615 0.7544596012591815 0.040769230769230766 0.09968520461699895
0 0.13923076923076924 0.7932843651626443 0.047692307692307694 0.09863588667366212
0 0.5503846153846154 0.7649527806925498 0.04384615384615385 0.10073452256033578
0 0.34615384615384615 0.7796432318992654 0.040769230769230766 0.10073452256033578
0 0.59 0.7623294858342078 0.046153846153846156 0.10283315844700944
0 0.6330769230769231 0.7591815320041972 0.04461538461538461 0.10388247639034627
0 0.7507692307692307 0.751311647429171 0.04384615384615385 0.09968520461699895
0 0.3873076923076923 0.7775445960125918 0.045384615384615384 0.10598111227701994
0 0.7103846153846154 0.75498426023085 0.045384615384615384 0.10283315844700944
0 0.17692307692307693 0.7964323189926548 0.04846153846153846 0.0944386149003148
0 0.79 0.7528856243441763 0.05076923076923077 0.09968520461699895
0 0.8323076923076923 0.751311647429171 0.046153846153846156 0.09233997901364113
0 0.8719230769230769 0.7492130115424974 0.05153846153846154 0.0944386149003148
0 0.22115384615384615 0.7974816369359916 0.05076923076923077 0.09548793284365163
0 0.9153846153846154 0.7518363064008394 0.04846153846153846 0.09968520461699895
0 0.955 0.7497376705141658 0.04692307692307692 0.0944386149003148
0 0.9830769230769231 0.7523609653725079 0.033846153846153845 0.09653725078698845
0 0.045384615384615384 0.8892969569779643 0.04923076923076923 0.09863588667366212
0 0.08730769230769231 0.8866736621196223 0.045384615384615384 0.0944386149003148
0 0.12538461538461537 0.885099685204617 0.04461538461538461 0.08499475341028331
0 0.32346153846153847 0.8719832109129066 0.04461538461538461 0.0912906610703043
0 0.4453846153846154 0.863588667366212 0.043076923076923075 0.09548793284365163
0 0.16307692307692306 0.8840503672612802 0.04461538461538461 0.09024134312696747
0 0.28384615384615386 0.8756558237145855 0.043076923076923075 0.09338929695697797
0 0.4857692307692308 0.8609653725078699 0.04461538461538461 0.0944386149003148
0 0.24115384615384616 0.8798530954879329 0.04692307692307692 0.0912906610703043
0 0.6484615384615384 0.8504721930745016 0.04384615384615385 0.0912906610703043
0 0.5273076923076923 0.8593913955928646 0.043076923076923075 0.09233997901364113
0 0.5676923076923077 0.857292759706191 0.043076923076923075 0.0912906610703043
0 0.6080769230769231 0.8546694648478489 0.046153846153846156 0.0912906610703043
0 0.20038461538461538 0.8835257082896117 0.04461538461538461 0.08709338929695698
0 0.4046153846153846 0.8693599160545645 0.04 0.08919202518363065
0 0.8046153846153846 0.8410283315844701 0.047692307692307694 0.09024134312696747
0 0.3646153846153846 0.8725078698845751 0.043076923076923075 0.08919202518363065
0 0.6892307692307692 0.8494228751311648 0.04384615384615385 0.08919202518363065
0 0.8430769230769231 0.8389296956977964 0.04846153846153846 0.09024134312696747
0 0.7669230769230769 0.8441762854144806 0.045384615384615384 0.09024134312696747
0 0.8769230769230769 0.8373557187827911 0.043076923076923075 0.08814270724029381
0 0.7276923076923076 0.8478488982161595 0.045384615384615384 0.08709338929695698
0 0.9196153846153846 0.8373557187827911 0.05 0.07869884575026233
0 0.9603846153846154 0.8342077649527807 0.05 0.080797481636936
0 0.9896153846153846 0.8342077649527807 0.02076923076923077 0.07345225603357818