0 0.8732307692307693 0.13073515551366635 0.07081538461538457 0.13807728557964186
0 0.12532307692307693 0.13114043355325164 0.06477692307692307 0.1377662582469368
0 0.9704692307692306 0.13163996229971722 0.05846153846153846 0.13747408105560793
0 0.9271384615384615 0.1328463713477851 0.07423846153846171 0.1350612629594722
0 0.7685615384615384 0.13314797360980207 0.06436923076923082 0.13687087653157395
0 0.17523846153846154 0.13330819981149858 0.06323846153846155 0.14459000942507066
0 0.33944615384615384 0.1343449575871819 0.05608461538461536 0.14047125353440154
0 0.4470230769230769 0.13494816211121585 0.04963846153846152 0.14167766258246936
0 0.8232153846153847 0.13495758718190387 0.0672923076923077 0.13566446748350613
0 0.2839923076923077 0.13555136663524975 0.060415384615384586 0.14048067860508956
0 0.716376923076923 0.1355607917059378 0.06241538461538469 0.13687087653157395
0 0.2295923076923077 0.13585296889726672 0.06289999999999998 0.14590951932139493
0 0.07106153846153845 0.13645617342130065 0.07183076923076923 0.13987747408105564
0 0.501423076923077 0.13705937794533457 0.05109230769230775 0.13866163996229972
0 0.025923076923076924 0.13736098020735157 0.05184615384615385 0.14168708765315743
0 0.39409230769230774 0.13766258246936852 0.05606153846153841 0.14228086710650334
0 0.6644384615384615 0.13887841658812441 0.061946153846153824 0.1350612629594722
0 0.6107692307692307 0.1397832233741753 0.0629538461538461 0.13807728557964186
0 0.5548384615384615 0.141885014137606 0.05550000000000007 0.13866163996229972
0 0.8459000000000001 0.26015080113100847 0.06146153846153853 0.11695570216776628
0 0.9438769230769231 0.26015080113100847 0.06436923076923064 0.11936852026390196
0 0.9784615384615385 0.2606032045240339 0.043076923076923075 0.11969839773798303
0 0.8971 0.26226201696512724 0.06636153846153844 0.12117813383600373
0 0.7976538461538462 0.26407163053722904 0.058523076923076865 0.1175589066918002
0 0.7508769230769231 0.2661828463713478 0.06051538461538467 0.1241941564561734
0 0.1998076923076923 0.2667577756833176 0.06143846153846154 0.12050895381715364
0 0.45123846153846153 0.26799245994344956 0.048230769230769265 0.12055607917059374
0 0.7015923076923077 0.26799245994344956 0.05846153846153846 0.12296889726672952
0 0.5012153846153846 0.2682940622054666 0.0477153846153846 0.12236569274269561
0 0.14613846153846152 0.2685673892554194 0.06736923076923075 0.1253345900094251
0 0.40270769230769227 0.26946277097078225 0.048669230769230756 0.11748350612629592
0 0.048661538461538464 0.2697737983034873 0.06642307692307692 0.1229217719132893
0 0.5502 0.26980207351555135 0.048184615384615465 0.11331762488218663
0 0.09715384615384615 0.27098020735155515 0.0659076923076923 0.12171536286522147
0 0.6009076923076923 0.27161168708765315 0.053084615384615376 0.12055607917059374
0 0.651623076923077 0.27161168708765315 0.056015384615384564 0.11573044297832233
0 0.016407692307692307 0.27191328934967013 0.03146923076923076 0.12359095193213948
0 0.3009769230769231 0.27278982092365694 0.05893076923076924 0.12170593779453345
0 0.3510153846153846 0.27308199811498585 0.05558461538461538 0.12230914231856738
0 0.24953076923076922 0.2736946277097078 0.06338461538461537 0.12834118755890667
0 0.9388153846153846 0.028803016022620167 0.05125384615384624 0.05583411875589067
0 0.9799769230769231 0.029151743638077286 0.040038461538461675 0.05654099905749293
0 0.6714615384615384 0.029151743638077286 0.05590769230769236 0.05795475966069745
0 0.8903153846153847 0.02950989632422243 0.05243076923076912 0.05866163996229972
0 0.16693846153846154 0.029688972667295005 0.05987692307692306 0.05908576814326107
0 0.5581846153846154 0.030188501413760605 0.05419230769230773 0.06037700282752121
0 0.5023076923076923 0.030160226201696512 0.052307692307692305 0.060320452403393024
0 0.2222230769230769 0.030546654099905746 0.05797692307692308 0.060801131008482556
0 0.27867692307692304 0.030546654099905746 0.05935384615384613 0.060801131008482556
0 0.6171923076923077 0.03056550424128181 0.05709230769230771 0.05936852026390198
0 0.8409153846153846 0.03092365692742696 0.05872307692307704 0.06007540056550425
0 0.10978461538461538 0.031046182846371347 0.05802307692307693 0.06209236569274269
0 0.4461538461538462 0.030631479736098022 0.052307692307692305 0.061262959472196045
0 0.3337769230769231 0.03112158341187559 0.054284615384615424 0.06080113100848257
0 0.7869307692307692 0.031894439208294066 0.05701538461538453 0.06378887841658813
0 0.055438461538461534 0.03197926484448634 0.06086153846153847 0.06367577756833176
0 0.3909307692307692 0.03255419415645617 0.05707692307692307 0.06367577756833176
0 0.7297769230769231 0.03268614514608859 0.06050769230769237 0.06502356267672008
0 0.879623076923077 0.37567389255419414 0.061938461538461526 0.10664467483506124
0 0.9288615384615384 0.37748350612629594 0.0648692307692307 0.11267672007540053
0 0.8358076923076923 0.37838831291234687 0.0599846153846154 0.11086710650329877
0 0.7892846153846154 0.3804995287464656 0.05656153846153853 0.1150895381715363
0 0.7427538461538462 0.3823091423185674 0.054115384615384544 0.11025447690857683
0 0.9706153846153845 0.3838171536286522 0.058761538461538365 0.10482563619227146
0 0.6977076923076923 0.3841187558906692 0.05266153846153849 0.1126672950047125
0 0.6508846153846154 0.3862205466540999 0.05059999999999998 0.11205466540999057
0 0.6055538461538462 0.38717247879359096 0.04760000000000009 0.10431668237511776
0 0.3682461538461539 0.3898868991517436 0.048684615384615354 0.1061168708765316
0 0.41673846153846156 0.3898868991517436 0.045215384615384595 0.10852968897266728
0 0.4627769230769231 0.3898868991517436 0.04667692307692312 0.11214891611687089
0 0.5110230769230769 0.3898868991517436 0.045669230769230684 0.1061168708765316
0 0.3194384615384615 0.3919792648444863 0.054484615384615416 0.11150801131008477
0 0.07696153846153847 0.3922808671065033 0.06394615384615385 0.10969839773798302
0 0.26971538461538463 0.3922808671065033 0.052538461538461506 0.10969839773798302
0 0.5575461538461538 0.39260131950989635 0.04515384615384619 0.10792648444863336
0 0.17173846153846153 0.39288407163053723 0.058484615384615364 0.1121112158341188
0 0.1266923076923077 0.3940904806786051 0.0599846153846154 0.11090480678605086
0 0.032900000000000006 0.3940904806786051 0.06445384615384615 0.11331762488218663
0 0.21850769230769232 0.39499528746465595 0.0624076923076923 0.11030160226201693
0 0.9116384615384616 0.48853911404335537 0.05898461538461526 0.0970593779453346
0 0.8690076923076924 0.48884071630537224 0.059415384615384446 0.09645617342130064
0 0.8239615384615385 0.48914231856738927 0.05796153846153839 0.0970593779453346
0 0.7813769230769231 0.4903487276154571 0.05059230769230768 0.0970593779453346
0 0.6875846153846153 0.49155513666352496 0.047184615384615325 0.09826578699340244
0 0.9557000000000001 0.49215834118755886 0.06043846153846166 0.0970593779453346
0 0.6457384615384616 0.4930631479736098 0.04720769230769222 0.09766258246936858
0 0.983423076923077 0.4939679547596607 0.03315384615384608 0.09585296889726677
0 0.7360769230769231 0.49426955702167763 0.05455384615384621 0.10128180961357214
0 0.5524384615384615 0.49819038642789826 0.04380000000000004 0.0970593779453346
0 0.5965 0.49819038642789826 0.045253846153846096 0.09826578699340244
0 0.4150153846153846 0.49967954759660693 0.044723076923076956 0.10245051837888788
0 0.46031538461538457 0.49998114985862396 0.044707692307692226 0.10064090480678603
0 0.5078230769230769 0.49998114985862396 0.044192307692307725 0.0994344957587182
0 0.37144615384615387 0.5005843543826579 0.04917692307692308 0.1042601319509897
0 0.01813076923076923 0.5029783223374175 0.0359076923076923 0.09697455230914236
0 0.23254615384615385 0.5041847313854855 0.05698461538461542 0.10180018850141376
0 0.04791538461538462 0.5044863336475024 0.05903076923076923 0.10119698397737978
0 0.18650769230769235 0.5062959472196041 0.058476923076923086 0.09999057492931195
0 0.3259076923076923 0.507822808671065 0.051653846153846134 0.10304429783223373
0 0.1394923076923077 0.5090103675777568 0.05800769230769233 0.09938737040527808
0 0.2795615384615385 0.5096135721017908 0.05450000000000002 0.09818096135721019
0 0.09099230769230769 0.5117247879359096 0.06344615384615383 0.09878416588124406
0 0.8961230769230769 0.604052780395853 0.052592307692307605 0.101225259189444
0 0.8592000000000001 0.6061639962299717 0.05851538461538474 0.0909707822808671
0 0.7707923076923077 0.6076720075400566 0.05306153846153847 0.09157398680490111
0 0.7277076923076923 0.6079736098020735 0.05061538461538458 0.09217719132893493
0 0.6838923076923077 0.6088784165881244 0.04866153846153846 0.09278039585296895
0 0.813623076923077 0.6094816211121583 0.05697692307692311 0.09157398680490111
0 0.9396999999999999 0.6127992459943449 0.0599538461538462 0.08975494816211123
0 0.9803846153846154 0.6131008482563619 0.03923076923076923 0.09142318567389256
0 0.37587692307692305 0.6170028275212064 0.0462153846153846 0.09213006597549482
0 0.4201846153846154 0.6173044297832234 0.04423076923076923 0.09152686145146079
0 0.6400769230769231 0.6197360980207351 0.04769999999999999 0.09035815268614504
0 0.2423923076923077 0.6197643732327993 0.054030769230769236 0.09524033930254473
0 0.46351538461538466 0.620320452403393 0.0422384615384616 0.09032045240339295
0 0.2876923076923077 0.6215739868049011 0.049092307692307734 0.09403393025447689
0 0.3305230769230769 0.621875589066918 0.05005384615384619 0.09463713477851092
0 0.1961153846153846 0.622177191328935 0.058976923076923066 0.09403393025447689
0 0.5513923076923076 0.6233364750235627 0.042699999999999995 0.09032045240339295
0 0.06269230769230769 0.6233836003770028 0.05903076923076924 0.09162111215834122
0 0.5068384615384616 0.6239396795475967 0.043207692307692364 0.08911404335532512
0 0.025430769230769232 0.6239868049010368 0.050861538461538465 0.09162111215834122
0 0.5977307692307692 0.6251649387370405 0.0477153846153846 0.09035815268614504
0 0.10601538461538461 0.6251932139491047 0.06 0.09403393025447689
0 0.14983846153846153 0.6254948162111216 0.05604615384615386 0.09222431668237503
0 0.8143692307692308 0.700612629594722 0.047638461538461414 0.08316682375117815
0 0.7326307692307692 0.7060037700282753 0.049630769230769214 0.08549481621112162
0 0.6883230769230769 0.7062959472196041 0.044723076923077 0.08851083883129131
0 0.8961307692307693 0.7063430725730443 0.05358461538461527 0.08257304429783215
0 0.9392076923076923 0.7075494816211122 0.05503846153846168 0.08256361922714411
0 0.7744846153846153 0.7096229971724788 0.048623076923076866 0.08187558906691811
0 0.6046384615384616 0.7105655042412817 0.040838461538461476 0.08376060320452415
0 0.6477076923076923 0.7114326107445806 0.04523076923076919 0.08548539114043359
0 0.9753846153846154 0.7111215834118756 0.04923076923076923 0.08011310084825636
0 0.43963846153846153 0.7117813383600378 0.04077692307692307 0.08377945334590019
0 0.0622 0.7120640904806786 0.05706153846153847 0.08192271442035823
0 0.35716923076923074 0.7120829406220547 0.04523846153846158 0.08317624882186617
0 0.5649384615384615 0.7120829406220547 0.042199999999999925 0.08317624882186617
0 0.8552307692307692 0.7126767200754005 0.052546153846153805 0.08074458058435445
0 0.02601538461538462 0.7132704995287464 0.05166153846153846 0.08312912346842606
0 0.4805 0.7135909519321395 0.04075384615384617 0.08257304429783215
0 0.39950769230769234 0.7144957587181904 0.04423846153846153 0.084382657869934
0 0.1042923076923077 0.7147785108388313 0.05655384615384614 0.08493873704052791
0 0.5211153846153846 0.7163053722902922 0.0402461538461538 0.0807634307257305
0 0.2300846153846154 0.71688972667295 0.053053846153846174 0.08192271442035823
0 0.3172307692307692 0.71688972667295 0.04907692307692304 0.08312912346842606
0 0.1875 0.7171913289349671 0.05454615384615382 0.08373232799245986
0 0.1459 0.717492931196984 0.055061538461538446 0.0843355325164939
0 0.27316153846153846 0.7183977379830349 0.05156153846153844 0.08252591894439203
0 0.7626769230769231 0.787172478793591 0.04667692307692312 0.07527803958529679
0 0.8010769230769231 0.7886804901036757 0.048630769230769165 0.07467483506126298
0 0.8815692307692308 0.7889820923656927 0.05006923076923088 0.07648444863336483
0 0.7242692307692308 0.7898868991517437 0.044723076923077 0.07226201696512731
0 0.6856230769230769 0.7907917059377945 0.04326153846153847 0.07648444863336483
0 0.6046384615384616 0.7913949104618284 0.038869230769230746 0.075278039585297
0 0.8448923076923076 0.7916965127238454 0.04959230769230754 0.07467483506126298
0 0.9613615384615385 0.7923091423185674 0.05699999999999993 0.07227144203581533
0 0.9202538461538461 0.7926107445805843 0.05455384615384621 0.07528746465598503
0 0.4448076923076923 0.7926107445805843 0.04126153846153854 0.07650329877474088
0 0.5639538461538461 0.7932139491046183 0.03924615384615383 0.07529688972667305
0 0.643776923076923 0.7941093308199811 0.03934615384615392 0.07467483506126298
0 0.12349230769230769 0.794703110273327 0.0526076923076923 0.0746465598491989
0 0.4046769230769231 0.7947219604147031 0.04276153846153844 0.074684260131951
0 0.24411538461538462 0.7953534401508011 0.04664615384615384 0.07354382657869932
0 0.3630769230769231 0.795928369462771 0.0452384615384615 0.07347785108388316
0 0.5245615384615384 0.7971347785108388 0.0402461538461538 0.07227144203581533
0 0.32313846153846154 0.7980678605089538 0.046123076923076954 0.076559849198869
0 0.08435384615384615 0.7992271442035815 0.0550846153846154 0.07404335532516489
0 0.48443846153846154 0.7992459943449576 0.03976923076923081 0.07528746465598503
0 0.04398461538461538 0.7995287464655985 0.05805384615384615 0.0746465598491989
0 0.017892307692307693 0.8001319509896325 0.03345384615384615 0.07705937794533459
0 0.28473846153846155 0.8004806786050895 0.04810769230769228 0.07535344015080117
0 0.20571538461538463 0.8007351555136664 0.05453846153846152 0.07344015080113107
0 0.16485384615384616 0.8016399622997172 0.05456153846153847 0.07283694627709705
0 0.9735692307692309 0.8574552309142318 0.05285384615384618 0.06740810556079169
0 0.9389615384615385 0.8607728557964185 0.05356153846153854 0.06318567389255415
0 0.9010538461538461 0.8625824693685203 0.052592307692307605 0.06318567389255415
0 0.8631076923076922 0.8628746465598492 0.0505692307692306 0.064985862393968
0 0.5928153846153846 0.8631762488218662 0.038869230769230746 0.06800188501413769
0 0.6297461538461538 0.864684260131951 0.04082307692307687 0.0686050895381715
0 0.7831076923076923 0.8673986804901036 0.04322307692307697 0.06438265786993397
0 0.6691307692307692 0.8673986804901036 0.03982307692307691 0.06800188501413769
0 0.7471692307692308 0.8680018850141377 0.04422307692307693 0.06800188501413769
0 0.13482307692307693 0.8686522148916117 0.05063846153846153 0.07049010367577753
0 0.2473153846153846 0.8689538171536287 0.046153846153846156 0.06988689915174372
0 0.7075307692307692 0.8695098963242224 0.04374615384615376 0.06859566446748348
0 0.3606153846153846 0.8698209236569274 0.041299999999999955 0.06921771913289355
0 0.17322307692307692 0.8701602262016965 0.04766153846153847 0.06385485391140433
0 0.21162307692307694 0.8701602262016965 0.04567692307692307 0.0626484448633365
0 0.5156999999999999 0.8704241281809614 0.03729230769230771 0.06801131008482571
0 0.3243692307692308 0.8704618284637134 0.04070769230769228 0.06687087653157403
0 0.5548461538461538 0.8707257304429784 0.0377692307692307 0.06740810556079169
0 0.4777923076923077 0.8716305372290292 0.03633076923076924 0.06680490103675787
0 0.09543846153846153 0.8725636192271442 0.05460000000000002 0.06986804901036768
0 0.05604615384615384 0.8725730442978322 0.053623076923076926 0.06868049010367568
0 0.2857230769230769 0.8728746465598493 0.04515384615384619 0.0656644674835062
0 0.8281538461538461 0.873129123468426 0.04763076923076929 0.06618284637134782
0 0.4403769230769231 0.873138548539114 0.03831538461538457 0.06740810556079169
0 0.022815384615384616 0.8731762488218662 0.04526923076923077 0.06988689915174372
0 0.4009846153846154 0.8770593779453345 0.0412846153846154 0.06921771913289355