0 0.84625 0.9311688311688312 0.2025 0.09090909090909091
0 0.5896875 0.10432900432900433 0.105625 0.12467532467532468
0 0.4871875 0.09567099567099567 0.104375 0.12034632034632034
0 0.311875 0.08787878787878788 0.220625 0.1341991341991342
0 0.115625 0.08138528138528138 0.186875 0.12121212121212122
0 0.9125 0.18268398268398267 0.175 0.16623376623376623
0 0.7846875 0.19350649350649352 0.108125 0.11861471861471862
0 0.6215625 0.20822510822510823 0.213125 0.1497835497835498
0 0.5215625 0.02683982683982684 0.205625 0.05367965367965368
0 0.42125 0.20995670995670995 0.19 0.1316017316017316
0 0.27875 0.19480519480519481 0.1075 0.13073593073593073
0 0.1634375 0.19004329004329004 0.11375 0.12207792207792208
0 0.066875 0.17922077922077922 0.103125 0.11688311688311688
0 0.3528125 0.017316017316017316 0.100625 0.03463203463203463
0 0.8740625 0.29264069264069265 0.20375 0.129004329004329
0 0.7215625 0.30606060606060603 0.130625 0.13766233766233765
0 0.6140625 0.31601731601731603 0.105 0.11341991341991342
0 0.465 0.3177489177489177 0.21 0.15064935064935064
0 0.260625 0.30735930735930733 0.210625 0.1471861471861472
0 0.10625 0.30043290043290044 0.11 0.11255411255411256
0 0.1925 0.024242424242424242 0.2225 0.048484848484848485
0 0.8365625 0.4155844155844156 0.226875 0.1748917748917749
0 0.615 0.42813852813852815 0.231875 0.16017316017316016
0 0.459375 0.43636363636363634 0.10375 0.11515151515151516
0 0.308125 0.42554112554112555 0.209375 0.12467532467532468
0 0.0909375 0.40216450216450217 0.176875 0.11688311688311688
0 0.879375 0.5212121212121212 0.108125 0.13246753246753246
0 0.9159375 0.09913419913419913 0.168125 0.12034632034632034
0 0.725 0.548051948051948 0.225 0.18441558441558442
0 0.248125 0.5108225108225108 0.10375 0.10995670995670996
0 0.1509375 0.5038961038961038 0.103125 0.10303030303030303
0 0.5128125 0.5493506493506494 0.21 0.13073593073593073
0 0.05 0.49437229437229435 0.1 0.10216450216450217
0 0.34875 0.5320346320346321 0.10625 0.11082251082251082
0 0.83375 0.6545454545454545 0.218125 0.16796536796536796
0 0.2746875 0.6177489177489177 0.145625 0.11515151515151516
0 0.103125 0.5978354978354978 0.20625 0.12380952380952381
0 0.6303125 0.6649350649350649 0.200625 0.12294372294372294
0 0.4378125 0.6437229437229437 0.1925 0.12121212121212122
0 0.7375 0.09393939393939393 0.21 0.1523809523809524
0 0.893125 0.7575757575757576 0.095 0.11082251082251082
0 0.795 0.7562770562770563 0.118125 0.12207792207792208
0 0.1759375 0.7025974025974026 0.179375 0.11774891774891776
0 0.04625 0.6861471861471862 0.0925 0.11168831168831168
0 0.3346875 0.7264069264069264 0.1375 0.12034632034632034
0 0.6746875 0.7692640692640693 0.129375 0.10909090909090909
0 0.503125 0.7497835497835498 0.204375 0.12467532467532468
0 0.90625 0.8545454545454545 0.10375 0.12294372294372294
0 0.8025 0.8545454545454545 0.11625 0.11428571428571428
0 0.7053125 0.8649350649350649 0.100625 0.10822510822510822
0 0.405625 0.8333333333333334 0.0975 0.10216450216450217
0 0.603125 0.858008658008658 0.11625 0.11341991341991342
0 0.060625 0.7926406926406926 0.116875 0.11168831168831168
0 0.176875 0.8112554112554112 0.109375 0.11515151515151516
0 0.2915625 0.8255411255411256 0.116875 0.10822510822510822
0 0.499375 0.8523809523809524 0.1025 0.10735930735930736