0 0.051153846153846154 0.18528183716075156 0.10230769230769231 0.10542797494780794
0 0.19230769230769232 0.18006263048016702 0.12846153846153846 0.10960334029227557
0 0.5061538461538462 0.15501043841336118 0.13846153846153847 0.11899791231732777
0 0.7619230769230769 0.1383089770354906 0.25076923076923074 0.12943632567849686
0 0.33884615384615385 0.17954070981210857 0.13384615384615384 0.11064718162839249
0 0.9357692307692308 0.1440501043841336 0.09846153846153846 0.10020876826722339
0 0.12730769230769232 0.28549060542797494 0.25461538461538463 0.13883089770354906
0 0.6442307692307693 0.24634655532359082 0.2746153846153846 0.12734864300626306
0 0.38269230769230766 0.272964509394572 0.1676923076923077 0.11169102296450939
0 0.8884615384615384 0.23747390396659707 0.20307692307692307 0.1336116910229645
0 0.6438461538461538 0.34237995824634654 0.13538461538461538 0.10751565762004175
0 0.22230769230769232 0.38413361169102295 0.15076923076923077 0.11377870563674322
0 0.5080769230769231 0.3569937369519833 0.13 0.10542797494780794
0 0.3676923076923077 0.37160751565762007 0.12384615384615384 0.10542797494780794
0 0.7857692307692308 0.33402922755741127 0.1346153846153846 0.11064718162839249
0 0.9323076923076923 0.33611691022964507 0.12538461538461537 0.10647181628392484
0 0.7184615384615385 0.4337160751565762 0.13 0.11169102296450939
0 0.12076923076923077 0.49164926931106473 0.24153846153846154 0.1419624217118998
0 0.43884615384615383 0.4629436325678497 0.12076923076923077 0.1127348643006263
0 0.5803846153846154 0.44937369519832987 0.13307692307692306 0.11169102296450939
0 0.3080769230769231 0.477035490605428 0.13615384615384615 0.11169102296450939
0 0.8988461538461539 0.4279749478079332 0.20153846153846153 0.11795407098121086
0 0.11846153846153847 0.0861169102296451 0.23692307692307693 0.12421711899791232
0 0.3853846153846154 0.06680584551148225 0.2723076923076923 0.1336116910229645
0 0.8176923076923077 0.5255741127348643 0.10076923076923076 0.10334029227557412
0 0.9246153846153846 0.5177453027139874 0.11 0.10438413361169102
0 0.06653846153846153 0.6002087682672234 0.12923076923076923 0.10855949895615867
0 0.4003846153846154 0.5688935281837161 0.1930769230769231 0.11586638830897704
0 0.6280769230769231 0.5480167014613778 0.2569230769230769 0.1304801670146138
0 0.2276923076923077 0.5902922755741128 0.12923076923076923 0.10647181628392484
0 0.6757692307692308 0.055323590814196244 0.2746153846153846 0.11064718162839249
0 0.8653846153846154 0.6153444676409185 0.2692307692307692 0.1325678496868476
0 0.12692307692307692 0.6936325678496869 0.24 0.12526096033402923
0 0.38769230769230767 0.6717118997912317 0.27076923076923076 0.12943632567849686
0 0.6296153846153846 0.6529227557411273 0.13846153846153847 0.11482254697286012
0 0.9592307692307692 0.6931106471816284 0.08153846153846153 0.08977035490605428
0 0.7734615384615384 0.7150313152400835 0.2569230769230769 0.12734864300626306
0 0.3126923076923077 0.761482254697286 0.12153846153846154 0.09394572025052192
0 0.06423076923076923 0.7891440501043842 0.10538461538461538 0.10751565762004175
0 0.4453846153846154 0.7640918580375783 0.13153846153846155 0.10960334029227557
0 0.5773076923076923 0.755741127348643 0.1346153846153846 0.11586638830897704
0 0.20384615384615384 0.8616910229645094 0.12153846153846154 0.09394572025052192
0 0.08807692307692308 0.872651356993737 0.11615384615384615 0.09394572025052192
0 0.9084615384615384 0.8063674321503131 0.18307692307692308 0.12212943632567849
0 0.35 0.8616910229645094 0.13307692307692306 0.10647181628392484
0 0.4819230769230769 0.8491649269311065 0.1276923076923077 0.09603340292275574
0 0.7415384615384616 0.8262004175365344 0.13384615384615384 0.10647181628392484
0 0.6130769230769231 0.8444676409185804 0.09846153846153846 0.09081419624217119
0 0.9276923076923077 0.05219206680584551 0.10461538461538461 0.10438413361169102