0 0.07331538461538462 0.1696969696969697 0.14616153846153845 0.09617554858934171
0 0.8281461538461538 0.17113897596656216 0.2722307692307693 0.0943260188087774
0 0.28334615384615386 0.17366771159874608 0.27133076923076926 0.10094043887147336
0 0.5561999999999999 0.17505747126436783 0.2708384615384615 0.09624869383490074
0 0.9127846153846153 0.26501567398119125 0.17433846153846144 0.09522466039707418
0 0.15081538461538463 0.2654754440961338 0.27307692307692305 0.09538140020898639
0 0.6902846153846154 0.26861024033437825 0.2663384615384615 0.09163009404388711
0 0.4214076923076923 0.2710344827586207 0.26659230769230763 0.09219435736677117
0 0.8283230769230768 0.35972831765935215 0.2696384615384616 0.09321839080459773
0 0.5573538461538461 0.36294670846394983 0.2676615384615385 0.09342737722048064
0 0.07653076923076924 0.36363636363636365 0.15143076923076923 0.09458725182863112
0 0.28803076923076926 0.3640334378265413 0.27133076923076926 0.09696969696969693
0 0.9127384615384615 0.45215256008359456 0.174523076923077 0.09163009404388708
0 0.689923076923077 0.45457680250783694 0.26826923076923087 0.09522466039707418
0 0.4204769230769231 0.45772204806687566 0.2677076923076923 0.0943260188087774
0 0.14994615384615384 0.4582131661442006 0.2725076923076923 0.09299895506792058
0 0.8283230769230768 0.5473667711598746 0.27080769230769236 0.09082549634273773
0 0.557023076923077 0.5498014629049112 0.2696461538461538 0.09702194357366768
0 0.2877153846153846 0.5508150470219436 0.269523076923077 0.09219435736677117
0 0.07595384615384616 0.553594566353187 0.15027692307692309 0.09299895506792058
0 0.9186000000000001 0.6401776384535005 0.16279230769230776 0.09321839080459773
0 0.7018230769230769 0.6427899686520376 0.2682615384615385 0.0943260188087774
0 0.4323846153846154 0.6441379310344828 0.26638461538461533 0.09342737722048075
0 0.1598923076923077 0.6473876698014629 0.27367692307692304 0.09299895506792058
0 0.9174384615384616 0.07321839080459769 0.16512307692307682 0.0943260188087774
0 0.8262692307692309 0.7345977011494252 0.2702153846153845 0.09242424242424248
0 0.556023076923077 0.7380146290491117 0.2703000000000001 0.09612330198537096
0 0.07449230769230769 0.7399791013584117 0.14735384615384617 0.09379310344827585
0 0.28536923076923076 0.7403761755485893 0.2718692307692308 0.09299895506792058
0 0.15081538461538463 0.0755067920585162 0.27307692307692305 0.09855799373040752
0 0.6975538461538463 0.075914315569488 0.2729461538461539 0.09792058516196445
0 0.4255 0.07947753396029258 0.27009999999999995 0.09379310344827585
0 0.9146153846153846 0.8281086729362591 0.17076923076923076 0.09299895506792058
0 0.6913923076923076 0.8314002089864159 0.27378461538461546 0.09640543364681295
0 0.4202 0.83324973876698 0.2685769230769231 0.0915047021943573
0 0.14690769230769232 0.8350052246603971 0.2751692307692308 0.09502612330198543