0 0.45269230769230767 0.2309299895506792 0.08076923076923077 0.16405433646812956
0 0.5976923076923077 0.21839080459770116 0.07461538461538461 0.16927899686520376
0 0.09153846153846154 0.27951933124346917 0.18307692307692308 0.1891327063740857
0 0.5280769230769231 0.2277951933124347 0.08692307692307692 0.1671891327063741
0 0.9307692307692308 0.17920585161964472 0.11 0.16300940438871472
0 0.29846153846153844 0.25653082549634276 0.24076923076923076 0.18599791013584116
0 0.8384615384615385 0.19331243469174503 0.0876923076923077 0.16405433646812956
0 0.755 0.20428422152560083 0.08846153846153847 0.16823406478578892
0 0.6788461538461539 0.2168234064785789 0.08307692307692308 0.16300940438871472
0 0.36653846153846154 0.3996865203761755 0.08153846153846153 0.15987460815047022
0 0.535 0.3834900731452456 0.24076923076923076 0.1922675026123302
0 0.1276923076923077 0.4336468129571578 0.0876923076923077 0.16614420062695925
0 0.946923076923077 0.33646812957157785 0.06923076923076923 0.16614420062695925
0 0.055384615384615386 0.44357366771159873 0.07461538461538461 0.16823406478578892
0 0.2907692307692308 0.4179728317659352 0.08461538461538462 0.16405433646812956
0 0.7953846153846154 0.3605015673981191 0.23384615384615384 0.1891327063740857
0 0.21269230769230768 0.43051201671891326 0.08307692307692308 0.15987460815047022
0 0.3953846153846154 0.554858934169279 0.08461538461538462 0.16300940438871472
0 0.4723076923076923 0.5496342737722049 0.0823076923076923 0.16509926854754442
0 0.06576923076923077 0.5977011494252874 0.13153846153846155 0.17136886102403343
0 0.936923076923077 0.49738766980146293 0.12615384615384614 0.17136886102403343
0 0.5488461538461539 0.5444096133751306 0.0876923076923077 0.16509926854754442
0 0.24269230769230768 0.5820271682340648 0.24 0.17972831765935215
0 0.8415384615384616 0.5141065830721003 0.08384615384615385 0.1619644723092999
0 0.6157692307692307 0.5433646812957158 0.07230769230769231 0.16509926854754442
0 0.7661538461538462 0.5256008359456635 0.08461538461538462 0.16614420062695925
0 0.691923076923077 0.5365726227795193 0.06923076923076923 0.16300940438871472
0 0.9842307692307692 0.6494252873563219 0.031538461538461536 0.15987460815047022
0 0.335 0.7288401253918495 0.08615384615384615 0.16927899686520376
0 0.9411538461538461 0.6572622779519331 0.07692307692307693 0.16091954022988506
0 0.7742307692307693 0.6776384535005224 0.23384615384615384 0.17763845350052246
0 0.09384615384615384 0.7586206896551724 0.08307692307692308 0.16927899686520376
0 0.16923076923076924 0.7502612330198537 0.0876923076923077 0.16823406478578892
0 0.4969230769230769 0.7121212121212122 0.24307692307692308 0.18495297805642633
0 0.25769230769230766 0.7413793103448276 0.08923076923076922 0.16509926854754442
0 0.03576923076923077 0.7685475444096134 0.05 0.1588296760710554
0 0.012692307692307692 0.13061650992685475 0.025384615384615384 0.15047021943573669
0 0.9426923076923077 0.04754440961337513 0.06538461538461539 0.09508881922675026
0 0.060384615384615384 0.1238244514106583 0.08615384615384615 0.15464994775339602
0 0.4930769230769231 0.07993730407523511 0.24769230769230768 0.15987460815047022
0 0.8807692307692307 0.054858934169279 0.07384615384615385 0.109717868338558
0 0.3446153846153846 0.09352142110762801 0.06923076923076923 0.15987460815047022
0 0.13076923076923078 0.11912225705329153 0.07230769230769231 0.1588296760710554
0 0.7296153846153847 0.07262277951933124 0.2453846153846154 0.1452455590386625
0 0.2776923076923077 0.10553814002089865 0.08615384615384615 0.16509926854754442
0 0.20153846153846153 0.11703239289446186 0.0876923076923077 0.16300940438871472
0 0.6503846153846153 0.8281086729362591 0.07461538461538461 0.12957157784743992
0 0.9573076923076923 0.7925809822361547 0.08538461538461538 0.12643678160919541
0 0.8861538461538462 0.8040752351097179 0.06615384615384616 0.11912225705329153
0 0.5011538461538462 0.8500522466039707 0.07923076923076923 0.12330198537095088
0 0.08461538461538462 0.8996865203761756 0.1276923076923077 0.12957157784743992
0 0.8157692307692308 0.8134796238244514 0.0823076923076923 0.11912225705329153
0 0.7423076923076923 0.8218390804597702 0.07615384615384616 0.12016718913270637
0 0.26884615384615385 0.8787878787878788 0.23923076923076922 0.13897596656217345
0 0.4226923076923077 0.8605015673981191 0.07692307692307693 0.11703239289446186
0 0.575 0.8427377220480669 0.07846153846153846 0.11912225705329153