0 0.7503615384615385 0.0238662486938349 0.07893846153846146 0.0477324973876698
0 0.7424846153846154 0.2312748171368861 0.1670384615384616 0.06959247648902818
0 0.5733307692307693 0.2391327063740857 0.16673076923076924 0.07002089864158832
0 0.4027538461538462 0.245067920585162 0.16422307692307694 0.058140020898641606
0 0.22860769230769232 0.2486729362591431 0.1651846153846154 0.07469174503657261
0 0.6677 0.026980146290491117 0.08163846153846162 0.0539498432601881
0 0.5857615384615384 0.02853709508881922 0.07893846153846146 0.057063740856844306
0 0.7773230769230769 0.2906896551724138 0.07925384615384622 0.06195402298850574
0 0.6942384615384616 0.294294670846395 0.07990769230769239 0.0615360501567398
0 0.6111307692307693 0.29620689655172416 0.08176153846153843 0.06280041797283178
0 0.2828076923076923 0.30193312434691744 0.07926923076923073 0.06577847439916411
0 0.505576923076923 0.030344827586206897 0.08050000000000007 0.05862068965517242
0 0.44820769230769225 0.30426332288401253 0.07956923076923081 0.057711598746081526
0 0.5303923076923077 0.30426332288401253 0.07836153846153837 0.06280041797283178
0 0.367 0.3057575757575758 0.0777230769230769 0.05983281086729362
0 0.19831538461538462 0.31148380355276906 0.08149230769230767 0.06705329153605011
0 0.42386153846153846 0.03424242424242425 0.07671538461538463 0.059143155694879844
0 0.7392076923076923 0.35243469174503655 0.16859999999999997 0.06493207941483801
0 0.3448 0.036071055381400215 0.07830769230769227 0.061954022988505754
0 0.5684846153846154 0.36198537095088823 0.16579999999999998 0.06450365726227797
0 0.40103846153846157 0.36495297805642635 0.16453846153846158 0.057711598746081526
0 0.23313846153846152 0.3685579937304075 0.16362307692307695 0.06917450365726233
0 0.26593846153846157 0.0396760710553814 0.07927692307692304 0.05983281086729362
0 0.1848923076923077 0.041159874608150473 0.07712307692307692 0.060261233019853706
0 0.7866846153846154 0.41438871473354233 0.08174615384615383 0.05898641588296766
0 0.6219076923076923 0.41778474399164056 0.07894615384615393 0.05898641588296766
0 0.7036076923076924 0.41778474399164056 0.08178461538461533 0.06493207941483801
0 0.5403846153846154 0.42266457680250785 0.08085384615384608 0.061107628004179744
0 0.45820769230769226 0.42626959247648905 0.07893846153846162 0.05729362591431561
0 0.29669999999999996 0.42669801462904916 0.07957692307692311 0.05898641588296766
0 0.3774692307692308 0.427115987460815 0.07803076923076918 0.05814002089864157
0 0.2111230769230769 0.43073145245559036 0.07961538461538462 0.06365726227795189
0 0.783723076923077 0.4750783699059561 0.08080769230769227 0.05898641588296766
0 0.7011076923076923 0.4782549634273772 0.08178461538461533 0.06535005224660394
0 0.6174384615384615 0.47842215256008364 0.07834615384615377 0.05870428422152555
0 0.5371538461538461 0.4817763845350052 0.0801461538461539 0.06037617554858931
0 0.45645384615384615 0.4857575757575758 0.0774000000000001 0.055768025078369914
0 0.37652307692307696 0.4863845350052247 0.07866923076923076 0.057868338557993726
0 0.2950230769230769 0.4865935214211076 0.07863846153846155 0.058286311389759635
0 0.20953846153846153 0.4889028213166144 0.07867692307692306 0.062058516196447214
0 0.7865307692307693 0.5323615464994775 0.07955384615384621 0.05983281086729362
0 0.704076923076923 0.5366039707419017 0.08146923076923084 0.06322884012539184
0 0.6236461538461539 0.5374503657262278 0.0799384615384616 0.06493207941483808
0 0.5439461538461539 0.5404806687565308 0.07890769230769225 0.062058516196447276
0 0.46123846153846154 0.5440438871473354 0.07893846153846162 0.059958202716823464
0 0.22188461538461537 0.5442528735632184 0.0792846153846154 0.06289446185997916
0 0.30165384615384616 0.5455067920585162 0.07586153846153847 0.05786833855799379
0 0.3805384615384615 0.5469801462904912 0.07804615384615383 0.05743991640543367
0 0.7855923076923077 0.5915569487983281 0.07893076923076923 0.059414838035527585
0 0.7045461538461538 0.5968652037617556 0.08115384615384616 0.061536050156739915
0 0.6247384615384615 0.5989864158829676 0.07900000000000003 0.0640752351097178
0 0.5436384615384615 0.6010658307210032 0.07953076923076931 0.05995820271682352
0 0.22543076923076924 0.602748171368861 0.07713076923076921 0.05743991640543367
0 0.46432307692307695 0.6037931034482759 0.07894615384615375 0.06037617554858931
0 0.30551538461538463 0.6048380355276908 0.0774076923076923 0.05660397074190185
0 0.3843923076923077 0.6050470219435736 0.07526923076923078 0.053667711598745976
0 0.7846538461538461 0.6518181818181817 0.07956153846153842 0.05855799373040749
0 0.7039153846153846 0.6560606060606061 0.07927692307692304 0.06026123301985378
0 0.6244307692307692 0.6584012539184954 0.0802461538461538 0.062382445141065876
0 0.38208461538461536 0.6612330198537094 0.07681538461538463 0.05618599791013582
0 0.22496923076923075 0.6614420062695925 0.07805384615384617 0.061640543364681305
0 0.5442538461538461 0.6614420062695925 0.07890769230769225 0.060794148380355344
0 0.46154615384615383 0.6618704284221525 0.07709230769230771 0.05743991640543367
0 0.3038230769230769 0.6629153605015674 0.07771538461538459 0.05618599791013582
0 0.7804384615384616 0.7114420062695925 0.08174615384615391 0.062382445141065876
0 0.6993923076923078 0.7148380355276908 0.08021538461538459 0.05898641588296766
0 0.45969230769230773 0.7176280041797283 0.07586153846153855 0.05493207941483797
0 0.6191230769230769 0.7184430512016718 0.08150000000000003 0.06195402298850571
0 0.5385461538461539 0.7193103448275862 0.07798461538461529 0.05660397074190185
0 0.2266692307692308 0.7195193312434692 0.07466153846153849 0.05283176593521415
0 0.38023076923076926 0.7197283176593521 0.07681538461538463 0.058286311389759635
0 0.3024307692307692 0.7199373040752352 0.07616923076923075 0.05618599791013582
0 0.7803846153846153 0.7721421107628005 0.0752076923076923 0.05912225705329146
0 0.6990692307692308 0.7731870428422153 0.07925384615384613 0.05954022988505749
0 0.7486461538461539 0.07781609195402299 0.08008461538461539 0.05810867293625915
0 0.6188307692307693 0.775705329153605 0.07866923076923076 0.05870428422152567
0 0.45830769230769225 0.7761233019853709 0.07616923076923075 0.05702194357366765
0 0.22805384615384616 0.776332288401254 0.0731153846153846 0.05408568443051201
0 0.5385461538461539 0.7771786833855799 0.07798461538461529 0.05743991640543367
0 0.3016615384615385 0.7780146290491118 0.07524615384615388 0.05743991640543367
0 0.37883846153846157 0.7782236154649947 0.07650769230769233 0.05702194357366765
0 0.6678923076923077 0.0822257053291536 0.08050000000000007 0.06277951933124346
0 0.5869076923076924 0.08768025078369905 0.07893846153846146 0.05914315569487983
0 0.5042384615384615 0.09053291536050156 0.07859230769230775 0.058620689655172406
0 0.42424615384615383 0.09286311389759666 0.07900769230769233 0.06122257053291536
0 0.3458923076923077 0.09590386624869383 0.07362307692307696 0.0568652037617555
0 0.26422307692307695 0.09887147335423198 0.07709230769230771 0.05771159874608149
0 0.18395384615384613 0.10121212121212121 0.07712307692307692 0.056436781609195394