0 0.6992307692307692 0.006269592476489028 0.08307692307692308 0.012539184952978056
0 0.7126923076923077 0.18808777429467086 0.1723076923076923 0.10031347962382445
0 0.5457692307692308 0.2277951933124347 0.1723076923076923 0.1013584117032393
0 0.3776923076923077 0.2659352142110763 0.16846153846153847 0.08881922675026123
0 0.2053846153846154 0.30250783699059564 0.17153846153846153 0.10553814002089865
0 0.6176923076923077 0.017241379310344827 0.08615384615384615 0.034482758620689655
0 0.5365384615384615 0.02612330198537095 0.08384615384615385 0.0522466039707419
0 0.7530769230769231 0.24033437826541273 0.08461538461538462 0.07628004179728318
0 0.6711538461538461 0.25966562173458724 0.08538461538461538 0.07628004179728318
0 0.5892307692307692 0.2774294670846395 0.0876923076923077 0.07732497387669801
0 0.26461538461538464 0.3448275862068966 0.08538461538461538 0.08045977011494253
0 0.4573076923076923 0.03500522466039707 0.08538461538461538 0.07001044932079414
0 0.4288461538461538 0.3160919540229885 0.08461538461538462 0.07210031347962383
0 0.51 0.3004179728317659 0.08384615384615385 0.07732497387669801
0 0.3484615384615385 0.3328108672936259 0.08307692307692308 0.0741901776384535
0 0.1819230769230769 0.3704284221525601 0.0876923076923077 0.08150470219435736
0 0.3769230769230769 0.05329153605015674 0.0823076923076923 0.07314524555903866
0 0.7219230769230769 0.30877742946708464 0.17384615384615384 0.0961337513061651
0 0.2988461538461539 0.07001044932079414 0.08384615384615385 0.07628004179728318
0 0.5538461538461539 0.3505747126436782 0.17076923076923076 0.09508881922675026
0 0.3880769230769231 0.3850574712643678 0.16923076923076924 0.0877742946708464
0 0.22230769230769232 0.4200626959247649 0.16923076923076924 0.09926854754440961
0 0.22115384615384615 0.08829676071055381 0.08461538461538462 0.0741901776384535
0 0.14076923076923076 0.10501567398119123 0.0823076923076923 0.0741901776384535
0 0.775 0.3610240334378265 0.08692307692307692 0.0741901776384535
0 0.6123076923076923 0.3955067920585162 0.08384615384615385 0.07314524555903866
0 0.693076923076923 0.37983281086729365 0.0876923076923077 0.0794148380355277
0 0.5319230769230769 0.4158829676071055 0.08615384615384615 0.07628004179728318
0 0.4511538461538461 0.4346917450365726 0.08384615384615385 0.07210031347962383
0 0.29115384615384615 0.4660397074190178 0.08461538461538462 0.07314524555903866
0 0.37115384615384617 0.4508881922675026 0.08307692307692308 0.07210031347962383
0 0.20692307692307693 0.48589341692789967 0.08538461538461538 0.07836990595611286
0 0.7784615384615384 0.4216300940438871 0.08615384615384615 0.0741901776384535
0 0.696923076923077 0.44043887147335425 0.0876923076923077 0.08045977011494253
0 0.6142307692307692 0.4566353187042842 0.08384615384615385 0.07314524555903866
0 0.535 0.47492163009404387 0.08538461538461538 0.07523510971786834
0 0.4553846153846154 0.4942528735632184 0.0823076923076923 0.07001044932079414
0 0.37615384615384617 0.509926854754441 0.08384615384615385 0.07210031347962383
0 0.2957692307692308 0.5256008359456635 0.08384615384615385 0.07210031347962383
0 0.21115384615384616 0.5438871473354232 0.08461538461538462 0.07628004179728318
0 0.786923076923077 0.4780564263322884 0.08461538461538462 0.0741901776384535
0 0.7057692307692308 0.49791013584117033 0.08692307692307692 0.07836990595611286
0 0.6261538461538462 0.5135841170323929 0.08615384615384615 0.0794148380355277
0 0.5476923076923077 0.5318704284221526 0.08461538461538462 0.07628004179728318
0 0.46615384615384614 0.5512016718913271 0.08461538461538462 0.0741901776384535
0 0.22923076923076924 0.5966562173458725 0.08461538461538462 0.07732497387669801
0 0.3080769230769231 0.5825496342737722 0.08076923076923077 0.07210031347962383
0 0.38653846153846155 0.5689655172413793 0.08307692307692308 0.07210031347962383
0 0.7923076923076923 0.5365726227795193 0.08461538461538462 0.0741901776384535
0 0.7123076923076923 0.5574712643678161 0.08692307692307692 0.07628004179728318
0 0.6338461538461538 0.5741901776384535 0.08461538461538462 0.07836990595611286
0 0.5534615384615384 0.5919540229885057 0.08461538461538462 0.0741901776384535
0 0.23846153846153847 0.6536050156739812 0.0823076923076923 0.07105538140020899
0 0.4753846153846154 0.609717868338558 0.08461538461538462 0.07523510971786834
0 0.3180769230769231 0.6405433646812957 0.0823076923076923 0.07105538140020899
0 0.39615384615384613 0.625914315569488 0.08 0.06687565308254964
0 0.7973076923076923 0.5966562173458725 0.08461538461538462 0.07314524555903866
0 0.7180769230769231 0.6159874608150471 0.08461538461538462 0.0741901776384535
0 0.6396153846153846 0.6332288401253918 0.08615384615384615 0.07732497387669801
0 0.3996153846153846 0.6818181818181818 0.08153846153846153 0.07001044932079414
0 0.24423076923076922 0.7121212121212122 0.08384615384615385 0.07628004179728318
0 0.5603846153846154 0.6515151515151515 0.08461538461538462 0.07523510971786834
0 0.47846153846153844 0.6677115987460815 0.0823076923076923 0.07105538140020899
0 0.3223076923076923 0.6985370950888192 0.08307692307692308 0.07001044932079414
0 0.7992307692307692 0.6562173458725182 0.0876923076923077 0.07732497387669801
0 0.7196153846153847 0.6750261233019854 0.08538461538461538 0.07314524555903866
0 0.4823076923076923 0.723092998955068 0.08076923076923077 0.06896551724137931
0 0.6403846153846153 0.6938349007314525 0.08692307692307692 0.07628004179728318
0 0.5607692307692308 0.7100313479623824 0.08307692307692308 0.07105538140020899
0 0.2519230769230769 0.7690700104493208 0.07923076923076923 0.06687565308254964
0 0.40384615384615385 0.7403343782654127 0.0823076923076923 0.07210031347962383
0 0.3269230769230769 0.7549634273772204 0.08153846153846153 0.07001044932079414
0 0.8053846153846154 0.7163009404388715 0.08076923076923077 0.07314524555903866
0 0.725 0.7330198537095088 0.08461538461538462 0.0741901776384535
0 0.7026923076923077 0.035527690700104496 0.08538461538461538 0.07105538140020899
0 0.6457692307692308 0.7507836990595611 0.08384615384615385 0.07314524555903866
0 0.4869230769230769 0.7810867293625914 0.08153846153846153 0.07105538140020899
0 0.25884615384615384 0.8249738766980146 0.07769230769230769 0.06687565308254964
0 0.5665384615384615 0.7669801462904912 0.08307692307692308 0.07210031347962383
0 0.33192307692307693 0.812957157784744 0.08076923076923077 0.07105538140020899
0 0.4084615384615385 0.7983281086729362 0.08153846153846153 0.07105538140020899
0 0.6234615384615385 0.054336468129571575 0.08615384615384615 0.07732497387669801
0 0.5438461538461539 0.07523510971786834 0.08384615384615385 0.07314524555903866
0 0.4623076923076923 0.09352142110762801 0.08384615384615385 0.07314524555903866
0 0.38346153846153846 0.11128526645768025 0.08461538461538462 0.07523510971786834
0 0.30615384615384617 0.1290491118077325 0.07846153846153846 0.07001044932079414
0 0.22538461538461538 0.14733542319749215 0.0823076923076923 0.07210031347962383
0 0.14615384615384616 0.16509926854754442 0.0823076923076923 0.07001044932079414