0 0.6234375 0.0726643598615917 0.121875 0.078719723183391
0 0.085 0.9433391003460208 0.1175 0.07352941176470588
0 0.6775 0.8715397923875432 0.1175 0.07525951557093426
0 0.44125 0.9000865051903114 0.11625 0.07093425605536333
0 0.5596875 0.8862456747404844 0.124375 0.0726643598615917
0 0.9825 0.8343425605536332 0.035 0.06314878892733564
0 0.793125 0.8589965397923875 0.118125 0.07352941176470588
0 0.3228125 0.9160899653979239 0.1225 0.07006920415224914
0 0.91 0.8455882352941176 0.11875 0.06920415224913495
0 0.1990625 0.9333910034602076 0.12375 0.06920415224913495
0 0.459375 0.15527681660899653 0.1175 0.078719723183391
0 0.343125 0.1699826989619377 0.12125 0.08304498269896193
0 0.5775 0.14273356401384082 0.119375 0.07612456747404844
0 0.6946875 0.12889273356401384 0.120625 0.07698961937716263
0 0.224375 0.18598615916955016 0.12125 0.07958477508650519
0 0.025625 0.21237024221453288 0.05125 0.07352941176470588
0 0.9253125 0.10207612456747404 0.10625 0.07612456747404844
0 0.10875 0.20155709342560554 0.119375 0.07785467128027682
0 0.81375 0.11634948096885814 0.121875 0.08131487889273356
0 0.396875 0.23140138408304498 0.119375 0.07958477508650519
0 0.27625 0.24697231833910036 0.125625 0.08304498269896193
0 0.513125 0.21842560553633217 0.119375 0.08304498269896193
0 0.1565625 0.26211072664359863 0.12125 0.08044982698961937
0 0.62875 0.2054498269896194 0.11875 0.08131487889273356
0 0.0496875 0.2763840830449827 0.099375 0.078719723183391
0 0.745 0.19204152249134948 0.12 0.07785467128027682
0 0.8615625 0.17906574394463667 0.12 0.078719723183391
0 0.9515625 0.16782006920415224 0.0625 0.06660899653979238
0 0.019375 0.08174740484429066 0.03875 0.054498269896193774
0 0.3309375 0.04411764705882353 0.12625 0.06487889273356401
0 0.7990625 0.010380622837370242 0.120625 0.020761245674740483
0 0.5659375 0.02422145328719723 0.115625 0.04844290657439446
0 0.4503125 0.03157439446366782 0.120625 0.06314878892733564
0 0.0940625 0.07396193771626297 0.118125 0.06487889273356401
0 0.21125 0.05968858131487889 0.118125 0.06660899653979238
0 0.681875 0.018166089965397925 0.1175 0.03633217993079585
0 0.5821875 0.2759515570934256 0.121875 0.08044982698961937
0 0.1059375 0.3343425605536332 0.120625 0.078719723183391
0 0.345625 0.305363321799308 0.11875 0.07958477508650519
0 0.4646875 0.29108996539792387 0.123125 0.08131487889273356
0 0.025 0.34558823529411764 0.05 0.07179930795847751
0 0.2246875 0.3205017301038062 0.12125 0.08131487889273356
0 0.7 0.2642733564013841 0.121875 0.08044982698961937
0 0.818125 0.25 0.12 0.07785467128027682
0 0.9309375 0.23832179930795847 0.1125 0.08131487889273356
0 0.0528125 0.4083044982698962 0.105625 0.07612456747404844
0 0.2859375 0.37932525951557095 0.119375 0.07439446366782007
0 0.1640625 0.3944636678200692 0.12375 0.08217993079584775
0 0.4034375 0.36591695501730104 0.12375 0.08304498269896193
0 0.880625 0.3079584775086505 0.125 0.08217993079584775
0 0.63875 0.3373702422145329 0.118125 0.07958477508650519
0 0.7571875 0.32439446366782004 0.125625 0.08131487889273356
0 0.524375 0.35337370242214533 0.11875 0.07785467128027682
0 0.965625 0.30017301038062283 0.05125 0.06833910034602077
0 0.0303125 0.47664359861591693 0.060625 0.07093425605536333
0 0.2340625 0.4524221453287197 0.119375 0.07785467128027682
0 0.1171875 0.4671280276816609 0.12125 0.08044982698961937
0 0.5846875 0.4108996539792388 0.11625 0.07785467128027682
0 0.70125 0.39705882352941174 0.123125 0.08044982698961937
0 0.8190625 0.3827854671280277 0.120625 0.07785467128027682
0 0.35125 0.4403114186851211 0.120625 0.08564013840830449
0 0.9359375 0.36980968858131485 0.11875 0.08044982698961937
0 0.468125 0.4273356401384083 0.12125 0.078719723183391
0 0.2928125 0.5125432525951558 0.1225 0.08131487889273356
0 0.1740625 0.5285467128027682 0.1225 0.07958477508650519
0 0.4128125 0.5008650519031141 0.123125 0.08044982698961937
0 0.7625 0.458477508650519 0.12125 0.078719723183391
0 0.0584375 0.5436851211072664 0.116875 0.08391003460207612
0 0.530625 0.48788927335640137 0.119375 0.07785467128027682
0 0.6465625 0.4744809688581315 0.12 0.08044982698961937
0 0.9684375 0.435121107266436 0.0625 0.07179930795847751
0 0.8809375 0.4467993079584775 0.121875 0.08131487889273356
0 0.0234375 0.6137543252595156 0.03875 0.06833910034602077
0 0.8153125 0.5181660899653979 0.121875 0.08044982698961937
0 0.6978125 0.532871972318339 0.120625 0.08044982698961937
0 0.1021875 0.6051038062283737 0.124375 0.08044982698961937
0 0.22375 0.5903979238754326 0.12625 0.0847750865051903
0 0.345 0.5765570934256056 0.119375 0.078719723183391
0 0.5809375 0.5501730103806228 0.120625 0.08304498269896193
0 0.9371875 0.5086505190311419 0.125625 0.0847750865051903
0 0.4640625 0.5661764705882353 0.120625 0.08131487889273356
0 0.7784375 0.5908304498269896 0.124375 0.08910034602076125
0 0.185625 0.6634948096885813 0.118125 0.07785467128027682
0 0.89625 0.5774221453287197 0.11875 0.07958477508650519
0 0.3034375 0.6500865051903114 0.120625 0.07698961937716263
0 0.06625 0.6794982698961938 0.11625 0.08131487889273356
0 0.6596875 0.6076989619377162 0.120625 0.07958477508650519
0 0.5415625 0.6224048442906575 0.123125 0.08044982698961937
0 0.976875 0.5709342560553633 0.04625 0.07093425605536333
0 0.423125 0.6384083044982699 0.123125 0.08391003460207612
0 0.8434375 0.6505190311418685 0.118125 0.08044982698961937
0 0.1315625 0.7365916955017301 0.123125 0.07958477508650519
0 0.2515625 0.7231833910034602 0.121875 0.08044982698961937
0 0.043125 0.7487024221453287 0.060625 0.06747404844290658
0 0.9503125 0.6384083044982699 0.099375 0.07958477508650519
0 0.371875 0.7097750865051903 0.120625 0.08131487889273356
0 0.726875 0.6673875432525952 0.118125 0.07785467128027682
0 0.6075 0.6829584775086506 0.121875 0.07958477508650519
0 0.489375 0.6976643598615917 0.121875 0.07785467128027682
0 0.07625 0.8109861591695502 0.12 0.07958477508650519
0 0.43125 0.7703287197231834 0.120625 0.08044982698961937
0 0.31375 0.7846020761245674 0.11625 0.07698961937716263
0 0.54875 0.7560553633217993 0.1175 0.07785467128027682
0 0.8903125 0.7149653979238755 0.115625 0.078719723183391
0 0.77625 0.7288062283737025 0.119375 0.078719723183391
0 0.195625 0.7997404844290658 0.121875 0.078719723183391
0 0.66375 0.7430795847750865 0.115 0.07439446366782007
0 0.9728125 0.7050173010380623 0.054375 0.07093425605536333
0 0.390625 0.09039792387543252 0.1225 0.08131487889273356
0 0.049375 0.13408304498269896 0.09875 0.0847750865051903
0 0.7434375 0.051470588235294115 0.1225 0.08391003460207612
0 0.054375 0.8814878892733564 0.0675 0.07352941176470588
0 0.1428125 0.8719723183391004 0.115 0.07612456747404844
0 0.3790625 0.8434256055363322 0.125 0.08044982698961937
0 0.619375 0.8153114186851211 0.123125 0.07958477508650519
0 0.8515625 0.7876297577854672 0.119375 0.08217993079584775
0 0.26 0.8594290657439446 0.12125 0.08131487889273356
0 0.5 0.8300173010380623 0.12125 0.078719723183391
0 0.7365625 0.8019031141868512 0.11625 0.07698961937716263
0 0.95375 0.7742214532871973 0.0925 0.07785467128027682
0 0.27375 0.10942906574394463 0.115625 0.078719723183391
0 0.9434375 0.03200692041522491 0.060625 0.06401384083044982
0 0.15875 0.1258650519031142 0.123125 0.08044982698961937
0 0.50875 0.08347750865051903 0.118125 0.08044982698961937
0 0.8571875 0.04152249134948097 0.115 0.078719723183391