0 0.6753125 0.10899653979238755 0.121875 0.078719723183391
0 0.0471875 0.8369377162629758 0.094375 0.07352941176470588
0 0.628125 0.9083044982698962 0.1175 0.07525951557093426
0 0.391875 0.879757785467128 0.11625 0.07093425605536333
0 0.5103125 0.8944636678200693 0.124375 0.0726643598615917
0 0.9453125 0.9480968858131488 0.05875 0.06314878892733564
0 0.7434375 0.9238754325259516 0.118125 0.07352941176470588
0 0.273125 0.8672145328719724 0.1225 0.07006920415224914
0 0.8603125 0.9390138408304498 0.11875 0.06920415224913495
0 0.149375 0.8546712802768166 0.12375 0.06920415224913495
0 0.503125 0.15095155709342561 0.1175 0.078719723183391
0 0.386875 0.1375432525951557 0.12125 0.08304498269896193
0 0.62125 0.16652249134948097 0.119375 0.07612456747404844
0 0.7384375 0.18122837370242215 0.120625 0.07698961937716263
0 0.268125 0.1245674740484429 0.12125 0.07958477508650519
0 0.0584375 0.09991349480968859 0.073125 0.07352941176470588
0 0.9578125 0.2102076124567474 0.084375 0.07612456747404844
0 0.1521875 0.11202422145328719 0.119375 0.07785467128027682
0 0.856875 0.1976643598615917 0.121875 0.08131487889273356
0 0.4321875 0.2106401384083045 0.119375 0.07958477508650519
0 0.31125 0.1967993079584775 0.125625 0.08304498269896193
0 0.548125 0.22577854671280276 0.119375 0.08304498269896193
0 0.1915625 0.18295847750865052 0.12125 0.08044982698961937
0 0.66375 0.24091695501730104 0.11875 0.08131487889273356
0 0.0759375 0.1695501730103806 0.116875 0.078719723183391
0 0.7796875 0.2556228373702422 0.12 0.07785467128027682
0 0.89625 0.27076124567474047 0.12 0.078719723183391
0 0.9775 0.28157439446366783 0.045 0.06660899653979238
0 0.958125 0.08044982698961937 0.08375 0.06228373702422145
0 0.390625 0.021193771626297576 0.12625 0.04238754325259515
0 0.8590625 0.06747404844290658 0.120625 0.0657439446366782
0 0.625625 0.0393598615916955 0.115625 0.06487889273356401
0 0.5096875 0.02897923875432526 0.120625 0.05795847750865052
0 0.1534375 0.007352941176470588 0.118125 0.014705882352941176
0 0.2703125 0.01513840830449827 0.118125 0.03027681660899654
0 0.741875 0.054498269896193774 0.1175 0.06747404844290658
0 0.6090625 0.29930795847750863 0.121875 0.08044982698961937
0 0.1328125 0.2422145328719723 0.120625 0.078719723183391
0 0.3725 0.27162629757785467 0.11875 0.07958477508650519
0 0.4915625 0.2858996539792388 0.123125 0.08131487889273356
0 0.045 0.23183391003460208 0.063125 0.07179930795847751
0 0.2515625 0.25735294117647056 0.12125 0.08131487889273356
0 0.7265625 0.3157439446366782 0.121875 0.08044982698961937
0 0.8446875 0.33001730103806226 0.12 0.07785467128027682
0 0.9503125 0.3460207612456747 0.099375 0.08131487889273356
0 0.0665625 0.30103806228373703 0.115 0.07612456747404844
0 0.304375 0.3295847750865052 0.119375 0.07439446366782007
0 0.1821875 0.3153114186851211 0.12375 0.08217993079584775
0 0.4215625 0.34472318339100344 0.12375 0.08304498269896193
0 0.89875 0.4022491349480969 0.125 0.08217993079584775
0 0.656875 0.3732698961937716 0.118125 0.07958477508650519
0 0.775 0.388840830449827 0.125625 0.08131487889273356
0 0.5425 0.3615916955017301 0.11875 0.07785467128027682
0 0.97875 0.4147923875432526 0.0425 0.06833910034602077
0 0.0378125 0.36375432525951557 0.065625 0.07093425605536333
0 0.2440625 0.3892733564013841 0.119375 0.07785467128027682
0 0.1271875 0.3754325259515571 0.12125 0.08044982698961937
0 0.5946875 0.43252595155709345 0.11625 0.07785467128027682
0 0.7109375 0.4472318339100346 0.123125 0.08044982698961937
0 0.8290625 0.4615051903114187 0.120625 0.07785467128027682
0 0.3609375 0.40527681660899656 0.120625 0.08564013840830449
0 0.943125 0.47621107266435986 0.11375 0.08044982698961937
0 0.4778125 0.4208477508650519 0.12125 0.078719723183391
0 0.294375 0.4623702422145329 0.1225 0.08131487889273356
0 0.175625 0.44982698961937717 0.1225 0.07958477508650519
0 0.4140625 0.4796712802768166 0.123125 0.08044982698961937
0 0.7634375 0.5224913494809689 0.12125 0.078719723183391
0 0.0596875 0.43728373702422146 0.1175 0.08391003460207612
0 0.5315625 0.495242214532872 0.119375 0.07785467128027682
0 0.6475 0.5099480968858131 0.12 0.08044982698961937
0 0.9690625 0.5480103806228374 0.061875 0.07179930795847751
0 0.881875 0.5393598615916955 0.121875 0.08131487889273356
0 0.0178125 0.4969723183391003 0.035625 0.06833910034602077
0 0.808125 0.5938581314878892 0.121875 0.08044982698961937
0 0.690625 0.5795847750865052 0.120625 0.08044982698961937
0 0.095 0.5077854671280276 0.124375 0.08044982698961937
0 0.2165625 0.5224913494809689 0.12625 0.0847750865051903
0 0.3378125 0.5384948096885813 0.119375 0.078719723183391
0 0.5734375 0.5687716262975778 0.120625 0.08304498269896193
0 0.93125 0.6137543252595156 0.129375 0.0847750865051903
0 0.45625 0.5562283737024222 0.120625 0.08131487889273356
0 0.7628125 0.6561418685121108 0.124375 0.08910034602076125
0 0.17 0.5852076124567474 0.118125 0.07785467128027682
0 0.8803125 0.671280276816609 0.11875 0.07958477508650519
0 0.2875 0.6007785467128027 0.120625 0.07698961937716263
0 0.0540625 0.5726643598615917 0.108125 0.08131487889273356
0 0.64375 0.6444636678200693 0.120625 0.07958477508650519
0 0.525625 0.6306228373702422 0.123125 0.08044982698961937
0 0.965 0.6851211072664359 0.054375 0.07093425605536333
0 0.406875 0.6176470588235294 0.123125 0.08391003460207612
0 0.819375 0.7305363321799307 0.118125 0.08044982698961937
0 0.1075 0.6444636678200693 0.123125 0.07958477508650519
0 0.2275 0.6600346020761245 0.121875 0.08044982698961937
0 0.024375 0.6349480968858131 0.04875 0.06747404844290658
0 0.9321875 0.7461072664359861 0.11125 0.07958477508650519
0 0.3475 0.6756055363321799 0.120625 0.08131487889273356
0 0.7025 0.7197231833910035 0.118125 0.07785467128027682
0 0.583125 0.7058823529411765 0.121875 0.07958477508650519
0 0.465 0.6920415224913494 0.121875 0.07785467128027682
0 0.051875 0.7041522491349481 0.10375 0.07958477508650519
0 0.3984375 0.7495674740484429 0.120625 0.08044982698961937
0 0.2809375 0.735726643598616 0.11625 0.07698961937716263
0 0.515625 0.764273356401384 0.1175 0.07785467128027682
0 0.8575 0.8057958477508651 0.115625 0.078719723183391
0 0.7434375 0.791955017301038 0.119375 0.078719723183391
0 0.1625 0.721885813148789 0.121875 0.078719723183391
0 0.630625 0.7789792387543253 0.115 0.07439446366782007
0 0.948125 0.8174740484429066 0.070625 0.07093425605536333
0 0.44375 0.07050173010380623 0.1225 0.08131487889273356
0 0.0890625 0.03546712802768166 0.125625 0.07093425605536333
0 0.7959375 0.11678200692041522 0.1225 0.08391003460207612
0 0.0234375 0.768598615916955 0.046875 0.07352941176470588
0 0.1015625 0.7802768166089965 0.115 0.07612456747404844
0 0.3378125 0.8088235294117647 0.125 0.08044982698961937
0 0.578125 0.8391003460207612 0.123125 0.07958477508650519
0 0.81 0.8676470588235294 0.119375 0.08217993079584775
0 0.21875 0.796280276816609 0.12125 0.08131487889273356
0 0.45875 0.8252595155709342 0.12125 0.078719723183391
0 0.695 0.8542387543252595 0.11625 0.07698961937716263
0 0.9228125 0.8814878892733564 0.113125 0.07785467128027682
0 0.32625 0.06098615916955017 0.115625 0.078719723183391
0 0.9828125 0.14230103806228372 0.034375 0.07006920415224914
0 0.2109375 0.04930795847750865 0.123125 0.08044982698961937
0 0.560625 0.09169550173010381 0.118125 0.08044982698961937
0 0.909375 0.13451557093425606 0.115 0.078719723183391