0 0.7857692307692308 0.062173458725182866 0.0823076923076923 0.05851619644723093
0 0.7619230769230769 0.2669801462904911 0.17153846153846153 0.09299895506792058
0 0.5930769230769231 0.2507836990595611 0.17153846153846153 0.09299895506792058
0 0.4230769230769231 0.23249738766980146 0.1676923076923077 0.08150470219435736
0 0.24961538461538463 0.2115987460815047 0.17 0.09822361546499478
0 0.703076923076923 0.05329153605015674 0.08538461538461538 0.06478578892371996
0 0.6215384615384615 0.04336468129571578 0.08307692307692308 0.06792058516196448
0 0.791923076923077 0.33124346917450365 0.08384615384615385 0.07314524555903866
0 0.7088461538461538 0.322884012539185 0.08384615384615385 0.07210031347962383
0 0.6261538461538462 0.312957157784744 0.08615384615384615 0.0741901776384535
0 0.29923076923076924 0.2722048066875653 0.08384615384615385 0.07628004179728318
0 0.5415384615384615 0.034482758620689655 0.08461538461538462 0.06896551724137931
0 0.4634615384615385 0.29780564263322884 0.08384615384615385 0.06896551724137931
0 0.5453846153846154 0.3098223615464995 0.08307692307692308 0.07314524555903866
0 0.38269230769230766 0.2878787878787879 0.08153846153846153 0.07105538140020899
0 0.21461538461538462 0.26959247648902823 0.08615384615384615 0.07836990595611286
0 0.4596153846153846 0.030303030303030304 0.08076923076923077 0.06060606060606061
0 0.7492307692307693 0.3871473354231975 0.1723076923076923 0.08881922675026123
0 0.3811538461538462 0.02664576802507837 0.0823076923076923 0.05329153605015674
0 0.5788461538461539 0.3725182863113898 0.17 0.0877742946708464
0 0.41192307692307695 0.351619644723093 0.16846153846153847 0.08045977011494253
0 0.24461538461538462 0.33124346917450365 0.1676923076923077 0.09195402298850575
0 0.30230769230769233 0.0219435736677116 0.08307692307692308 0.0438871473354232
0 0.22153846153846155 0.017241379310344827 0.08153846153846153 0.034482758620689655
0 0.7915384615384615 0.4555903866248694 0.08615384615384615 0.07001044932079414
0 0.6276923076923077 0.43573667711598746 0.08307692307692308 0.07001044932079414
0 0.7088461538461538 0.44723092998955066 0.08615384615384615 0.07628004179728318
0 0.5461538461538461 0.428944618599791 0.08538461538461538 0.07210031347962383
0 0.4642307692307692 0.4205851619644723 0.08307692307692308 0.06792058516196448
0 0.30346153846153845 0.3981191222570533 0.08384615384615385 0.07001044932079414
0 0.38384615384615384 0.4101358411703239 0.0823076923076923 0.06896551724137931
0 0.21807692307692308 0.390282131661442 0.08384615384615385 0.0741901776384535
0 0.7842307692307692 0.5156739811912225 0.08461538461538462 0.07001044932079414
0 0.7015384615384616 0.5067920585161965 0.08615384615384615 0.07628004179728318
0 0.6184615384615385 0.4952978056426332 0.0823076923076923 0.07001044932079414
0 0.5384615384615384 0.48693834900731453 0.08461538461538462 0.07105538140020899
0 0.4576923076923077 0.47962382445141066 0.08153846153846153 0.06687565308254964
0 0.3780769230769231 0.46917450365726227 0.0823076923076923 0.06896551724137931
0 0.29730769230769233 0.45768025078369906 0.08307692307692308 0.06896551724137931
0 0.21192307692307694 0.4477533960292581 0.08307692307692308 0.07314524555903866
0 0.7823076923076923 0.5726227795193313 0.08384615384615385 0.07105538140020899
0 0.7 0.5653082549634274 0.08615384615384615 0.0741901776384535
0 0.62 0.554858934169279 0.08461538461538462 0.07628004179728318
0 0.5407692307692308 0.5464994775339603 0.08307692307692308 0.07314524555903866
0 0.4580769230769231 0.5381400208986415 0.08307692307692308 0.07105538140020899
0 0.22 0.5047021943573667 0.08384615384615385 0.0741901776384535
0 0.29923076923076924 0.5172413793103449 0.08 0.06792058516196448
0 0.3776923076923077 0.5297805642633229 0.0823076923076923 0.06792058516196448
0 0.7769230769230769 0.6316614420062696 0.08307692307692308 0.07001044932079414
0 0.6961538461538461 0.6253918495297806 0.08538461538461538 0.07314524555903866
0 0.6165384615384616 0.6159874608150471 0.08384615384615385 0.07523510971786834
0 0.5357692307692308 0.6065830721003135 0.08384615384615385 0.07105538140020899
0 0.21884615384615386 0.5632183908045977 0.08076923076923077 0.06792058516196448
0 0.45653846153846156 0.5982236154649948 0.08307692307692308 0.07105538140020899
0 0.29846153846153844 0.5768025078369906 0.08153846153846153 0.06687565308254964
0 0.3769230769230769 0.5882967607105538 0.07923076923076923 0.06374085684430512
0 0.7715384615384615 0.6912225705329154 0.08384615384615385 0.07001044932079414
0 0.6907692307692308 0.6839080459770115 0.08384615384615385 0.07105538140020899
0 0.6115384615384616 0.6750261233019854 0.08461538461538462 0.07314524555903866
0 0.37038461538461537 0.6436781609195402 0.08076923076923077 0.06687565308254964
0 0.21423076923076922 0.6217345872518286 0.0823076923076923 0.07210031347962383
0 0.5315384615384615 0.6666666666666666 0.08307692307692308 0.07210031347962383
0 0.4492307692307692 0.6556948798328108 0.08076923076923077 0.06792058516196448
0 0.2923076923076923 0.6342737722048067 0.08153846153846153 0.06687565308254964
0 0.7626923076923077 0.7502612330198537 0.08615384615384615 0.07314524555903866
0 0.681923076923077 0.741901776384535 0.08461538461538462 0.07001044932079414
0 0.4430769230769231 0.7105538140020898 0.08 0.06583072100313479
0 0.6015384615384616 0.7340647857889238 0.08615384615384615 0.07314524555903866
0 0.5215384615384615 0.7236154649947754 0.08153846153846153 0.06687565308254964
0 0.21115384615384616 0.6797283176593522 0.07846153846153846 0.06269592476489028
0 0.3638461538461538 0.7016718913270638 0.08076923076923077 0.06896551724137931
0 0.2865384615384615 0.690700104493208 0.08 0.06687565308254964
0 0.7580769230769231 0.8103448275862069 0.07923076923076923 0.06896551724137931
0 0.676923076923077 0.7998955067920586 0.08307692307692308 0.07001044932079414
0 0.7796153846153846 0.1154649947753396 0.08384615384615385 0.06896551724137931
0 0.5969230769230769 0.7910135841170324 0.08307692307692308 0.07001044932079414
0 0.4373076923076923 0.7685475444096134 0.08 0.06792058516196448
0 0.20846153846153845 0.7361546499477534 0.07692307692307693 0.06374085684430512
0 0.5169230769230769 0.7810867293625914 0.0823076923076923 0.06792058516196448
0 0.2815384615384615 0.7481713688610241 0.07923076923076923 0.06792058516196448
0 0.35807692307692307 0.7596656217345873 0.08076923076923077 0.06792058516196448
0 0.6992307692307692 0.10815047021943573 0.08461538461538462 0.0741901776384535
0 0.6180769230769231 0.10240334378265413 0.08307692307692308 0.07001044932079414
0 0.5357692307692308 0.09352142110762801 0.0823076923076923 0.06896551724137931
0 0.45615384615384613 0.08411703239289446 0.08307692307692308 0.07210031347962383
0 0.3776923076923077 0.07628004179728318 0.07769230769230769 0.06687565308254964
0 0.29653846153846153 0.06739811912225706 0.08076923076923077 0.06792058516196448
0 0.21653846153846154 0.05851619644723093 0.08076923076923077 0.06687565308254964