0 0.6499375000000001 0.08920415224913496 0.11833750000000003 0.0646712802768166
0 0.05870625 0.8914878892733563 0.1144125 0.06024221453287196
0 0.6532875 0.8915051903114186 0.11435000000000002 0.06150519031141861
0 0.41612499999999997 0.8915224913494809 0.11303750000000008 0.057837370242214546
0 0.53501875 0.891825259515571 0.12100625000000008 0.05845155709342565
0 0.9717937499999999 0.8927854671280276 0.055475000000000135 0.05651384083044977
0 0.7693125000000001 0.8930276816608996 0.1147874999999999 0.05961937716262982
0 0.29716875000000004 0.8930276816608996 0.11920625000000001 0.05592560553633226
0 0.8865625 0.8937370242214534 0.11569999999999993 0.05587370242214536
0 0.172925 0.8954930795847751 0.12104374999999998 0.05468858131487882
0 0.48112499999999997 0.15178200692041524 0.11386875000000003 0.06529411764705884
0 0.36445 0.15239619377162628 0.11748125000000002 0.0689878892733564
0 0.5998375 0.1533044982698962 0.11613124999999996 0.062171280276816614
0 0.71745 0.15362456747404846 0.11706874999999997 0.06281141868512112
0 0.245275 0.1539100346020761 0.11764375 0.06567474048442908
0 0.03483125 0.15480103806228374 0.06935 0.06508650519031142
0 0.9488249999999999 0.15484429065743946 0.10235000000000014 0.06402249134948096
0 0.129025 0.15538927335640138 0.11555 0.063901384083045
0 0.836575 0.15576989619377163 0.11836874999999993 0.06710207612456746
0 0.414325 0.21988754325259516 0.11568124999999994 0.06587370242214531
0 0.29298124999999997 0.2208044982698962 0.12152500000000004 0.06895328719723184
0 0.53081875 0.22109861591695498 0.11526875000000004 0.0695328719723183
0 0.1727 0.2214705882352941 0.11724375000000002 0.06682525951557093
0 0.64681875 0.2220242214532872 0.11477499999999992 0.06768166089965398
0 0.0566625 0.22205882352941175 0.1130125 0.06564013840830449
0 0.7633249999999999 0.22263840830449827 0.11617500000000007 0.06398788927335643
0 0.8804375 0.22386678200692042 0.11611874999999998 0.06521626297577854
0 0.970625 0.2236159169550173 0.05875 0.05968858131487889
0 0.032825 0.02413494809688581 0.06565 0.046782006920415224
0 0.9446625000000001 0.024904844290657438 0.11067499999999995 0.049489619377162626
0 0.3602375 0.025311418685121108 0.12330624999999998 0.05061418685121107
0 0.8304 0.025761245674740484 0.11768124999999997 0.05152249134948097
0 0.596075 0.026012110726643597 0.11306250000000005 0.05171280276816609
0 0.48 0.025951557093425604 0.1175 0.05190311418685121
0 0.1223875 0.02649653979238754 0.11512499999999998 0.05152249134948097
0 0.239925 0.026496539792387544 0.11549999999999998 0.052707612456747405
0 0.71274375 0.0268598615916955 0.11479375000000004 0.053711072664359864
0 0.5960562500000001 0.2867301038062284 0.11835624999999993 0.06641868512110724
0 0.11789374999999999 0.2875951557093425 0.11726874999999999 0.06511245674740483
0 0.3584375 0.28768166089965397 0.1152625 0.06583910034602078
0 0.47800624999999997 0.28768166089965397 0.11921875 0.06707612456747401
0 0.029906250000000002 0.2878892733564014 0.059500000000000004 0.0645155709342561
0 0.23714375000000001 0.2881833910034602 0.11764375 0.0674826989619377
0 0.7141187499999999 0.28919550173010383 0.11841874999999988 0.06641868512110724
0 0.8327875 0.2892041522491349 0.11614374999999995 0.06395328719723178
0 0.9457062500000001 0.29135813148788925 0.10858749999999986 0.06826124567474046
0 0.05573125 0.353961937716263 0.11145625 0.06270761245674741
0 0.294325 0.35397923875432524 0.11619374999999998 0.0603546712802768
0 0.17184375 0.3542647058823529 0.11981249999999997 0.06803633217993077
0 0.41210625 0.35459342560553636 0.12015 0.0689878892733564
0 0.891125 0.3546020761245675 0.12146874999999994 0.06775951557093429
0 0.64839375 0.3548961937716263 0.11435624999999995 0.06589100346020758
0 0.7671125000000001 0.3561418685121107 0.12196249999999992 0.06714532871972319
0 0.5335 0.35705882352941176 0.11530000000000001 0.06403979238754323
0 0.9763937500000001 0.3572491349480969 0.04721249999999998 0.0628806228373703
0 0.03101875 0.41994809688581314 0.0620375 0.06406574394463672
0 0.2382125 0.42063148788927335 0.11550624999999996 0.06445501730103806
0 0.120675 0.42093425605536333 0.11769375 0.0662283737024221
0 0.5900562500000001 0.4214619377162629 0.11260000000000005 0.06462802768166089
0 0.70695 0.4217733564013841 0.11923124999999998 0.06647058823529414
0 0.825225 0.4217820069204153 0.11704374999999999 0.06402249134948101
0 0.35555 0.4223961937716263 0.1166125 0.07141868512110731
0 0.9425875 0.42301038062283736 0.11481875000000002 0.06648788927335636
0 0.47289375 0.4239359861591695 0.11789374999999992 0.06463667820069202
0 0.2927625 0.4874134948096886 0.11841874999999998 0.06706747404844288
0 0.17359375 0.48928200692041524 0.11881250000000002 0.06587370242214541
0 0.41299375 0.4901903114186851 0.11925624999999997 0.06645328719723177
0 0.76399375 0.4905017301038062 0.11751249999999999 0.06461072664359867
0 0.05736875000000001 0.49051903114186846 0.11351875 0.07080449826989611
0 0.5312250000000001 0.4914186851211073 0.11608750000000001 0.06398788927335643
0 0.6475 0.4920328719723183 0.11613750000000003 0.06643598615916951
0 0.970625 0.49178200692041524 0.05875 0.06487889273356401
0 0.8828874999999999 0.49296712802768167 0.11835000000000008 0.06707612456747401
0 0.0180625 0.5556228373702422 0.03511875 0.06443771626297579
0 0.812975 0.5561332179930796 0.11838124999999991 0.06642733564013838
0 0.694925 0.5564359861591696 0.1165625 0.06702422145328721
0 0.09699999999999999 0.556773356401384 0.120625 0.06646193771626291
0 0.2190125 0.556773356401384 0.12235 0.07015570934256048
0 0.3408625 0.5577335640138409 0.11573125000000001 0.06467993079584773
0 0.57736875 0.5598269896193772 0.11661249999999995 0.06886678200692033
0 0.9367687499999999 0.5613754325259516 0.12545625000000002 0.06950692041522484
0 0.45998125 0.5614273356401384 0.11701250000000002 0.06714532871972309
0 0.7715375 0.6240051903114187 0.12012499999999988 0.07516435986159178
0 0.1764875 0.624878892733564 0.11480000000000003 0.06457612456747412
0 0.88980625 0.6249134948096886 0.11526250000000005 0.06589100346020768
0 0.29476875 0.6258304498269897 0.11708749999999998 0.06279411764705875
0 0.0567 0.6264186851211072 0.11218125000000001 0.06765570934256059
0 0.6524187499999999 0.6267733564013841 0.11706250000000004 0.06591695501730108
0 0.533675 0.6270674740484429 0.1192125 0.06649653979238765
0 0.97478125 0.6285034602076124 0.05043125000000003 0.06475778546712795
0 0.41478125 0.6286072664359861 0.11926249999999997 0.0695761245674741
0 0.8327687500000001 0.6911851211072664 0.11431250000000005 0.06649653979238745
0 0.11814999999999999 0.6914359861591695 0.11928124999999998 0.06577854671280274
0 0.23860625 0.6923615916955017 0.11789374999999999 0.06639273356401384
0 0.029093749999999998 0.6926730103806229 0.056975 0.060847750865051835
0 0.9461499999999999 0.6930190311418685 0.10769374999999996 0.06647058823529405
0 0.35911875000000004 0.6933217993079585 0.1166125 0.06707612456747401
0 0.7154250000000001 0.694264705882353 0.11480625000000004 0.0640311418685121
0 0.5956375 0.6951903114186851 0.11841874999999995 0.06588235294117654
0 0.47712499999999997 0.6954757785467128 0.11834374999999994 0.06399653979238756
0 0.0582625 0.7586764705882353 0.11619375000000001 0.06585640138408314
0 0.41455624999999996 0.7608044982698962 0.11703749999999999 0.06642733564013838
0 0.29655000000000004 0.7611159169550173 0.11263125000000002 0.06334775086505191
0 0.53235 0.7611678200692041 0.11388125000000002 0.06467993079584773
0 0.8753375 0.7614273356401384 0.11215000000000003 0.06519896193771617
0 0.7608499999999999 0.7614446366782007 0.1156812500000001 0.0652335640138409
0 0.17782499999999998 0.7617560553633218 0.11836875 0.06461937716262979
0 0.6477437500000001 0.7620588235294118 0.11127499999999997 0.061531141868512204
0 0.96641875 0.7623529411764706 0.06716250000000003 0.06335640138408305
0 0.4168 0.07895328719723183 0.11892499999999999 0.06750865051903114
0 0.06086875 0.07983564013840831 0.12173125000000001 0.07045847750865053
0 0.7706375 0.08270761245674742 0.11833124999999996 0.07017301038062285
0 0.0319125 0.8264705882352941 0.06381875000000001 0.06582179930795841
0 0.12060625000000001 0.8273961937716263 0.11171250000000002 0.06274221453287195
0 0.35778750000000004 0.8274221453287197 0.12108125000000002 0.06649653979238745
0 0.59918125 0.8283304498269896 0.11927500000000002 0.0658477508650518
0 0.8321 0.8289273356401384 0.11564999999999998 0.06827854671280283
0 0.2383875 0.8289359861591695 0.11744999999999997 0.06705017301038062
0 0.47935625000000004 0.8289619377162629 0.11746250000000004 0.0646453287197232
0 0.7165250000000001 0.8292560553633218 0.11254375000000011 0.06399653979238756
0 0.9453125 0.8291522491349481 0.109375 0.06487889273356401
0 0.2992625 0.08369377162629758 0.11169999999999998 0.06512975778546715
0 0.9716125 0.08412629757785467 0.05676874999999995 0.06387543252595157
0 0.18361875000000003 0.0860553633217993 0.11938125 0.06630622837370242
0 0.534825 0.08612456747404844 0.114375 0.06713667820069205
0 0.88466875 0.08642733564013841 0.11121874999999988 0.06528546712802767