0 0.9488461538461539 0.16300940438871472 0.09230769230769231 0.15151515151515152
0 0.21807692307692308 0.07836990595611286 0.09307692307692307 0.1400208986415883
0 0.3026923076923077 0.08986415882967608 0.08692307692307692 0.14211076280041798
0 0.13230769230769232 0.07157784743991641 0.09230769230769231 0.14315569487983282
0 0.7061538461538461 0.14576802507836992 0.0876923076923077 0.13688610240334378
0 0.5461538461538461 0.12695924764890282 0.08692307692307692 0.13793103448275862
0 0.058076923076923075 0.07053291536050156 0.07307692307692308 0.14106583072100312
0 0.6269230769230769 0.13845350052246605 0.0823076923076923 0.13375130616509928
0 0.3830769230769231 0.11076280041797283 0.09153846153846154 0.13897596656217345
0 0.46576923076923077 0.12330198537095088 0.08461538461538462 0.13061650992685475
0 0.785 0.16353187042842215 0.0876923076923077 0.13793103448275862
0 0.8657692307692307 0.1786833855799373 0.08692307692307692 0.13061650992685475
0 0.9807692307692307 0.3019853709508882 0.038461538461538464 0.12748171368861025
0 0.20038461538461538 0.21003134796238246 0.09384615384615384 0.1400208986415883
0 0.2853846153846154 0.22727272727272727 0.0876923076923077 0.14315569487983282
0 0.11615384615384615 0.20794148380355276 0.1 0.14942528735632185
0 0.6057692307692307 0.26750261233019856 0.0876923076923077 0.13793103448275862
0 0.5261538461538462 0.25862068965517243 0.08538461538461538 0.13688610240334378
0 0.6857692307692308 0.2774294670846395 0.08615384615384615 0.14733542319749215
0 0.4461538461538462 0.25235109717868337 0.0876923076923077 0.13897596656217345
0 0.36615384615384616 0.24346917450365727 0.08692307692307692 0.14315569487983282
0 0.9226923076923077 0.3103448275862069 0.08923076923076922 0.13793103448275862
0 0.04423076923076923 0.20637408568443052 0.06076923076923077 0.14106583072100312
0 0.7642307692307693 0.29310344827586204 0.08461538461538462 0.13688610240334378
0 0.8411538461538461 0.3098223615464995 0.08692307692307692 0.13479623824451412
0 0.9769230769230769 0.4331243469174504 0.046153846153846156 0.13688610240334378
0 0.18153846153846154 0.34169278996865204 0.09 0.14629049111807732
0 0.265 0.3573667711598746 0.08846153846153847 0.1400208986415883
0 0.5869230769230769 0.39759665621734586 0.08846153846153847 0.14211076280041798
0 0.916923076923077 0.4373040752351097 0.08846153846153847 0.13061650992685475
0 0.10038461538461538 0.34169278996865204 0.09461538461538462 0.14315569487983282
0 0.5084615384615384 0.390282131661442 0.0876923076923077 0.1400208986415883
0 0.6673076923076923 0.4106583072100313 0.08846153846153847 0.14106583072100312
0 0.7484615384615385 0.4216300940438871 0.09 0.14315569487983282
0 0.3465384615384615 0.37408568443051204 0.08692307692307692 0.13584117032392895
0 0.4257692307692308 0.3834900731452456 0.08846153846153847 0.13897596656217345
0 0.833076923076923 0.4378265412748171 0.08846153846153847 0.13166144200626959
0 0.035 0.3437826541274817 0.06153846153846154 0.13897596656217345
0 0.9665384615384616 0.56478578892372 0.06692307692307692 0.13688610240334378
0 0.17192307692307693 0.47439916405433646 0.08692307692307692 0.13793103448275862
0 0.5 0.5198537095088819 0.08692307692307692 0.13061650992685475
0 0.2542307692307692 0.49216300940438873 0.08384615384615385 0.13688610240334378
0 0.41346153846153844 0.512539184952978 0.08615384615384615 0.1400208986415883
0 0.5807692307692308 0.53239289446186 0.08615384615384615 0.13584117032392895
0 0.74 0.5522466039707419 0.08846153846153847 0.14106583072100312
0 0.3323076923076923 0.5047021943573667 0.08615384615384615 0.1400208986415883
0 0.6584615384615384 0.5454545454545454 0.08538461538461538 0.13166144200626959
0 0.08884615384615385 0.47910135841170326 0.09307692307692307 0.1400208986415883
0 0.8173076923076923 0.5663531870428422 0.08692307692307692 0.14420062695924765
0 0.024615384615384615 0.47596656217345873 0.04923076923076923 0.13061650992685475
0 0.8969230769230769 0.5830721003134797 0.0876923076923077 0.13688610240334378
0 0.16115384615384615 0.6060606060606061 0.09 0.14315569487983282
0 0.9592307692307692 0.7021943573667712 0.06692307692307692 0.13688610240334378
0 0.24307692307692308 0.6191222570532915 0.08692307692307692 0.1400208986415883
0 0.4815384615384615 0.6494252873563219 0.0876923076923077 0.13793103448275862
0 0.6403846153846153 0.6703239289446186 0.08538461538461538 0.13584117032392895
0 0.561923076923077 0.6624869383490073 0.08615384615384615 0.13793103448275862
0 0.0726923076923077 0.6050156739811913 0.08923076923076922 0.13061650992685475
0 0.3223076923076923 0.635841170323929 0.0876923076923077 0.13793103448275862
0 0.40076923076923077 0.6462904911180773 0.08615384615384615 0.14420062695924765
0 0.7238461538461538 0.6854754440961337 0.08615384615384615 0.13793103448275862
0 0.8076923076923077 0.6990595611285266 0.08384615384615385 0.13375130616509928
0 0.8880769230769231 0.7089864158829676 0.08615384615384615 0.13479623824451412
0 0.01653846153846154 0.6050156739811913 0.03307692307692308 0.13375130616509928
0 0.1676923076923077 0.7424242424242424 0.09 0.14106583072100312
0 0.24846153846153846 0.7565308254963428 0.08615384615384615 0.1400208986415883
0 0.9546153846153846 0.8406478578892372 0.05923076923076923 0.14211076280041798
0 0.08038461538461539 0.7377220480668757 0.09384615384615384 0.14211076280041798
0 0.49423076923076925 0.7878787878787878 0.08538461538461538 0.14315569487983282
0 0.8092307692307692 0.8275862068965517 0.08538461538461538 0.13061650992685475
0 0.33076923076923076 0.7711598746081505 0.08384615384615385 0.13375130616509928
0 0.41307692307692306 0.7810867293625914 0.08538461538461538 0.14211076280041798
0 0.5726923076923077 0.7998955067920586 0.08692307692307692 0.14629049111807732
0 0.6503846153846153 0.8103448275862069 0.08615384615384615 0.1400208986415883
0 0.73 0.8202716823406478 0.08615384615384615 0.13166144200626959
0 0.02 0.7361546499477534 0.04 0.13688610240334378
0 0.8892307692307693 0.841692789968652 0.09 0.13270637408568442