0 0.9303846153846154 0.12121212121212122 0.08538461538461538 0.14420062695924765
0 0.19692307692307692 0.10606060606060606 0.08615384615384615 0.13270637408568442
0 0.28192307692307694 0.10919540229885058 0.08076923076923077 0.13584117032392895
0 0.11115384615384616 0.10762800417972831 0.08615384615384615 0.13584117032392895
0 0.6876923076923077 0.12695924764890282 0.08153846153846153 0.12957157784743992
0 0.5269230769230769 0.1238244514106583 0.08076923076923077 0.13061650992685475
0 0.037307692307692306 0.11285266457680251 0.06615384615384616 0.13584117032392895
0 0.6080769230769231 0.12695924764890282 0.07615384615384616 0.12748171368861025
0 0.36346153846153845 0.12277951933124347 0.08538461538461538 0.13166144200626959
0 0.44653846153846155 0.12748171368861025 0.07846153846153846 0.12330198537095088
0 0.7669230769230769 0.13688610240334378 0.08153846153846153 0.13166144200626959
0 0.8484615384615385 0.14472309299895506 0.08076923076923077 0.12434691745036573
0 0.9765384615384616 0.2560083594566353 0.04692307692307692 0.12330198537095088
0 0.18615384615384614 0.2392894461859979 0.0876923076923077 0.13166144200626959
0 0.27192307692307693 0.24869383490073146 0.08076923076923077 0.13584117032392895
0 0.10192307692307692 0.24503657262277953 0.09307692307692307 0.14106583072100312
0 0.5938461538461538 0.258098223615465 0.08076923076923077 0.13166144200626959
0 0.5138461538461538 0.25653082549634276 0.07923076923076923 0.12957157784743992
0 0.6738461538461539 0.2607105538140021 0.07923076923076923 0.1400208986415883
0 0.43346153846153845 0.258098223615465 0.08076923076923077 0.13166144200626959
0 0.35307692307692307 0.25705329153605017 0.08076923076923077 0.13584117032392895
0 0.911923076923077 0.27063740856844304 0.0823076923076923 0.13166144200626959
0 0.030384615384615385 0.2502612330198537 0.05384615384615385 0.13688610240334378
0 0.7530769230769231 0.26854754440961337 0.07846153846153846 0.13061650992685475
0 0.8303846153846154 0.2784743991640543 0.08076923076923077 0.12852664576802508
0 0.9765384615384616 0.3871473354231975 0.04692307692307692 0.13270637408568442
0 0.17423076923076924 0.3719958202716823 0.08307692307692308 0.13897596656217345
0 0.25846153846153846 0.37983281086729365 0.0823076923076923 0.13270637408568442
0 0.5815384615384616 0.3897596656217346 0.08153846153846153 0.13479623824451412
0 0.9126923076923077 0.3981191222570533 0.0823076923076923 0.12330198537095088
0 0.09307692307692307 0.38035527690700105 0.08846153846153847 0.13479623824451412
0 0.5026923076923077 0.3897596656217346 0.08076923076923077 0.13375130616509928
0 0.6623076923076923 0.3949843260188088 0.0823076923076923 0.13375130616509928
0 0.7438461538461538 0.3981191222570533 0.08384615384615385 0.13584117032392895
0 0.3403846153846154 0.3892371995820272 0.08076923076923077 0.12852664576802508
0 0.42 0.39080459770114945 0.0823076923076923 0.13166144200626959
0 0.8292307692307692 0.406478578892372 0.0823076923076923 0.12434691745036573
0 0.028076923076923076 0.3881922675026123 0.054615384615384614 0.13375130616509928
0 0.9692307692307692 0.5203761755485894 0.06153846153846154 0.13166144200626959
0 0.17153846153846153 0.5057471264367817 0.08076923076923077 0.13061650992685475
0 0.5011538461538462 0.5198537095088819 0.08076923076923077 0.12330198537095088
0 0.25461538461538463 0.5156739811912225 0.07769230769230769 0.13061650992685475
0 0.4146153846153846 0.5203761755485894 0.08 0.13270637408568442
0 0.5823076923076923 0.5245559038662487 0.08 0.12852664576802508
0 0.7423076923076923 0.5292580982236155 0.0823076923076923 0.13375130616509928
0 0.3330769230769231 0.5203761755485894 0.07923076923076923 0.13375130616509928
0 0.6603846153846153 0.5303030303030303 0.07923076923076923 0.12434691745036573
0 0.08884615384615385 0.5182863113897597 0.08615384615384615 0.13166144200626959
0 0.82 0.5360501567398119 0.08 0.13688610240334378
0 0.023076923076923078 0.5208986415882968 0.046153846153846156 0.12643678160919541
0 0.9003846153846153 0.5454545454545454 0.08153846153846153 0.12957157784743992
0 0.1673076923076923 0.6379310344827587 0.08307692307692308 0.13584117032392895
0 0.9684615384615385 0.658307210031348 0.06076923076923077 0.13166144200626959
0 0.25 0.6431556948798328 0.08076923076923077 0.13375130616509928
0 0.48923076923076925 0.6509926854754441 0.08076923076923077 0.13166144200626959
0 0.6488461538461539 0.6562173458725182 0.07923076923076923 0.12852664576802508
0 0.5703846153846154 0.6562173458725182 0.08 0.13166144200626959
0 0.07923076923076923 0.6452455590386625 0.08307692307692308 0.12330198537095088
0 0.3296153846153846 0.6525600835945663 0.08153846153846153 0.13061650992685475
0 0.40884615384615386 0.6556948798328108 0.07923076923076923 0.13688610240334378
0 0.7330769230769231 0.6640543364681296 0.08 0.13166144200626959
0 0.8173076923076923 0.6698014629049112 0.07769230769230769 0.12643678160919541
0 0.8980769230769231 0.6713688610240335 0.08 0.12852664576802508
0 0.018461538461538463 0.6515151515151515 0.036923076923076927 0.13061650992685475
0 0.18115384615384617 0.7732497387669801 0.08384615384615385 0.13375130616509928
0 0.2623076923076923 0.7795193312434692 0.07923076923076923 0.13375130616509928
0 0.9711538461538461 0.796760710553814 0.052307692307692305 0.13793103448275862
0 0.09384615384615384 0.776907001044932 0.0876923076923077 0.13479623824451412
0 0.5092307692307693 0.7878787878787878 0.07923076923076923 0.13584117032392895
0 0.825 0.7978056426332288 0.07923076923076923 0.12330198537095088
0 0.345 0.7863113897596656 0.07769230769230769 0.12643678160919541
0 0.4276923076923077 0.7889237199582028 0.07923076923076923 0.13479623824451412
0 0.588076923076923 0.7925809822361547 0.08 0.13897596656217345
0 0.6657692307692308 0.7951933124346917 0.08 0.13270637408568442
0 0.7457692307692307 0.7978056426332288 0.08 0.12434691745036573
0 0.025 0.7821316614420063 0.05 0.13270637408568442
0 0.9057692307692308 0.8040752351097179 0.08384615384615385 0.12539184952978055