0 0.9254615384615384 0.11096133751306164 0.08368461538461536 0.14256008359456637
0 0.1919307692307692 0.11316614420062694 0.08481538461538461 0.1308045977011494
0 0.2771153846153846 0.11463949843260188 0.07883076923076925 0.1337408568443051
0 0.10620769230769231 0.11684430512016718 0.08430769230769232 0.13374085684430512
0 0.6828230769230769 0.12271682340647858 0.07986923076923072 0.12786833855799373
0 0.5221923076923077 0.12309299895506791 0.07885384615384615 0.1285997910135841
0 0.03226923076923077 0.1238244514106583 0.06453846153846154 0.13448275862068965
0 0.6033153846153846 0.1245559038662487 0.07449999999999993 0.12566353187042845
0 0.3585153846153847 0.1260292580982236 0.0836615384615385 0.13007314524555902
0 0.44160000000000005 0.1285997910135841 0.07672307692307694 0.1219853709508882
0 0.7623923076923077 0.13080459770114944 0.0799615384615385 0.1293312434691745
0 0.8437923076923077 0.13668756530825496 0.07939230769230772 0.1219853709508882
0 0.9753461538461539 0.2454440961337513 0.049300000000000115 0.1219853709508882
0 0.18273846153846154 0.2465412748171369 0.08589999999999999 0.13007314524555905
0 0.2687307692307693 0.25389759665621736 0.07936923076923082 0.13448275862068965
0 0.09889999999999999 0.2546290491118077 0.09133846153846155 0.13889237199582022
0 0.5906076923076923 0.25572622779519333 0.07936923076923082 0.12933124346917452
0 0.5105615384615385 0.25646812957157783 0.0772384615384616 0.12786833855799373
0 0.670923076923077 0.25646812957157783 0.07771538461538459 0.13815047021943577
0 0.4304615384615385 0.2597701149425287 0.07933076923076918 0.13007314524555902
0 0.35013076923076925 0.2605120167189133 0.07879999999999995 0.13448275862068962
0 0.9089615384615385 0.2608777429467085 0.08098461538461554 0.12933124346917452
0 0.027246153846153847 0.26124346917450364 0.051892307692307696 0.13594566353187046
0 0.7499538461538462 0.26271682340647856 0.07672307692307684 0.1285997910135841
0 0.8275615384615385 0.2704284221525601 0.07939999999999985 0.1263949843260188
0 0.9761615384615384 0.37661442006269596 0.04767692307692309 0.1315360501567398
0 0.17246153846153844 0.3799164054336468 0.08157692307692306 0.13668756530825502
0 0.25683076923076925 0.38579937304075235 0.08046153846153847 0.13080459770114938
0 0.5800923076923077 0.3876384535005225 0.0799769230769231 0.1330094043887147
0 0.9111461538461538 0.38836990595611287 0.08101538461538474 0.12125391849529776
0 0.0916 0.38984326018808774 0.08647692307692306 0.1330094043887147
0 0.5014000000000001 0.38984326018808774 0.07946923076923072 0.1315360501567398
0 0.6609538461538461 0.3913166144200627 0.08048461538461547 0.1315360501567398
0 0.7423461538461538 0.3924137931034483 0.08207692307692312 0.13374085684430512
0 0.33905384615384615 0.39277951933124344 0.07935384615384614 0.12712643678160918
0 0.4185615384615385 0.39277951933124344 0.08042307692307689 0.13007314524555905
0 0.8278076923076924 0.398662486938349 0.08096153846153846 0.12271682340647863
0 0.026592307692307693 0.3993939393939394 0.053184615384615386 0.1330094043887147
0 0.9696692307692307 0.5096238244514105 0.06066153846153856 0.130073145245559
0 0.17165384615384616 0.513301985370951 0.0788846153846154 0.12859979101358404
0 0.5014000000000001 0.5199164054336469 0.07946923076923072 0.12125391849529783
0 0.2546769230769231 0.5213793103448275 0.07614615384615385 0.12859979101358418
0 0.4147692307692308 0.5224869383490073 0.07824615384615387 0.1308045977011495
0 0.5825230769230769 0.5228526645768025 0.07835384615384608 0.12712643678160923
0 0.7426230769230769 0.5235841170323929 0.08045384615384608 0.1315360501567398
0 0.33336923076923075 0.5243260188087774 0.07773846153846149 0.13153605015673986
0 0.660676923076923 0.5265308254963427 0.07778461538461548 0.12271682340647863
0 0.08917692307692308 0.5279937304075235 0.08486923076923075 0.130073145245559
0 0.8205000000000001 0.5283594566353187 0.07825384615384617 0.13521421107628007
0 0.023084615384615387 0.5324033437826541 0.046169230769230775 0.12566353187042842
0 0.9008692307692309 0.5357157784743991 0.0799384615384616 0.1278683385579938
0 0.16922307692307692 0.6459352142110762 0.08159230769230766 0.13374085684430512
0 0.970476923076923 0.647042842215256 0.05903846153846154 0.13007314524555905
0 0.2517 0.6492476489028214 0.07885384615384615 0.1315360501567397
0 0.49112307692307694 0.6510867293625915 0.07947692307692303 0.1293312434691745
0 0.650676923076923 0.6529258098223616 0.07724615384615391 0.1271264367816093
0 0.5722538461538461 0.6547544409613375 0.07836153846153855 0.1293312434691745
0 0.08106153846153846 0.6551306165099269 0.08162307692307694 0.12125391849529776
0 0.33174615384615386 0.6565935214211076 0.0799 0.12859979101358404
0 0.4107153846153846 0.6577011494252873 0.0777076923076923 0.13521421107628015
0 0.7350461538461538 0.6584326018808777 0.07829230769230767 0.1293312434691745
0 0.8194230769230769 0.6621107628004179 0.07609230769230775 0.12492163009404383
0 0.9000538461538461 0.6621107628004179 0.07831538461538458 0.12639498432601884
0 0.01913846153846154 0.6628422152560084 0.03784615384615385 0.1293312434691745
0 0.18463846153846156 0.7807836990595611 0.08212307692307694 0.13153605015673991
0 0.2657615384615385 0.7851933124346917 0.07776153846153848 0.1315360501567397
0 0.9748076923076923 0.7855590386624869 0.05038461538461538 0.1366875653082549
0 0.09728461538461539 0.7863009404388714 0.08594615384615387 0.13227795193312425
0 0.5127384615384615 0.787398119122257 0.0772692307692308 0.1344827586206897
0 0.8289153846153845 0.7899686520376176 0.07777692307692317 0.1219853709508882
0 0.3487846153846154 0.7899686520376176 0.07610769230769227 0.12492163009404383
0 0.43153846153846154 0.7903448275862069 0.07715384615384611 0.1330094043887147
0 0.5917 0.7903448275862069 0.07831538461538458 0.13741901776384535
0 0.6696384615384615 0.7914420062695925 0.07838461538461546 0.1308045977011495
0 0.7496846153846154 0.7918077324973877 0.07835384615384608 0.12271682340647863
0 0.0266 0.7932810867293626 0.0532 0.1315360501567397
0 0.9097769230769231 0.7943782654127483 0.08260769230769222 0.1234587251828632