0 0.24572307692307693 0.11653039832285114 0.15455384615384613 0.1211320754716981
0 0.5391615384615385 0.12649895178197065 0.14394615384615375 0.10273584905660377
0 0.3976076923076923 0.1280293501048218 0.14551538461538463 0.10886792452830187
0 0.6859692307692308 0.12841719077568134 0.1472615384615385 0.11423480083857442
0 0.8291615384615385 0.1330188679245283 0.15008461538461548 0.12496855345911947
0 0.9468230769230769 0.1609958071278826 0.10635384615384633 0.14259958071278828
0 0.09806923076923077 0.18667714884696018 0.14279999999999998 0.11883647798742139
0 0.24937692307692308 0.2330607966457023 0.14386923076923075 0.10579664570230608
0 0.3925461538461539 0.2342138364779874 0.14214615384615387 0.10503144654088052
0 0.5369153846153846 0.2342138364779874 0.14282307692307697 0.10656184486373162
0 0.6797846153846154 0.23536687631027253 0.1472615384615385 0.11653039832285117
0 0.824346153846154 0.24111111111111116 0.15057692307692308 0.12802935010482183
0 0.9428846153846154 0.27331236897274636 0.11423076923076923 0.12802935010482178
0 0.2437153846153846 0.028364779874213836 0.1573230769230769 0.05672955974842767
0 0.10144615384615384 0.2920964360587002 0.14955384615384612 0.11960167714884698
0 0.2536076923076923 0.33540880503144654 0.13319999999999999 0.1096331236897275
0 0.5332538461538462 0.33732704402515723 0.14113846153846155 0.10426624737945496
0 0.3925461538461538 0.3392452830188679 0.14101538461538465 0.10503144654088055
0 0.6775384615384615 0.34116352201257866 0.1450153846153846 0.11500000000000003
0 0.8285615384615386 0.34921383647798737 0.15113846153846155 0.12342767295597484
0 0.541076923076923 0.03614255765199162 0.14865384615384616 0.07072327044025158
0 0.3942538461538461 0.03730607966457023 0.14472307692307687 0.07461215932914046
0 0.9448538461538462 0.38218029350104826 0.11029230769230777 0.13110062893081753
0 0.6913461538461538 0.04140461215932914 0.15463846153846153 0.08126834381551362
0 0.09695384615384615 0.4090146750524109 0.15745384615384614 0.13876310272536688
0 0.2550153846153846 0.43967505241090143 0.1450153846153846 0.11269392033542976
0 0.8392846153846153 0.04485324947589098 0.1523307692307693 0.08969601677148846
0 0.5476076923076924 0.4423584905660377 0.14282307692307697 0.10579664570230615
0 0.4032307692307693 0.44542976939203355 0.14101538461538457 0.10732704402515722
0 0.6944153846153847 0.4538574423480084 0.15401538461538464 0.1287945492662474
0 0.8451615384615385 0.4642138364779874 0.1573307692307693 0.14183438155136263
0 0.9544153846153847 0.494874213836478 0.09116153846153863 0.11729559748427676
0 0.09216923076923077 0.5236268343815513 0.1523846153846154 0.13033542976939208
0 0.23560769230769232 0.5470125786163522 0.14107692307692307 0.11116352201257856
0 0.5245384615384615 0.5493081761006289 0.14396153846153853 0.11116352201257856
0 0.38157692307692315 0.5512264150943397 0.14270769230769234 0.10886792452830184
0 0.6792230769230769 0.5638784067085955 0.14614615384615384 0.11269392033542976
0 0.8206923076923077 0.5677044025157233 0.14777692307692317 0.12496855345911953
0 0.9465384615384616 0.5960796645702305 0.10691538461538445 0.11423480083857444
0 0.08907692307692307 0.626362683438155 0.1462 0.12266247379454925
0 0.2316692307692308 0.6485953878406708 0.14107692307692307 0.11346960167714884
0 0.5191769230769231 0.6539622641509434 0.13886153846153845 0.10273584905660377
0 0.37454615384615386 0.6543396226415095 0.1398923076923077 0.10350104821802936
0 0.6673923076923077 0.664685534591195 0.1449846153846154 0.11346960167714884
0 0.8100384615384615 0.6692872117400419 0.15123076923076917 0.13952830188679258
0 0.9366923076923077 0.7007232704402516 0.12660769230769242 0.13492662473794553
0 0.07951538461538461 0.7283228511530399 0.14395384615384615 0.12726415094339633
0 0.22295384615384614 0.7497903563941299 0.1427692307692308 0.11192872117400417
0 0.505676923076923 0.7505555555555555 0.1377384615384615 0.0981341719077567
0 0.3666692307692308 0.7520859538784067 0.13877692307692305 0.09506289308176107
0 0.6496769230769232 0.75937106918239 0.14330769230769227 0.10503144654088055
0 0.0913153846153846 0.07819706498951781 0.1518076923076923 0.12113207547169812
0 0.7857999999999999 0.779685534591195 0.142123076923077 0.11653039832285123
0 0.9214692307692308 0.8068343815513627 0.14983076923076938 0.11767295597484276
0 0.062361538461538454 0.8210901467505242 0.12427692307692308 0.11806079664570218
0 0.1937 0.8479245283018868 0.1427846153846154 0.11500000000000003
0 0.47614615384615383 0.8513731656184487 0.1394384615384615 0.10656184486373174
0 0.3362923076923077 0.8517505241090148 0.14103846153846156 0.10886792452830178
0 0.6195846153846154 0.8532914046121592 0.14163076923076914 0.10273584905660377
0 0.7590769230769231 0.860566037735849 0.14832307692307697 0.09429769392033546