0 0.25576923076923075 0.10482180293501048 0.1576923076923077 0.1289308176100629
0 0.5488461538461539 0.12840670859538783 0.14615384615384616 0.1090146750524109
0 0.4073076923076923 0.12316561844863731 0.14846153846153845 0.11530398322851153
0 0.6953846153846154 0.13731656184486374 0.15 0.12159329140461216
0 0.8384615384615385 0.1488469601677149 0.15307692307692308 0.1320754716981132
0 0.95 0.1818658280922432 0.1 0.14779874213836477
0 0.10615384615384615 0.16771488469601678 0.1453846153846154 0.12578616352201258
0 0.25653846153846155 0.22117400419287211 0.14615384615384616 0.11215932914046121
0 0.3992307692307692 0.2290356394129979 0.14461538461538462 0.11215932914046121
0 0.5438461538461539 0.23637316561844865 0.1453846153846154 0.11320754716981132
0 0.6865384615384615 0.24423480083857443 0.15 0.12368972746331237
0 0.8307692307692308 0.25681341719077566 0.15384615384615385 0.13522012578616352
0 0.9446153846153846 0.2940251572327044 0.11076923076923077 0.1331236897274633
0 0.2553846153846154 0.02410901467505241 0.15846153846153846 0.04821802935010482
0 0.10692307692307693 0.2730607966457023 0.1523076923076923 0.12683438155136267
0 0.2580769230769231 0.3238993710691824 0.13615384615384615 0.11635220125786164
0 0.5373076923076923 0.3390985324947589 0.14384615384615385 0.1111111111111111
0 0.39653846153846156 0.33438155136268344 0.14384615384615385 0.11215932914046121
0 0.6815384615384615 0.34958071278826 0.1476923076923077 0.12159329140461216
0 0.8323076923076923 0.36477987421383645 0.15384615384615385 0.1310272536687631
0 0.5526923076923077 0.03825995807127883 0.15 0.07651991614255765
0 0.40576923076923077 0.03668763102725367 0.14692307692307693 0.07337526205450734
0 0.9453846153846154 0.40356394129979034 0.10923076923076923 0.13626834381551362
0 0.703076923076923 0.05083857442348008 0.15692307692307692 0.0880503144654088
0 0.09961538461538462 0.389937106918239 0.16076923076923078 0.14570230607966456
0 0.25653846153846155 0.4281970649895178 0.1476923076923077 0.11949685534591195
0 0.8507692307692307 0.06132075471698113 0.15461538461538463 0.09643605870020965
0 0.5492307692307692 0.4444444444444444 0.1453846153846154 0.11215932914046121
0 0.4046153846153846 0.44077568134171907 0.14384615384615385 0.11425576519916142
0 0.6953846153846154 0.46331236897274636 0.15692307692307692 0.13626834381551362
0 0.8457692307692307 0.4806079664570231 0.16076923076923078 0.1488469601677149
0 0.9534615384615385 0.5157232704402516 0.09307692307692307 0.12159329140461216
0 0.09192307692307693 0.5041928721174004 0.15538461538461537 0.13731656184486374
0 0.23461538461538461 0.5345911949685535 0.14384615384615385 0.11740041928721175
0 0.5230769230769231 0.550314465408805 0.14692307692307693 0.11844863731656184
0 0.3803846153846154 0.5455974842767296 0.1453846153846154 0.11530398322851153
0 0.6773076923076923 0.5723270440251572 0.14923076923076922 0.11949685534591195
0 0.8188461538461539 0.5828092243186582 0.15076923076923077 0.1320754716981132
0 0.9438461538461539 0.6174004192872118 0.11 0.11949685534591195
0 0.08615384615384615 0.6069182389937107 0.14923076923076922 0.129979035639413
0 0.22807692307692307 0.6357442348008385 0.14384615384615385 0.12054507337526206
0 0.5153846153846153 0.6546121593291404 0.14153846153846153 0.1090146750524109
0 0.3707692307692308 0.6483228511530398 0.1423076923076923 0.11006289308176101
0 0.6630769230769231 0.6724318658280922 0.1476923076923077 0.12054507337526206
0 0.8053846153846154 0.6839622641509434 0.15461538461538463 0.14675052410901468
0 0.9311538461538461 0.7211740041928721 0.13 0.14046121593291405
0 0.07384615384615385 0.7080712788259959 0.14692307692307693 0.13417190775681342
0 0.21653846153846154 0.7363731656184487 0.1453846153846154 0.11844863731656184
0 0.49923076923076926 0.750524109014675 0.14 0.10482180293501048
0 0.36038461538461536 0.7458071278825996 0.14076923076923076 0.10167714884696016
0 0.6430769230769231 0.7662473794549266 0.14615384615384616 0.11215932914046121
0 0.10192307692307692 0.06132075471698113 0.15461538461538463 0.12264150943396226
0 0.7784615384615384 0.7929769392033543 0.1453846153846154 0.12368972746331237
0 0.9134615384615384 0.8265199161425576 0.15307692307692308 0.12473794549266247
0 0.05884615384615385 0.79979035639413 0.1176923076923077 0.12368972746331237
0 0.185 0.8333333333333334 0.1453846153846154 0.12159329140461216
0 0.4673076923076923 0.850104821802935 0.1423076923076923 0.11320754716981132
0 0.3273076923076923 0.8438155136268344 0.14384615384615385 0.11530398322851153
0 0.6103846153846154 0.8590146750524109 0.14384615384615385 0.1090146750524109
0 0.7496153846153846 0.8726415094339622 0.15076923076923077 0.10167714884696016