0 0.10848461538461536 0.18244258872651356 0.21423846153846154 0.2273903966597077
0 0.6164461538461539 0.2022755741127349 0.2598076923076923 0.19037578288100213
0 0.8772307692307693 0.2075678496868476 0.24553846153846148 0.1930167014613779
0 0.3544230769230769 0.23135699373695198 0.26965384615384613 0.21945720250521922
0 0.6276461538461539 0.3741440501043841 0.2529846153846155 0.1798016701461378
0 0.8786923076923077 0.3781106471816284 0.24261538461538468 0.1850835073068893
0 0.10653076923076923 0.3800939457202505 0.2122846153846154 0.18905010438413364
0 0.10372307692307693 0.041054279749478076 0.20744615384615386 0.08210855949895615
0 0.3500384615384615 0.40917536534446763 0.25504615384615387 0.20227557411273484
0 0.6334923076923077 0.05420668058455116 0.2549307692307693 0.10576200417536534
0 0.8894076923076923 0.5420459290187891 0.22118461538461537 0.1850835073068893
0 0.6437153846153847 0.5546033402922755 0.2597923076923077 0.17847599164926933
0 0.11961538461538461 0.5652400835073069 0.23923076923076922 0.1826722338204593
0 0.8830769230769231 0.058173277661795406 0.23384615384615384 0.11633611691022964
0 0.3787769230769231 0.5770772442588726 0.2638 0.19698329853862218
0 0.8894076923076923 0.7218475991649269 0.22118461538461537 0.17186847599164937
0 0.6305692307692308 0.7218475991649269 0.26076923076923075 0.16393528183716072
0 0.36854615384615386 0.748945720250522 0.26867692307692304 0.18111691022964507
0 0.11773076923076924 0.7568789144050104 0.23467692307692312 0.18640918580375776
0 0.35393846153846154 0.08394572025052191 0.25893846153846156 0.16526096033402923
0 0.6529692307692307 0.8547077244258872 0.25100769230769227 0.09915448851774532
0 0.9034615384615384 0.8627348643006263 0.1930769230769231 0.08455114822546973
0 0.39046153846153847 0.8725574112734864 0.25988461538461544 0.06610647181628385
0 0.12454615384615385 0.8745407098121085 0.2483076923076923 0.05684759916492697