0 0.2765384615384615 0.08228511530398323 0.16307692307692306 0.14255765199161424
0 0.5676923076923077 0.13417190775681342 0.15076923076923077 0.12264150943396226
0 0.42653846153846153 0.11530398322851153 0.15307692307692308 0.1289308176100629
0 0.7134615384615385 0.15670859538784068 0.15538461538461537 0.13417190775681342
0 0.8553846153846154 0.1818658280922432 0.15923076923076923 0.14570230607966456
0 0.9557692307692308 0.22641509433962265 0.08846153846153847 0.15723270440251572
0 0.12423076923076923 0.1310272536687631 0.15076923076923077 0.13836477987421383
0 0.27115384615384613 0.19863731656184486 0.15153846153846154 0.12578616352201258
0 0.41346153846153844 0.22012578616352202 0.14923076923076922 0.12473794549266247
0 0.556923076923077 0.24109014675052412 0.15 0.12683438155136267
0 0.6992307692307692 0.26257861635220126 0.15538461538461537 0.13731656184486374
0 0.8423076923076923 0.2887840670859539 0.15923076923076923 0.1488469601677149
0 0.948076923076923 0.3370020964360587 0.10384615384615385 0.14360587002096437
0 0.28115384615384614 0.016771488469601678 0.16076923076923078 0.033542976939203356
0 0.11961538461538461 0.23637316561844865 0.1576923076923077 0.14046121593291405
0 0.2676923076923077 0.30136268343815514 0.14076923076923076 0.1278825995807128
0 0.5453846153846154 0.34276729559748426 0.14846153846153845 0.12368972746331237
0 0.4053846153846154 0.3249475890985325 0.14846153846153845 0.12473794549266247
0 0.6888461538461539 0.36740041928721173 0.15307692307692308 0.13522012578616352
0 0.8384615384615385 0.3967505241090147 0.16 0.14465408805031446
0 0.5765384615384616 0.04507337526205451 0.15307692307692308 0.09014675052410902
0 0.43038461538461537 0.03563941299790356 0.15 0.07127882599580712
0 0.9457692307692308 0.4460167714884696 0.10846153846153846 0.14570230607966456
0 0.7253846153846154 0.07127882599580712 0.16 0.10272536687631027
0 0.10615384615384615 0.3522012578616352 0.16692307692307692 0.16037735849056603
0 0.2611538461538462 0.4051362683438155 0.15307692307692308 0.1331236897274633
0 0.8723076923076923 0.0959119496855346 0.15846153846153846 0.1111111111111111
0 0.551923076923077 0.449685534591195 0.15 0.12578616352201258
0 0.40807692307692306 0.43186582809224316 0.14846153846153845 0.12683438155136267
0 0.696923076923077 0.48165618448637315 0.16307692307692306 0.149895178197065
0 0.8461538461538461 0.5136268343815513 0.1676923076923077 0.16352201257861634
0 0.9511538461538461 0.559748427672956 0.09769230769230769 0.129979035639413
0 0.0926923076923077 0.46540880503144655 0.16153846153846155 0.1509433962264151
0 0.23346153846153847 0.5089098532494759 0.14846153846153845 0.1310272536687631
0 0.5207692307692308 0.5524109014675053 0.15153846153846154 0.1310272536687631
0 0.37846153846153846 0.5340670859538784 0.15 0.1289308176100629
0 0.6734615384615384 0.589098532494759 0.15384615384615385 0.1331236897274633
0 0.8138461538461539 0.6132075471698113 0.15692307692307692 0.14570230607966456
0 0.9365384615384615 0.6593291404612159 0.11538461538461539 0.1289308176100629
0 0.08153846153846153 0.5670859538784067 0.15461538461538463 0.14255765199161424
0 0.22192307692307692 0.609538784067086 0.14923076923076922 0.1331236897274633
0 0.5073076923076923 0.6556603773584906 0.14615384615384616 0.12159329140461216
0 0.36346153846153845 0.6357442348008385 0.14692307692307693 0.12264150943396226
0 0.6538461538461539 0.6876310272536688 0.15307692307692308 0.1331236897274633
0 0.7953846153846154 0.7122641509433962 0.16076923076923078 0.16037735849056603
0 0.9188461538461539 0.7620545073375262 0.13615384615384615 0.1519916142557652
0 0.07038461538461538 0.6666666666666666 0.14076923076923076 0.14675052410901468
0 0.2053846153846154 0.7091194968553459 0.15076923076923077 0.1320754716981132
0 0.48653846153846153 0.75 0.14461538461538462 0.11740041928721175
0 0.34807692307692306 0.7316561844863732 0.1453846153846154 0.11425576519916142
0 0.6288461538461538 0.7793501048218029 0.15076923076923077 0.12473794549266247
0 0.12538461538461537 0.046645702306079666 0.16 0.09329140461215933
0 0.7626923076923077 0.8186582809224319 0.15 0.13626834381551362
0 0.8957692307692308 0.8653039832285115 0.1576923076923077 0.13836477987421383
0 0.05307692307692308 0.7562893081761006 0.10615384615384615 0.13522012578616352
0 0.16884615384615384 0.8024109014675053 0.15076923076923077 0.13522012578616352
0 0.4492307692307692 0.8459119496855346 0.14692307692307693 0.12578616352201258
0 0.31038461538461537 0.8265199161425576 0.14846153846153845 0.1278825995807128
0 0.5919230769230769 0.8684486373165619 0.14846153846153845 0.12264150943396226
0 0.73 0.8957023060796646 0.15461538461538463 0.11530398322851153