0 0.105 0.20093945720250522 0.21 0.23695198329853862
0 0.6088461538461538 0.1967640918580376 0.26461538461538464 0.20250521920668058
0 0.8696153846153846 0.18997912317327767 0.25 0.2045929018789144
0 0.3476923076923077 0.238517745302714 0.2753846153846154 0.23173277661795408
0 0.6242307692307693 0.36795407098121086 0.25769230769230766 0.19206680584551147
0 0.8753846153846154 0.36012526096033404 0.2469230769230769 0.19624217118997914
0 0.10615384615384615 0.39822546972860123 0.2123076923076923 0.19937369519832984
0 0.09846153846153846 0.059498956158663886 0.19692307692307692 0.0918580375782881
0 0.3476923076923077 0.4164926931106472 0.26 0.2139874739039666
0 0.6219230769230769 0.05323590814196242 0.25769230769230766 0.10647181628392484
0 0.8884615384615384 0.5234864300626305 0.2230769230769231 0.1951983298538622
0 0.645 0.5480167014613778 0.26384615384615384 0.19102296450939457
0 0.12153846153846154 0.5824634655532359 0.24307692307692308 0.1941544885177453
0 0.8715384615384615 0.05167014613778706 0.23692307692307693 0.10334029227557412
0 0.38076923076923075 0.5829853862212944 0.2684615384615385 0.20981210855949894
0 0.8911538461538462 0.7030271398747391 0.21769230769230768 0.1826722338204593
0 0.6361538461538462 0.715553235908142 0.26461538461538464 0.17640918580375783
0 0.375 0.7552192066805845 0.27307692307692305 0.1941544885177453
0 0.12461538461538461 0.7750521920668059 0.23923076923076922 0.19728601252609604
0 0.3434615384615385 0.09133611691022965 0.2630769230769231 0.17745302713987474
0 0.661923076923077 0.8470772442588727 0.2530769230769231 0.11064718162839249
0 0.9073076923076923 0.8434237995824635 0.1853846153846154 0.09394572025052192
0 0.4 0.877348643006263 0.26153846153846155 0.07828810020876827
0 0.13423076923076924 0.8919624217118998 0.25 0.06889352818371608