0 0.14461538461538462 0.12212943632567849 0.2353846153846154 0.24425887265135698
0 0.6457692307692308 0.22703549060542796 0.27692307692307694 0.23799582463465555
0 0.8857692307692308 0.2818371607515658 0.22846153846153847 0.23799582463465555
0 0.38346153846153846 0.20668058455114824 0.28923076923076924 0.26826722338204595
0 0.6392307692307693 0.39926931106471814 0.2692307692307692 0.2254697286012526
0 0.8788461538461538 0.45041753653444677 0.2423076923076923 0.22860125260960334
0 0.1226923076923077 0.3068893528183716 0.22923076923076924 0.22755741127348644
0 0.15461538461538463 0.015135699373695199 0.21384615384615385 0.030271398747390398
0 0.3607692307692308 0.3815240083507307 0.27307692307692305 0.24843423799582465
0 0.678076923076923 0.08350730688935282 0.2630769230769231 0.1524008350730689
0 0.8811538461538462 0.6153444676409185 0.2376923076923077 0.2254697286012526
0 0.6365384615384615 0.581419624217119 0.2753846153846154 0.2254697286012526
0 0.12192307692307693 0.4921711899791232 0.24384615384615385 0.2265135699373695
0 0.9011538461538462 0.13413361169102297 0.1976923076923077 0.15970772442588727
0 0.3719230769230769 0.5532359081419624 0.2815384615384615 0.2453027139874739
0 0.8626923076923076 0.7933194154488518 0.23692307692307693 0.21189979123173278
0 0.6065384615384616 0.744258872651357 0.2753846153846154 0.21189979123173278
0 0.34423076923076923 0.7218162839248434 0.2846153846153846 0.22964509394572025
0 0.11038461538461539 0.6821503131524008 0.22076923076923077 0.22860125260960334
0 0.39807692307692305 0.08350730688935282 0.27307692307692305 0.16701461377870563
0 0.615 0.8799582463465553 0.25846153846153846 0.14509394572025053
0 0.8623076923076923 0.9352818371607515 0.2 0.12004175365344467
0 0.35346153846153844 0.8481210855949896 0.26384615384615384 0.11482254697286012
0 0.1076923076923077 0.8001043841336117 0.2153846153846154 0.10334029227557412