0 0.8638461538461538 0.1614420062695925 0.047692307692307694 0.09717868338557993
0 0.7765384615384615 0.15151515151515152 0.047692307692307694 0.10762800417972831
0 0.10153846153846154 0.07314524555903866 0.05153846153846154 0.10031347962382445
0 0.41384615384615386 0.11076280041797283 0.052307692307692305 0.109717868338558
0 0.6019230769230769 0.13375130616509928 0.05076923076923077 0.10658307210031348
0 0.36730769230769234 0.10762800417972831 0.04846153846153846 0.10344827586206896
0 0.7323076923076923 0.1509926854754441 0.05307692307692308 0.10867293625914315
0 0.8192307692307692 0.1619644723092999 0.05 0.1013584117032393
0 0.5557692307692308 0.13061650992685475 0.05153846153846154 0.11076280041797283
0 0.14846153846153845 0.08254963427377221 0.05 0.10031347962382445
0 0.6473076923076924 0.14211076280041798 0.05153846153846154 0.109717868338558
0 0.4596153846153846 0.12121212121212122 0.052307692307692305 0.10553814002089865
0 0.2803846153846154 0.10188087774294671 0.05 0.10658307210031348
0 0.19192307692307692 0.09195402298850575 0.05076923076923077 0.10553814002089865
0 0.04923076923076923 0.07471264367816093 0.05307692307692308 0.10553814002089865
0 0.23807692307692307 0.09822361546499478 0.05 0.10344827586206896
0 0.32153846153846155 0.10919540229885058 0.04923076923076923 0.09926854754440961
0 0.5080769230769231 0.13218390804597702 0.05307692307692308 0.1044932079414838
0 0.9080769230769231 0.18025078369905956 0.05076923076923077 0.11076280041797283
0 0.9519230769230769 0.18808777429467086 0.05076923076923077 0.1044932079414838
0 0.9853846153846154 0.19696969696969696 0.02923076923076923 0.09926854754440961
0 0.69 0.1619644723092999 0.05 0.1044932079414838
0 0.1376923076923077 0.17763845350052246 0.05153846153846154 0.10553814002089865
0 0.09115384615384615 0.17398119122257052 0.05384615384615385 0.10867293625914315
0 0.7811538461538462 0.25653082549634276 0.055384615384615386 0.109717868338558
0 0.4169230769230769 0.21473354231974923 0.05076923076923077 0.10344827586206896
0 0.8276923076923077 0.26332288401253917 0.054615384615384614 0.11076280041797283
0 0.3707692307692308 0.21003134796238246 0.05076923076923077 0.109717868338558
0 0.5965384615384616 0.23772204806687566 0.05 0.1044932079414838
0 0.18846153846153846 0.1896551724137931 0.05 0.10031347962382445
0 0.735 0.25444096133751304 0.052307692307692305 0.10344827586206896
0 0.2323076923076923 0.19592476489028213 0.05692307692307692 0.1044932079414838
0 0.32384615384615384 0.20689655172413793 0.05076923076923077 0.10762800417972831
0 0.043076923076923075 0.17398119122257052 0.05384615384615385 0.10762800417972831
0 0.2792307692307692 0.20219435736677116 0.05076923076923077 0.1013584117032393
0 0.46192307692307694 0.22413793103448276 0.05 0.109717868338558
0 0.6434615384615384 0.24608150470219436 0.052307692307692305 0.10762800417972831
0 0.5076923076923077 0.23197492163009403 0.04923076923076923 0.09926854754440961
0 0.5523076923076923 0.23772204806687566 0.04923076923076923 0.10658307210031348
0 0.8726923076923077 0.27899686520376177 0.04923076923076923 0.10867293625914315
0 0.6896153846153846 0.25966562173458724 0.05384615384615385 0.10031347962382445
0 0.9626923076923077 0.29205851619644724 0.05615384615384615 0.10658307210031348
0 0.9892307692307692 0.29571577847439917 0.021538461538461538 0.10240334378265413
0 0.9173076923076923 0.28996865203761757 0.04846153846153846 0.10762800417972831
0 0.12923076923076923 0.28160919540229884 0.055384615384615386 0.11076280041797283
0 0.08346153846153846 0.27638453500522464 0.05 0.10658307210031348
0 0.175 0.28735632183908044 0.046153846153846156 0.10658307210031348
0 0.35884615384615387 0.3124346917450366 0.05076923076923077 0.10553814002089865
0 0.22 0.296760710553814 0.04923076923076923 0.11076280041797283
0 0.7819230769230769 0.36415882967607105 0.05153846153846154 0.11285266457680251
0 0.40576923076923077 0.32027168234064785 0.05307692307692308 0.11703239289446186
0 0.4542307692307692 0.3265412748171369 0.05307692307692308 0.11076280041797283
0 0.26653846153846156 0.3045977011494253 0.055384615384615386 0.11494252873563218
0 0.31461538461538463 0.3103448275862069 0.05384615384615385 0.11076280041797283
0 0.735 0.3610240334378265 0.055384615384615386 0.11598746081504702
0 0.5003846153846154 0.3333333333333333 0.052307692307692305 0.11180773249738767
0 0.5911538461538461 0.3437826541274817 0.054615384615384614 0.11494252873563218
0 0.6407692307692308 0.3500522466039707 0.05307692307692308 0.11180773249738767
0 0.7765384615384615 0.06478578892371996 0.047692307692307694 0.07210031347962383
0 0.03884615384615384 0.27951933124346917 0.046153846153846156 0.10240334378265413
0 0.685 0.3563218390804598 0.04923076923076923 0.1044932079414838
0 0.5461538461538461 0.3406478578892372 0.05307692307692308 0.10867293625914315
0 0.8257692307692308 0.37565308254963425 0.052307692307692305 0.11285266457680251
0 0.9111538461538462 0.3881922675026123 0.04923076923076923 0.1013584117032393
0 0.9888461538461538 0.3981191222570533 0.022307692307692306 0.10658307210031348
0 0.8707692307692307 0.384012539184953 0.05076923076923077 0.10867293625914315
0 0.9588461538461538 0.3944618599791014 0.05307692307692308 0.10240334378265413
0 0.42153846153846153 0.029780564263322883 0.047692307692307694 0.05956112852664577
0 0.5976923076923077 0.045454545454545456 0.04846153846153846 0.07628004179728318
0 0.10615384615384615 0.013061650992685475 0.05076923076923077 0.02612330198537095
0 0.5523076923076923 0.04075235109717868 0.04846153846153846 0.07732497387669801
0 0.6434615384615384 0.051201671891327065 0.04846153846153846 0.07732497387669801
0 0.7334615384615385 0.062173458725182866 0.04923076923076923 0.07732497387669801
0 0.3726923076923077 0.03082549634273772 0.04692307692307692 0.06165099268547544
0 0.8588461538461538 0.07889237199582028 0.04692307692307692 0.08150470219435736
0 0.8176923076923077 0.0741901776384535 0.046153846153846156 0.08045977011494253
0 0.9015384615384615 0.08411703239289446 0.04692307692307692 0.08150470219435736
0 0.05307692307692308 0.012016718913270637 0.047692307692307694 0.024033437826541274
0 0.465 0.03657262277951933 0.04846153846153846 0.07314524555903866
0 0.15115384615384617 0.018808777429467086 0.04846153846153846 0.03761755485893417
0 0.19692307692307692 0.021421107628004178 0.052307692307692305 0.042842215256008356
0 0.28384615384615386 0.02664576802507837 0.04923076923076923 0.05329153605015674
0 0.24269230769230768 0.025600835945663532 0.04384615384615385 0.051201671891327065
0 0.3296153846153846 0.03134796238244514 0.04692307692307692 0.06269592476489028
0 0.5092307692307693 0.04231974921630094 0.046153846153846156 0.08463949843260188
0 0.9461538461538461 0.09352142110762801 0.04923076923076923 0.08881922675026123
0 0.6884615384615385 0.06321839080459771 0.04923076923076923 0.09090909090909091
0 0.11653846153846154 0.3850574712643678 0.05307692307692308 0.10553814002089865
0 0.06961538461538462 0.38087774294670845 0.05615384615384615 0.11389759665621735
0 0.21384615384615385 0.4012539184952978 0.052307692307692305 0.10762800417972831
0 0.16192307692307692 0.3955067920585162 0.054615384615384614 0.1180773249738767
0 0.025384615384615384 0.3819226750261233 0.04384615384615385 0.10762800417972831
0 0.35384615384615387 0.4211076280041797 0.05384615384615385 0.11285266457680251
0 0.9830769230769231 0.1013584117032393 0.033846153846153845 0.09404388714733543
0 0.9103846153846153 0.4885057471264368 0.05153846153846154 0.10867293625914315
0 0.4003846153846154 0.4278996865203762 0.052307692307692305 0.10762800417972831
0 0.44576923076923075 0.4331243469174504 0.05076923076923077 0.11389759665621735
0 0.7742307692307693 0.4723092998955068 0.055384615384615386 0.11389759665621735
0 0.683076923076923 0.4618599791013584 0.05615384615384615 0.11703239289446186
0 0.31 0.4174503657262278 0.05846153846153846 0.11285266457680251
0 0.6342307692307693 0.4566353187042842 0.052307692307692305 0.11076280041797283
0 0.86 0.48380355276907 0.05 0.1013584117032393
0 0.4946153846153846 0.44043887147335425 0.057692307692307696 0.11285266457680251
0 0.25576923076923075 0.41274817136886105 0.054615384615384614 0.10658307210031348
0 0.5407692307692308 0.44670846394984326 0.04846153846153846 0.11180773249738767
0 0.588076923076923 0.45245559038662486 0.05307692307692308 0.11389759665621735
0 0.9553846153846154 0.49686520376175547 0.05384615384615385 0.11180773249738767
0 0.7292307692307692 0.4696969696969697 0.054615384615384614 0.1044932079414838
0 0.8188461538461539 0.4827586206896552 0.04846153846153846 0.10344827586206896
0 0.9876923076923076 0.5041797283176593 0.024615384615384615 0.10762800417972831
0 0.2784615384615385 0.509926854754441 0.052307692307692305 0.09090909090909091
0 0.07 0.48798328108672934 0.055384615384615386 0.11389759665621735
0 0.18384615384615385 0.5036572622779519 0.05307692307692308 0.11389759665621735
0 0.021923076923076924 0.4843260188087774 0.04384615384615385 0.11389759665621735
0 0.9292307692307692 0.5929989550679206 0.05923076923076923 0.1044932079414838
0 0.23038461538461538 0.5104493207941484 0.05076923076923077 0.11389759665621735
0 0.8823076923076923 0.589864158829676 0.055384615384615386 0.109717868338558
0 0.41807692307692307 0.5355276907001045 0.052307692307692305 0.11180773249738767
0 0.12038461538461538 0.5005224660397074 0.05846153846153846 0.11076280041797283
0 0.7011538461538461 0.5705329153605015 0.05692307692307692 0.11494252873563218
0 0.3676923076923077 0.5313479623824452 0.05384615384615385 0.11285266457680251
0 0.8373076923076923 0.587251828631139 0.05153846153846154 0.10658307210031348
0 0.3230769230769231 0.5266457680250783 0.052307692307692305 0.10762800417972831
0 0.7465384615384615 0.5778474399164054 0.04923076923076923 0.10553814002089865
0 0.5123076923076924 0.5501567398119123 0.05384615384615385 0.11494252873563218
0 0.56 0.5569487983281086 0.05 0.109717868338558
0 0.6057692307692307 0.5621734587251829 0.054615384615384614 0.11494252873563218
0 0.7903846153846154 0.5851619644723093 0.05 0.10762800417972831
0 0.4642307692307692 0.5480668756530825 0.052307692307692305 0.11703239289446186
0 0.6534615384615384 0.5726227795193313 0.05153846153846154 0.11076280041797283
0 0.9711538461538461 0.6118077324973876 0.05384615384615385 0.11076280041797283
0 0.06769230769230769 0.5956112852664577 0.06615384615384616 0.11912225705329153
0 0.21 0.6170323928944619 0.052307692307692305 0.11180773249738767
0 0.02076923076923077 0.5940438871473355 0.04153846153846154 0.1180773249738767
0 0.16346153846153846 0.6118077324973876 0.04923076923076923 0.11494252873563218
0 0.9246153846153846 0.703239289446186 0.06153846153846154 0.1180773249738767
0 0.8723076923076923 0.696969696969697 0.055384615384615386 0.11389759665621735
0 0.7288461538461538 0.6802507836990596 0.05307692307692308 0.11076280041797283
0 0.11923076923076924 0.6081504702194357 0.05307692307692308 0.11494252873563218
0 0.8226923076923077 0.6933124346917451 0.05846153846153846 0.12016718913270637
0 0.39076923076923076 0.6431556948798328 0.05307692307692308 0.11912225705329153
0 0.3423076923076923 0.6384535005224661 0.05692307692307692 0.11912225705329153
0 0.6803846153846154 0.6786833855799373 0.057692307692307696 0.11076280041797283
0 0.28423076923076923 0.6342737722048067 0.06230769230769231 0.12016718913270637
0 0.7761538461538462 0.6933124346917451 0.052307692307692305 0.11285266457680251
0 0.585 0.670846394984326 0.05846153846153846 0.11494252873563218
0 0.5326923076923077 0.6666666666666666 0.05846153846153846 0.12121212121212122
0 0.9665384615384616 0.7189132706374086 0.04923076923076923 0.10867293625914315
0 0.43653846153846154 0.6562173458725182 0.04923076923076923 0.11180773249738767
0 0.6334615384615384 0.6833855799373041 0.05153846153846154 0.11285266457680251
0 0.4815384615384615 0.6656217345872518 0.05384615384615385 0.11598746081504702
0 0.05423076923076923 0.7068965517241379 0.05153846153846154 0.11180773249738767
0 0.15538461538461537 0.722048066875653 0.06461538461538462 0.11703239289446186
0 0.22653846153846155 0.7330198537095088 0.057692307692307696 0.11912225705329153
0 0.013846153846153847 0.7068965517241379 0.027692307692307693 0.11180773249738767
0 0.9157692307692308 0.8155694879832811 0.05076923076923077 0.11598746081504702
0 0.7134615384615385 0.7925809822361547 0.05692307692307692 0.11912225705329153
0 0.8557692307692307 0.8103448275862069 0.05615384615384615 0.11494252873563218
0 0.8076923076923077 0.8056426332288401 0.05923076923076923 0.11703239289446186
0 0.32269230769230767 0.7486938349007315 0.054615384615384614 0.11389759665621735
0 0.1026923076923077 0.7236154649947754 0.05692307692307692 0.11912225705329153
0 0.37153846153846154 0.7554858934169278 0.05384615384615385 0.11389759665621735
0 0.41846153846153844 0.7617554858934169 0.05076923076923077 0.11389759665621735
0 0.7603846153846154 0.803030303030303 0.05 0.10867293625914315
0 0.2753846153846154 0.7466039707419018 0.05615384615384615 0.11598746081504702
0 0.5638461538461539 0.7821316614420063 0.052307692307692305 0.11598746081504702
0 0.9588461538461538 0.829153605015674 0.05076923076923077 0.11703239289446186
0 0.5146153846153846 0.776907001044932 0.052307692307692305 0.11076280041797283
0 0.46615384615384614 0.7711598746081505 0.054615384615384614 0.109717868338558
0 0.6607692307692308 0.796760710553814 0.057692307692307696 0.11180773249738767
0 0.6119230769230769 0.7920585161964472 0.05307692307692308 0.11389759665621735
0 0.010769230769230769 0.8025078369905956 0.021538461538461538 0.08986415882967608
0 0.04461538461538461 0.8098223615464994 0.05615384615384615 0.09090909090909091
0 0.8796153846153846 0.9096133751306165 0.052307692307692305 0.08986415882967608
0 0.19115384615384615 0.8281086729362591 0.05 0.08986415882967608
0 0.14307692307692307 0.8223615464994776 0.05384615384615385 0.09090909090909091
0 0.8303846153846154 0.9059561128526645 0.04923076923076923 0.0877742946708464
0 0.09615384615384616 0.8187042842215256 0.052307692307692305 0.08254963427377221
0 0.9265384615384615 0.9174503657262278 0.05 0.08359456635318704
0 0.6838461538461539 0.8887147335423198 0.05692307692307692 0.08568443051201671
0 0.2876923076923077 0.8427377220480669 0.052307692307692305 0.08150470219435736
0 0.7823076923076923 0.9017763845350052 0.05 0.08254963427377221
0 0.5284615384615384 0.8725182863113897 0.057692307692307696 0.08359456635318704
0 0.3842307692307692 0.855276907001045 0.05384615384615385 0.08359456635318704
0 0.4796153846153846 0.8667711598746082 0.05076923076923077 0.08045977011494253
0 0.4330769230769231 0.8620689655172413 0.05153846153846154 0.07836990595611286
0 0.33615384615384614 0.8505747126436781 0.05153846153846154 0.0794148380355277
0 0.23846153846153847 0.8401253918495298 0.05307692307692308 0.08045977011494253
0 0.5803846153846154 0.8819226750261233 0.05307692307692308 0.07523510971786834
0 0.6303846153846154 0.8876698014629049 0.05153846153846154 0.07732497387669801
0 0.7315384615384616 0.9012539184952978 0.04846153846153846 0.07105538140020899