0 0.815 0.08098223615464994 0.047692307692307694 0.09717868338557993
0 0.7280769230769231 0.09195402298850575 0.047692307692307694 0.10762800417972831
0 0.05307692307692308 0.17398119122257052 0.05153846153846154 0.10031347962382445
0 0.36538461538461536 0.13688610240334378 0.052307692307692305 0.109717868338558
0 0.5534615384615384 0.1154649947753396 0.05076923076923077 0.10658307210031348
0 0.3192307692307692 0.14472309299895506 0.04846153846153846 0.10344827586206896
0 0.6842307692307692 0.10188087774294671 0.05307692307692308 0.10867293625914315
0 0.7711538461538462 0.09143155694879833 0.05 0.1013584117032393
0 0.5076923076923077 0.12330198537095088 0.05153846153846154 0.11076280041797283
0 0.10038461538461538 0.17136886102403343 0.05 0.10031347962382445
0 0.5992307692307692 0.11285266457680251 0.05153846153846154 0.109717868338558
0 0.41192307692307695 0.13636363636363635 0.052307692307692305 0.10553814002089865
0 0.23307692307692307 0.15987460815047022 0.05 0.10658307210031348
0 0.14423076923076922 0.17084639498432602 0.05076923076923077 0.10553814002089865
0 0.013846153846153847 0.18756530825496343 0.027692307692307693 0.10553814002089865
0 0.19076923076923077 0.16614420062695925 0.05 0.10344827586206896
0 0.2742307692307692 0.15726227795193312 0.04923076923076923 0.09926854754440961
0 0.46076923076923076 0.13584117032392895 0.05307692307692308 0.1044932079414838
0 0.8607692307692307 0.08881922675026123 0.05076923076923077 0.11076280041797283
0 0.9053846153846153 0.08620689655172414 0.05076923076923077 0.1044932079414838
0 0.95 0.08463949843260188 0.05076923076923077 0.09926854754440961
0 0.6438461538461538 0.12225705329153605 0.05 0.1044932079414838
0 0.10192307692307692 0.26802507836990597 0.05153846153846154 0.10553814002089865
0 0.05576923076923077 0.27533960292580983 0.05384615384615385 0.10867293625914315
0 0.7457692307692307 0.19383490073145246 0.055384615384615386 0.109717868338558
0 0.38153846153846155 0.2387669801462905 0.05076923076923077 0.10344827586206896
0 0.7926923076923077 0.1896551724137931 0.054615384615384614 0.11076280041797283
0 0.33576923076923076 0.24503657262277953 0.05076923076923077 0.109717868338558
0 0.5615384615384615 0.21891327063740856 0.05 0.1044932079414838
0 0.15346153846153845 0.26750261233019856 0.05 0.10031347962382445
0 0.7003846153846154 0.2027168234064786 0.052307692307692305 0.10344827586206896
0 0.1973076923076923 0.26332288401253917 0.05692307692307692 0.1044932079414838
0 0.28923076923076924 0.25287356321839083 0.05076923076923077 0.10762800417972831
0 0.01730769230769231 0.28683385579937304 0.03461538461538462 0.10762800417972831
0 0.24461538461538462 0.25862068965517243 0.05076923076923077 0.1013584117032393
0 0.42730769230769233 0.23719958202716823 0.05 0.109717868338558
0 0.6084615384615385 0.21630094043887146 0.052307692307692305 0.10762800417972831
0 0.4734615384615385 0.23406478578892373 0.04923076923076923 0.09926854754440961
0 0.5176923076923077 0.22936259143155696 0.04923076923076923 0.10658307210031348
0 0.8384615384615385 0.19435736677115986 0.04923076923076923 0.10867293625914315
0 0.6561538461538462 0.21839080459770116 0.05384615384615385 0.10031347962382445
0 0.9292307692307692 0.18599791013584116 0.05615384615384615 0.10658307210031348
0 0.965 0.18181818181818182 0.03923076923076923 0.10240334378265413
0 0.8842307692307693 0.19435736677115986 0.04846153846153846 0.10762800417972831
0 0.10692307692307693 0.3725182863113898 0.055384615384615386 0.11076280041797283
0 0.061153846153846156 0.3777429467084639 0.05 0.10658307210031348
0 0.15269230769230768 0.3672936259143156 0.046153846153846156 0.10658307210031348
0 0.3373076923076923 0.3484848484848485 0.05076923076923077 0.10553814002089865
0 0.19807692307692307 0.3657262277951933 0.04923076923076923 0.11076280041797283
0 0.76 0.2998955067920585 0.05153846153846154 0.11285266457680251
0 0.3842307692307692 0.345350052246604 0.05307692307692308 0.11703239289446186
0 0.4326923076923077 0.3401253918495298 0.05307692307692308 0.11076280041797283
0 0.2453846153846154 0.3625914315569488 0.055384615384615386 0.11494252873563218
0 0.29307692307692307 0.3573667711598746 0.05384615384615385 0.11076280041797283
0 0.7134615384615385 0.3077324973876698 0.055384615384615386 0.11598746081504702
0 0.47923076923076924 0.335423197492163 0.052307692307692305 0.11180773249738767
0 0.57 0.32497387669801464 0.054615384615384614 0.11494252873563218
0 0.6192307692307693 0.31922675026123304 0.05307692307692308 0.11180773249738767
0 0.7161538461538461 0.02089864158829676 0.047692307692307694 0.04179728317659352
0 0.020384615384615383 0.39184952978056425 0.040769230769230766 0.10240334378265413
0 0.6638461538461539 0.31504702194357365 0.04923076923076923 0.1044932079414838
0 0.525 0.3322884012539185 0.05307692307692308 0.10867293625914315
0 0.805 0.30094043887147337 0.052307692307692305 0.11285266457680251
0 0.8903846153846153 0.29310344827586204 0.04923076923076923 0.1013584117032393
0 0.9742307692307692 0.2831765935214211 0.033846153846153845 0.10658307210031348
0 0.8503846153846154 0.29832810867293624 0.05076923076923077 0.10867293625914315
0 0.9384615384615385 0.2878787878787879 0.05307692307692308 0.10240334378265413
0 0.36153846153846153 0.04911180773249739 0.047692307692307694 0.07314524555903866
0 0.5380769230769231 0.03396029258098224 0.04846153846153846 0.06792058516196448
0 0.046538461538461535 0.08829676071055381 0.05076923076923077 0.07732497387669801
0 0.4926923076923077 0.03657262277951933 0.04846153846153846 0.07314524555903866
0 0.5834615384615385 0.03134796238244514 0.04846153846153846 0.06269592476489028
0 0.6738461538461539 0.02612330198537095 0.04923076923076923 0.0522466039707419
0 0.31384615384615383 0.05851619644723093 0.04692307692307692 0.08045977011494253
0 0.7996153846153846 0.02089864158829676 0.04692307692307692 0.04179728317659352
0 0.7584615384615384 0.022988505747126436 0.046153846153846156 0.04597701149425287
0 0.8419230769230769 0.018286311389759665 0.04692307692307692 0.03657262277951933
0 0.008846153846153846 0.0961337513061651 0.01769230769230769 0.08150470219435736
0 0.40576923076923077 0.04806687565308255 0.04846153846153846 0.08150470219435736
0 0.09192307692307693 0.08620689655172414 0.04846153846153846 0.08359456635318704
0 0.13807692307692307 0.08045977011494253 0.052307692307692305 0.08359456635318704
0 0.225 0.07053291536050156 0.04923076923076923 0.08359456635318704
0 0.18346153846153845 0.0768025078369906 0.04384615384615385 0.08568443051201671
0 0.27115384615384613 0.06635318704284221 0.04692307692307692 0.08672936259143156
0 0.4511538461538461 0.04597701149425287 0.046153846153846156 0.0877742946708464
0 0.8869230769230769 0.019331243469174503 0.04923076923076923 0.038662486938349006
0 0.6292307692307693 0.035527690700104496 0.04923076923076923 0.07105538140020899
0 0.1076923076923077 0.477533960292581 0.05307692307692308 0.10553814002089865
0 0.06076923076923077 0.4843260188087774 0.05615384615384615 0.11389759665621735
0 0.20576923076923076 0.4702194357366771 0.052307692307692305 0.10762800417972831
0 0.15346153846153845 0.47701149425287354 0.054615384615384614 0.1180773249738767
0 0.019615384615384614 0.49582027168234066 0.03923076923076923 0.10762800417972831
0 0.3457692307692308 0.4566353187042842 0.05384615384615385 0.11285266457680251
0 0.9334615384615385 0.018808777429467086 0.05153846153846154 0.03761755485893417
0 0.9026923076923077 0.39184952978056425 0.05153846153846154 0.10867293625914315
0 0.3926923076923077 0.45245559038662486 0.052307692307692305 0.10762800417972831
0 0.4376923076923077 0.44723092998955066 0.05076923076923077 0.11389759665621735
0 0.7665384615384615 0.40804597701149425 0.055384615384615386 0.11389759665621735
0 0.6757692307692308 0.41901776384535006 0.05615384615384615 0.11703239289446186
0 0.30230769230769233 0.46342737722048066 0.05846153846153846 0.11285266457680251
0 0.6265384615384615 0.42528735632183906 0.052307692307692305 0.11076280041797283
0 0.8523076923076923 0.3991640543364681 0.05 0.1013584117032393
0 0.4869230769230769 0.4430512016718913 0.057692307692307696 0.11285266457680251
0 0.24846153846153846 0.4717868338557994 0.054615384615384614 0.10658307210031348
0 0.5334615384615384 0.4378265412748171 0.04846153846153846 0.11180773249738767
0 0.5807692307692308 0.43260188087774293 0.05307692307692308 0.11389759665621735
0 0.948076923076923 0.3892371995820272 0.05384615384615385 0.11180773249738767
0 0.7219230769230769 0.416405433646813 0.054615384615384614 0.1044932079414838
0 0.811923076923077 0.40752351097178685 0.04846153846153846 0.10344827586206896
0 0.9834615384615385 0.3892371995820272 0.02923076923076923 0.10762800417972831
0 0.28307692307692306 0.5621734587251829 0.052307692307692305 0.09090909090909091
0 0.075 0.5893416927899686 0.055384615384615386 0.11389759665621735
0 0.18923076923076923 0.5783699059561128 0.05307692307692308 0.11389759665621735
0 0.025384615384615384 0.5982236154649948 0.047692307692307694 0.11389759665621735
0 0.9346153846153846 0.49059561128526646 0.05923076923076923 0.1044932079414838
0 0.23576923076923076 0.5736677115987461 0.05076923076923077 0.11389759665621735
0 0.8880769230769231 0.49843260188087773 0.055384615384615386 0.109717868338558
0 0.4238461538461539 0.5543364681295716 0.052307692307692305 0.11180773249738767
0 0.12653846153846154 0.5903866248693835 0.05846153846153846 0.11076280041797283
0 0.7073076923076923 0.5219435736677116 0.05692307692307692 0.11494252873563218
0 0.37384615384615383 0.5616509926854755 0.05384615384615385 0.11285266457680251
0 0.8434615384615385 0.5062695924764891 0.05153846153846154 0.10658307210031348
0 0.3292307692307692 0.5679205851619644 0.052307692307692305 0.10762800417972831
0 0.7526923076923077 0.5188087774294671 0.04923076923076923 0.10553814002089865
0 0.5188461538461538 0.5464994775339603 0.05384615384615385 0.11494252873563218
0 0.5661538461538461 0.5417972831765935 0.05 0.109717868338558
0 0.6123076923076923 0.5360501567398119 0.054615384615384614 0.11494252873563218
0 0.7965384615384615 0.5151515151515151 0.05 0.10762800417972831
0 0.47115384615384615 0.5559038662486938 0.052307692307692305 0.11703239289446186
0 0.6603846153846153 0.5355276907001045 0.05153846153846154 0.11076280041797283
0 0.9757692307692307 0.49843260188087773 0.04846153846153846 0.11076280041797283
0 0.08653846153846154 0.6964472309299895 0.06615384615384616 0.11912225705329153
0 0.2296153846153846 0.6833855799373041 0.052307692307692305 0.11180773249738767
0 0.03461538461538462 0.7068965517241379 0.05307692307692308 0.1180773249738767
0 0.18307692307692308 0.6896551724137931 0.04923076923076923 0.11494252873563218
0 0.9442307692307692 0.599791013584117 0.06153846153846154 0.1180773249738767
0 0.8915384615384615 0.6060606060606061 0.055384615384615386 0.11389759665621735
0 0.7484615384615385 0.6238244514106583 0.05307692307692308 0.11076280041797283
0 0.13884615384615384 0.6964472309299895 0.05307692307692308 0.11494252873563218
0 0.8426923076923077 0.6144200626959248 0.05846153846153846 0.12016718913270637
0 0.4107692307692308 0.6666666666666666 0.05307692307692308 0.11912225705329153
0 0.36230769230769233 0.6734587251828631 0.05692307692307692 0.11912225705329153
0 0.7007692307692308 0.6337513061650992 0.057692307692307696 0.11076280041797283
0 0.3046153846153846 0.6828631138975967 0.06230769230769231 0.12016718913270637
0 0.7965384615384615 0.6248693834900731 0.052307692307692305 0.11285266457680251
0 0.6057692307692307 0.648380355276907 0.05846153846153846 0.11494252873563218
0 0.5538461538461539 0.6567398119122257 0.05846153846153846 0.12121212121212122
0 0.9811538461538462 0.6050156739811913 0.03769230769230769 0.10867293625914315
0 0.4576923076923077 0.6687565308254964 0.04923076923076923 0.11180773249738767
0 0.655 0.6489028213166145 0.05153846153846154 0.11285266457680251
0 0.5030769230769231 0.6677115987460815 0.05384615384615385 0.11598746081504702
0 0.08730769230769231 0.8087774294670846 0.05153846153846154 0.11180773249738767
0 0.18923076923076923 0.7998955067920586 0.06461538461538462 0.11703239289446186
0 0.2603846153846154 0.7941483803552769 0.057692307692307696 0.11912225705329153
0 0.03884615384615384 0.8207941483803552 0.046153846153846156 0.11180773249738767
0 0.95 0.713166144200627 0.05076923076923077 0.11598746081504702
0 0.7476923076923077 0.7377220480668757 0.05692307692307692 0.11912225705329153
0 0.89 0.7215256008359456 0.05615384615384615 0.11494252873563218
0 0.8419230769230769 0.7283176593521421 0.05923076923076923 0.11703239289446186
0 0.3573076923076923 0.786833855799373 0.054615384615384614 0.11389759665621735
0 0.1373076923076923 0.8140020898641588 0.05692307692307692 0.11912225705329153
0 0.40615384615384614 0.7821316614420063 0.05384615384615385 0.11389759665621735
0 0.4530769230769231 0.776907001044932 0.05076923076923077 0.11389759665621735
0 0.795 0.7371995820271683 0.05 0.10867293625914315
0 0.31038461538461537 0.7957157784743991 0.05615384615384615 0.11598746081504702
0 0.5988461538461538 0.7628004179728317 0.052307692307692305 0.11598746081504702
0 0.9842307692307692 0.7157784743991641 0.031538461538461536 0.11703239289446186
0 0.55 0.7690700104493208 0.052307692307692305 0.11076280041797283
0 0.5015384615384615 0.7753396029258098 0.054615384615384614 0.109717868338558
0 0.6961538461538461 0.754440961337513 0.057692307692307696 0.11180773249738767
0 0.6473076923076924 0.7612330198537095 0.05307692307692308 0.11389759665621735
0 0.045 0.9164054336468129 0.045384615384615384 0.08986415882967608
0 0.09115384615384615 0.9122257053291536 0.05615384615384615 0.09090909090909091
0 0.9265384615384615 0.8140020898641588 0.052307692307692305 0.08986415882967608
0 0.2376923076923077 0.8960292580982236 0.05 0.08986415882967608
0 0.19 0.9017763845350052 0.05384615384615385 0.09090909090909091
0 0.8773076923076923 0.8218390804597702 0.04923076923076923 0.0877742946708464
0 0.14307692307692307 0.9090909090909091 0.052307692307692305 0.08254963427377221
0 0.9734615384615385 0.8108672936259144 0.05 0.08359456635318704
0 0.7307692307692307 0.8396029258098223 0.05692307692307692 0.08568443051201671
0 0.3346153846153846 0.8876698014629049 0.052307692307692305 0.08150470219435736
0 0.8292307692307692 0.829153605015674 0.05 0.08254963427377221
0 0.5753846153846154 0.8599791013584117 0.057692307692307696 0.08359456635318704
0 0.43153846153846154 0.8772204806687566 0.05384615384615385 0.08359456635318704
0 0.5269230769230769 0.8662486938349008 0.05076923076923077 0.08045977011494253
0 0.48 0.8719958202716823 0.05153846153846154 0.07836990595611286
0 0.38346153846153846 0.8840125391849529 0.05153846153846154 0.0794148380355277
0 0.2857692307692308 0.896551724137931 0.05307692307692308 0.08045977011494253
0 0.6280769230769231 0.8568443051201672 0.05307692307692308 0.07523510971786834
0 0.6776923076923077 0.8510971786833855 0.05153846153846154 0.07732497387669801
0 0.7792307692307693 0.8406478578892372 0.04846153846153846 0.07105538140020899