0 0.8407384615384615 0.11980146290491119 0.04183846153846144 0.09236154649947752
0 0.7532461538461539 0.12025078369905955 0.04123076923076916 0.10266457680250782
0 0.07581538461538462 0.12210031347962381 0.04590000000000001 0.0949843260188088
0 0.3891692307692308 0.1222884012539185 0.045584615384615425 0.10491118077324976
0 0.5779461538461539 0.12319749216300942 0.04454615384615391 0.10129571577847439
0 0.3426923076923077 0.1247753396029258 0.0426076923076923 0.09902821316614419
0 0.7091000000000001 0.12500522466039707 0.046253846153846236 0.10311389759665622
0 0.7964153846153845 0.12525600835945663 0.04394615384615393 0.09662486938349009
0 0.5319615384615384 0.12545454545454546 0.0452384615384615 0.10582027168234062
0 0.12282307692307691 0.12553814002089864 0.043776923076923095 0.09498432601880878
0 0.6236384615384616 0.12613375130616508 0.04462307692307692 0.1044723092998955
0 0.43565384615384617 0.12749216300940439 0.04590000000000006 0.10083594566353185
0 0.2558384615384615 0.12955067920585162 0.04329230769230767 0.10184952978056426
0 0.16687692307692306 0.13011494252873562 0.04417692307692308 0.10071055381400207
0 0.02346153846153846 0.12957157784743992 0.04692307692307692 0.10031347962382445
0 0.21325384615384615 0.1306896551724138 0.044153846153846134 0.09841170323928945
0 0.29704615384615385 0.1317972831765935 0.04329230769230767 0.09405433646812957
0 0.48431538461538465 0.13247648902821316 0.04659230769230764 0.09902821316614419
0 0.8859384615384616 0.13331243469174503 0.044261538461538436 0.10610240334378264
0 0.9302692307692307 0.1356844305120167 0.044938461538461594 0.09946708463949842
0 0.9751153846153847 0.13947753396029258 0.0452692307692307 0.09377220480668758
0 0.6676230769230769 0.14062695924764892 0.043938461538461454 0.0999373040752351
0 0.11839999999999999 0.2217450365726228 0.04503846153846155 0.10065830721003133
0 0.07180769230769231 0.22375130616509925 0.04716923076923076 0.10352142110762796
0 0.7644461538461538 0.22394984326018808 0.04854615384615386 0.10476489028213165
0 0.39883076923076927 0.22552769070010448 0.04491538461538465 0.09862068965517239
0 0.8113999999999999 0.22561128526645768 0.04770769230769229 0.10587251828631138
0 0.3526846153846154 0.22665621734587255 0.04393076923076924 0.10541274817136889
0 0.5793 0.22733542319749217 0.043923076923076856 0.09952978056426333
0 0.16983076923076923 0.2274712643678161 0.04417692307692308 0.09493207941483806
0 0.7185153846153847 0.2275548589341693 0.04653076923076924 0.09867293625914317
0 0.21367692307692304 0.22862068965517243 0.05089999999999999 0.09836990595611286
0 0.3058692307692308 0.22892371995820274 0.04428461538461542 0.10269592476489031
0 0.023746153846153847 0.2294775339602926 0.04719230769230769 0.1023719958202717
0 0.2611076923076923 0.2294775339602926 0.044553846153846124 0.09664576802507838
0 0.4443153846153846 0.2298223615464995 0.04323076923076927 0.10450365726227795
0 0.6264461538461539 0.23005224660397075 0.046238461538461464 0.10224660397074187
0 0.4905 0.2320794148380355 0.04362307692307695 0.09453500522466037
0 0.5351538461538462 0.23231974921630094 0.04294615384615379 0.10224660397074187
0 0.8569307692307693 0.2355903866248694 0.04238461538461531 0.10364681295715779
0 0.6735923076923077 0.23797283176593523 0.04787692307692308 0.09454545454545457
0 0.947576923076923 0.23808777429467085 0.04969230769230762 0.10087774294670848
0 0.9836230769230769 0.238098223615465 0.0327538461538461 0.09868338557993733
0 0.9022538461538462 0.24113897596656222 0.04236153846153859 0.10253918495297808
0 0.11671538461538461 0.3263113897596656 0.048423076923076916 0.10587251828631132
0 0.07055384615384615 0.3263113897596656 0.043807692307692304 0.10129571577847446
0 0.16266923076923076 0.3266039707419018 0.03996923076923076 0.10185997910135842
0 0.3475230769230769 0.32985370950888193 0.044269230769230734 0.10083594566353186
0 0.20799230769230767 0.33060606060606057 0.04289999999999999 0.10644723092998956
0 0.7720000000000001 0.3312643678160919 0.0448692307692308 0.10748171368861026
0 0.3946692307692308 0.33234064785788925 0.045915384615384656 0.11215256008359462
0 0.44314615384615386 0.3325705329153605 0.04623076923076916 0.10536050156739817
0 0.255 0.3331870428422153 0.04836153846153846 0.10929989550679209
0 0.30320769230769234 0.33324973876698016 0.0476230769230769 0.10580982236154649
0 0.7250461538461538 0.33349007314524554 0.04815384615384608 0.11081504702194353
0 0.4896692307692308 0.33369905956112855 0.04529230769230778 0.1067189132706374
0 0.5809615384615384 0.33369905956112855 0.04792307692307689 0.10943573667711601
0 0.6304461538461539 0.3339289446185998 0.04623076923076916 0.10626959247648908
0 0.7474153846153846 0.03376175548589342 0.043569230769230846 0.0675130616509927
0 0.02649230769230769 0.3349007314524556 0.040030769230769224 0.09784743991640542
0 0.6752538461538462 0.3350574712643678 0.04321538461538466 0.09947753396029263
0 0.5358153846153846 0.3357366771159875 0.046938461538461526 0.10355276907001047
0 0.8167076923076924 0.3376489028213166 0.045253846153846096 0.10803552769070009
0 0.9022538461538462 0.34014629049111805 0.04317692307692316 0.09638453500522468
0 0.9862769230769232 0.3401567398119122 0.02744615384615372 0.10416927899686526
0 0.8618307692307693 0.3404179728317659 0.04401538461538446 0.10359456635318703
0 0.9502307692307692 0.3404179728317659 0.046830769230769315 0.0969383490073145
0 0.39116923076923077 0.03449320794148379 0.0435846153846154 0.06784743991640545
0 0.5681153846153846 0.035841170323928945 0.04422307692307693 0.07146290491118079
0 0.07476153846153846 0.0361337513061651 0.046323076923076925 0.0722675026123302
0 0.5226923076923077 0.03605015673981191 0.04384615384615385 0.07210031347962383
0 0.6142307692307692 0.03605015673981191 0.04384615384615385 0.07210031347962383
0 0.7046153846153846 0.03605015673981191 0.04461538461538461 0.07210031347962383
0 0.3428615384615385 0.03810867293625914 0.04227692307692311 0.07598746081504702
0 0.8306153846153845 0.03820271682340648 0.04253846153846168 0.07639498432601882
0 0.7890846153846154 0.03825496342737722 0.04116153846153854 0.07628004179728318
0 0.8734615384615385 0.03814002089864159 0.04230769230769231 0.07628004179728318
0 0.021638461538461537 0.038495297805642634 0.04297692307692307 0.07669801462904911
0 0.4351769230769231 0.03878787878787878 0.04361538461538465 0.07644723092998955
0 0.1200846153846154 0.039278996865203766 0.043353846153846166 0.07855799373040753
0 0.16646153846153847 0.039278996865203766 0.04754615384615385 0.07855799373040753
0 0.2535153846153846 0.039571577847439914 0.04456153846153842 0.07913270637408569
0 0.21199230769230767 0.04071055381400209 0.03910000000000001 0.08142110762800418
0 0.2997076923076923 0.04105538140020899 0.041961538461538425 0.08187042842215256
0 0.4803230769230769 0.041954022988505736 0.04126153846153854 0.08277951933124347
0 0.9182230769230769 0.042288401253918494 0.043900000000000126 0.08433646812957156
0 0.6596153846153846 0.042842215256008356 0.04384615384615385 0.08568443051201671
0 0.11081538461538462 0.43111807732497387 0.046738461538461534 0.1000940438871473
0 0.0635923076923077 0.4322570532915361 0.049292307692307705 0.10810867293625918
0 0.2086230769230769 0.43569487983281086 0.04585384615384616 0.10238244514106586
0 0.15634615384615386 0.4359770114942529 0.04756153846153845 0.11326018808777429
0 0.019746153846153847 0.4385579937304075 0.0375 0.10352142110762806
0 0.34918461538461537 0.4387460815047022 0.04693076923076922 0.10766980146290488
0 0.9642923076923077 0.04459770114942529 0.045969230769230936 0.08919540229885058
0 0.9081923076923077 0.4397387669801463 0.0450153846153846 0.10358411703239288
0 0.39616153846153845 0.4398746081504702 0.04557692307692308 0.10268547544409612
0 0.4415076923076923 0.4398746081504702 0.04428461538461534 0.1090177638453501
0 0.7716 0.44002089864158833 0.04844615384615377 0.10873563218390798
0 0.6801076923076923 0.4401149425287356 0.048915384615384555 0.11130616509926852
0 0.30553846153846154 0.4403343782654127 0.05161538461538463 0.1072100313479624
0 0.6307923076923077 0.44079414838035524 0.04559999999999998 0.10541274817136885
0 0.8576076923076924 0.4411703239289446 0.04419230769230755 0.0961337513061651
0 0.49065384615384616 0.4414629049111808 0.05126153846153854 0.10765935214211074
0 0.2512 0.4419958202716823 0.04836153846153846 0.1012330198537095
0 0.5373 0.4421421107628004 0.04190769230769232 0.1072100313479624
0 0.5847769230769231 0.4423719958202717 0.04622307692307686 0.10856844305120165
0 0.9535153846153845 0.4428840125391849 0.04710000000000002 0.10644723092998956
0 0.726276923076923 0.4428840125391849 0.04803846153846157 0.09957157784743988
0 0.8165 0.44489028213166143 0.04210000000000001 0.09899686520376176
0 0.9888461538461538 0.44670846394984326 0.022307692307692306 0.10553814002089865
0 0.2800846153846154 0.5362591431556949 0.04709230769230771 0.08584117032392898
0 0.07097692307692308 0.5388401253918494 0.04886923076923077 0.10817136886102402
0 0.1852230769230769 0.541128526645768 0.046292307692307695 0.10932079414838042
0 0.021015384615384616 0.5417032392894462 0.04088461538461538 0.10932079414838042
0 0.9337 0.5419540229885057 0.05301538461538467 0.09838035527690704
0 0.23202307692307692 0.5422675026123303 0.043738461538461545 0.10932079414838031
0 0.8866923076923078 0.5442424242424243 0.0492384615384617 0.10410658307210024
0 0.4206846153846154 0.5448798328108674 0.04596153846153846 0.1071577847439916
0 0.1219846153846154 0.545705329153605 0.052223076923076914 0.10473354231974924
0 0.7050923076923077 0.5462486938349007 0.050238461538461496 0.1098850574712644
0 0.37033846153846156 0.5466875653082549 0.04725384615384612 0.10806687565308257
0 0.8417923076923076 0.5468234064785789 0.045461538461538394 0.1012434691745037
0 0.32553076923076923 0.5475966562173459 0.04560769230769228 0.10263322884012542
0 0.7505230769230768 0.5485475444096134 0.0425538461538461 0.1012434691745037
0 0.5156461538461539 0.5487251828631139 0.0472538461538462 0.10942528735632187
0 0.5633230769230769 0.5494148380355276 0.04329999999999997 0.1053605015673981
0 0.6094692307692308 0.5494148380355276 0.047615384615384684 0.1098850574712644
0 0.7945769230769231 0.5502612330198537 0.04380000000000004 0.10238244514106586
0 0.4675 0.5521212121212121 0.04560769230769228 0.11168234064785783
0 0.6576153846153846 0.5541692789968652 0.044592307692307716 0.10580982236154649
0 0.9765384615384616 0.5553814002089864 0.04692307692307692 0.10553814002089865
0 0.0754 0.6464994775339603 0.0594076923076923 0.11270637408568433
0 0.21874615384615384 0.6507941483803552 0.04585384615384616 0.10640543364681287
0 0.023076923076923078 0.6509926854754441 0.046153846153846156 0.11285266457680251
0 0.17194615384615386 0.6513688610240335 0.0425 0.10983281086729352
0 0.9360230769230768 0.6519749216300941 0.05428461538461551 0.11220480668756543
0 0.8833307692307691 0.6519853709508883 0.04840769230769218 0.10877742946708455
0 0.7395153846153846 0.6525496342737722 0.04668461538461543 0.10532915360501563
0 0.12767692307692308 0.6528004179728318 0.04589230769230771 0.11040752351097187
0 0.8340000000000001 0.6545559038662486 0.05095384615384599 0.11506792058516209
0 0.4003 0.6556948798328108 0.046323076923076946 0.11391849529780562
0 0.35176153846153846 0.6565621734587253 0.04961538461538462 0.11335423197492164
0 0.6912461538461538 0.6568443051201672 0.05134615384615385 0.10475444096133751
0 0.2937923076923077 0.6591327063740856 0.0551153846153846 0.11391849529780562
0 0.7874153846153845 0.6597074190177639 0.045499999999999985 0.1081922675026123
0 0.5957538461538462 0.660282131661442 0.051807692307692235 0.10933124346917437
0 0.5434307692307693 0.6622884012539184 0.05089230769230776 0.11563218390804607
0 0.9786846153846154 0.6628631138975967 0.04262307692307681 0.10419017763845353
0 0.44688461538461544 0.6631452455590386 0.0425076923076923 0.10704284221525606
0 0.6446615384615384 0.6668652037617555 0.045038461538461506 0.10760710553814004
0 0.4922076923076923 0.6674399164054337 0.04712307692307691 0.11104493207941482
0 0.06905384615384615 0.7587878787878788 0.04503076923076922 0.10701149425287365
0 0.1711153846153846 0.7619331243469174 0.057699999999999994 0.11100313479623826
0 0.24236153846153846 0.7645141065830721 0.05092307692307696 0.11386624869383492
0 0.01986153846153846 0.7650888192267503 0.03972307692307692 0.10701149425287365
0 0.9345538461538462 0.7653709508881923 0.04374615384615376 0.11100313479623826
0 0.7315076923076923 0.7659352142110762 0.05006153846153841 0.11329153605015682
0 0.8742615384615384 0.7668025078369907 0.04967692307692302 0.10928944618599783
0 0.8259923076923077 0.7679519331243468 0.05264615384615389 0.11157784743991637
0 0.3393307692307692 0.7688087774294671 0.0475076923076923 0.10871473354231971
0 0.11862307692307693 0.7699477533960293 0.04971538461538461 0.11329153605015682
0 0.3882846153846154 0.7699477533960293 0.04674615384615383 0.10870428422152557
0 0.4355 0.7705224660397074 0.04420000000000003 0.10870428422152557
0 0.7787230769230771 0.7710971786833857 0.04330000000000006 0.10411703239289456
0 0.2921076923076923 0.7722361546499478 0.049215384615384626 0.11100313479623826
0 0.5815846153846154 0.7733855799373041 0.04539999999999999 0.11099268547544412
0 0.9780538461538462 0.7736781609195402 0.04389230769230765 0.1127168234064787
0 0.5324692307692308 0.7739602925809822 0.045838461538461474 0.1052664576802508
0 0.48377692307692305 0.7742424242424243 0.047969230769230695 0.10469174503657268
0 0.6792307692307692 0.7768234064785788 0.05093076923076926 0.10640543364681287
0 0.6301153846153846 0.7776802507836991 0.04631538461538464 0.10926854754440955
0 0.02 0.8610240334378265 0.04 0.08568443051201671
0 0.0661 0.8624451410658307 0.05093076923076922 0.08519331243469172
0 0.9046153846153846 0.8633019853709508 0.04713076923076922 0.0846185997910136
0 0.21326923076923077 0.8633019853709508 0.04503076923076922 0.08460815047021947
0 0.1652076923076923 0.8635841170323929 0.048430769230769215 0.08518286311389758
0 0.8552923076923078 0.8653082549634274 0.04378461538461544 0.08289446185997902
0 0.1182 0.8653082549634274 0.04718461538461537 0.07716823406478569
0 0.9518384615384616 0.8655903866248694 0.045423076923077066 0.07888192267502614
0 0.7081076923076923 0.8655903866248694 0.05218461538461532 0.08002089864158822
0 0.3104461538461538 0.8664472309299897 0.047946153846153874 0.07601880877742946
0 0.8070153846153846 0.8670219435736677 0.04506923076923079 0.07716823406478569
0 0.5520692307692308 0.8675966562173458 0.05300000000000007 0.07715778474399156
0 0.4074692307692308 0.8678787878787878 0.048846153846153845 0.07773249738766991
0 0.5031692307692308 0.8678787878787878 0.04627692307692314 0.07544409613375136
0 0.45636923076923075 0.8684535005224661 0.04713846153846152 0.0731556948798328
0 0.3591923076923077 0.868735632183908 0.04676153846153843 0.07371995820271678
0 0.26133076923076926 0.8696029258098223 0.048384615384615366 0.07544409613375136
0 0.6046076923076923 0.8707419017763844 0.048430769230769256 0.06970741901776388
0 0.6545692307692308 0.8707419017763844 0.04714615384615382 0.07200626959247658
0 0.7563769230769231 0.8721734587251828 0.044146153846153925 0.06570532915360514