0 0.9256535947712419 0.2997711670480549 0.10620915032679738 0.2402745995423341
0 0.6821895424836601 0.34553775743707094 0.27450980392156865 0.28832951945080093
0 0.8431372549019608 0.31922196796338675 0.11601307189542484 0.2631578947368421
0 0.4297385620915033 0.408466819221968 0.25980392156862747 0.2814645308924485
0 0.2622549019607843 0.44279176201373 0.08823529411764706 0.21739130434782608
0 0.19444444444444445 0.4610983981693364 0.08333333333333333 0.2128146453089245
0 0.12009803921568628 0.4759725400457666 0.08333333333333333 0.2128146453089245
0 0.04084967320261438 0.4919908466819222 0.08169934640522876 0.2242562929061785
0 0.7794117647058824 0.568649885583524 0.10294117647058823 0.2425629290617849
0 0.9093137254901961 0.5446224256292906 0.18137254901960784 0.2791762013729977
0 0.5187908496732027 0.6212814645308925 0.10457516339869281 0.2425629290617849
0 0.6919934640522876 0.5915331807780321 0.10620915032679738 0.2448512585812357
0 0.4387254901960784 0.6361556064073226 0.09477124183006536 0.2334096109839817
0 0.20261437908496732 0.6784897025171625 0.23529411764705882 0.2608695652173913
0 0.6062091503267973 0.6098398169336384 0.10294117647058823 0.2494279176201373
0 0.051470588235294115 0.7059496567505721 0.08006535947712418 0.2128146453089245
0 0.36437908496732024 0.6544622425629291 0.09313725490196079 0.2288329519450801
0 0.06781045751633986 0.9004576659038902 0.08660130718954248 0.19908466819221968
0 0.2238562091503268 0.8935926773455377 0.08823529411764706 0.2128146453089245
0 0.2957516339869281 0.8867276887871853 0.08823529411764706 0.22654462242562928
0 0.4526143790849673 0.8649885583524027 0.2565359477124183 0.2700228832951945
0 0.14133986928104575 0.9016018306636155 0.09640522875816994 0.19679633867276888
0 0.7026143790849673 0.8249427917620137 0.2761437908496732 0.28832951945080093
0 0.9591503267973857 0.7803203661327232 0.08169934640522876 0.2517162471395881
0 0.8782679738562091 0.7986270022883295 0.11437908496732026 0.2448512585812357
0 0.755718954248366 0.10411899313501144 0.10620915032679738 0.20823798627002288
0 0.8815359477124183 0.10068649885583524 0.18790849673202614 0.20137299771167047
0 0.6715686274509803 0.11899313501144165 0.10784313725490197 0.23569794050343248
0 0.49754901960784315 0.15560640732265446 0.10620915032679738 0.2334096109839817
0 0.5898692810457516 0.14988558352402745 0.10130718954248366 0.2288329519450801
0 0.4166666666666667 0.18421052631578946 0.09640522875816994 0.23569794050343248
0 0.33986928104575165 0.2036613272311213 0.08823529411764706 0.2311212814645309
0 0.1895424836601307 0.2459954233409611 0.2369281045751634 0.2517162471395881
0 0.035130718954248366 0.2768878718535469 0.07026143790849673 0.2151029748283753