0 0.8058605664488017 0.22869281045751635 0.09636165577342051 0.110718954248366
0 0.3843355119825708 0.22929738562091506 0.10640522875816988 0.1308169934640523
0 0.9036601307189542 0.23405228758169935 0.11228758169934633 0.1189052287581699
0 0.09429193899782136 0.23465686274509806 0.10235294117647056 0.11003267973856212
0 0.28318082788671023 0.23591503267973857 0.08546840958605666 0.11506535947712421
0 0.6946187363834422 0.2381372549019608 0.10061002178649227 0.12205882352941175
0 0.5947276688453159 0.23970588235294116 0.09394335511982571 0.11764705882352941
0 0.19629629629629627 0.24 0.09474945533769065 0.1081372549019608
0 0.49178649237472766 0.24377450980392157 0.10468409586056647 0.12073529411764704
0 0.8268409586056644 0.3448529411764706 0.09468409586056653 0.11506535947712421
0 0.09934640522875819 0.34866013071895424 0.0906100217864924 0.11638888888888892
0 0.3029193899782135 0.35433006535947714 0.09472766884531592 0.12142156862745099
0 0.02716775599128541 0.35495098039215683 0.0537037037037037 0.11261437908496735
0 0.7093246187363834 0.35524509803921567 0.09808278867102392 0.1081372549019608
0 0.609847494553377 0.35619281045751633 0.10400871459694991 0.12009803921568628
0 0.19755991285403052 0.3562091503267974 0.10736383442265796 0.12519607843137256
0 0.9166666666666666 0.357124183006536 0.0963180827886711 0.11065359477124187
0 0.4044880174291939 0.35810457516339866 0.10139433551198261 0.1189052287581699
0 0.5085838779956426 0.36377450980392156 0.09294117647058817 0.11008169934640524
0 0.967843137254902 0.4642156862745098 0.06431372549019604 0.10442810457516334
0 0.8746840958605665 0.46673202614379083 0.0980174291938998 0.10946078431372551
0 0.7781481481481481 0.4673692810457516 0.10141612200435719 0.11450980392156865
0 0.060740740740740734 0.46795751633986926 0.10572984749455339 0.11821895424836605
0 0.6715468409586057 0.47083333333333327 0.09810457516339863 0.11638888888888892
0 0.3721786492374728 0.4739542483660131 0.09721132897603486 0.11003267973856215
0 0.2743790849673203 0.4742647058823529 0.09640522875816994 0.11065359477124187
0 0.4737472766884531 0.4752124183006536 0.09381263616557735 0.11003267973856215
0 0.17154684095860565 0.47552287581699343 0.10904139433551197 0.11570261437908493
0 0.5744880174291939 0.4821895424836602 0.09376906318082787 0.11013071895424834
0 0.08507625272331154 0.5819771241830065 0.09566448801742919 0.1069281045751633
0 0.8692374727668846 0.5879248366013072 0.09215686274509793 0.11254901960784312
0 0.7756427015250544 0.588251633986928 0.09135076252723301 0.11570261437908488
0 0.2802614379084967 0.588578431372549 0.09472766884531592 0.11385620915032671
0 0.6791067538126361 0.5895098039215686 0.09307189542483667 0.11066993464052291
0 0.3797385620915033 0.5901633986928104 0.09553376906318088 0.11449346405228766
0 0.9665795206971678 0.5907679738562092 0.06684095860566439 0.11821895424836605
0 0.17993464052287583 0.5920424836601307 0.09729847494553376 0.11070261437908496
0 0.4787799564270152 0.5923692810457516 0.10220043572984742 0.10630718954248357
0 0.5803703703703703 0.5958169934640523 0.09209150326797381 0.11321895424836595
0 0.8150980392156862 0.6966013071895425 0.09470588235294124 0.12460784313725488
0 0.12453159041394335 0.6971895424836602 0.10067538126361658 0.11442810457516335
0 0.7063834422657952 0.6972385620915033 0.095599128540305 0.10446078431372541
0 0.41372549019607846 0.7012745098039216 0.08627450980392162 0.10875816993464062
0 0.22359477124183005 0.7019117647058823 0.0989542483660131 0.10624183006535945
0 0.5102614379084968 0.7034803921568628 0.09631808278867098 0.10813725490196088
0 0.32684095860566453 0.7041176470588235 0.08546840958605668 0.10687908496732021
0 0.035555555555555556 0.7041176470588235 0.06882352941176471 0.10562091503267972
0 0.6030283224400872 0.7047385620915033 0.09710239651416126 0.10687908496732021
0 0.9187799564270153 0.706045751633987 0.09213507625272323 0.11454248366013076
0 0.9742265795206972 0.8010294117647059 0.051546840958605594 0.09818627450980388
0 0.8033551198257081 0.8055228758169934 0.09973856209150321 0.10692810457516348
0 0.7005010893246186 0.8077287581699345 0.093921568627451 0.1163725490196078
0 0.8994553376906319 0.8077287581699346 0.09215686274509793 0.09245098039215693
0 0.6073202614379085 0.814656862745098 0.09226579520697173 0.1163725490196078
0 0.514880174291939 0.8190849673202614 0.09712418300653591 0.10254901960784313
0 0.42379084967320263 0.8197058823529412 0.09633986928104568 0.10883986928104578
0 0.32095860566448803 0.8225490196078431 0.09888888888888886 0.10444444444444446
0 0.10773420479302832 0.8256862745098039 0.10235294117647056 0.11828431372549017
0 0.02616557734204793 0.8269444444444443 0.05233115468409586 0.12205882352941175
0 0.20888888888888887 0.8291503267973857 0.09978213507625275 0.10758169934640528
0 0.8029193899782135 0.9087745098039215 0.09050108932461866 0.09428104575163405
0 0.9001307189542485 0.911748366013072 0.10013071895424845 0.1358006535947711
0 0.9755773420479303 0.9172385620915033 0.04884531590413935 0.1326960784313726
0 0.42379084967320263 0.9179248366013072 0.09128540305010888 0.09746732026143806
0 0.705119825708061 0.9185294117647058 0.09139433551198267 0.10246732026143797
0 0.6127886710239651 0.9245261437908496 0.08640522875816986 0.10183006535947701
0 0.3276688453159042 0.9276797385620915 0.08546840958605668 0.0980882352941176
0 0.513202614379085 0.9279901960784313 0.09712418300653597 0.10753267973856201
0 0.23281045751633986 0.9286274509803922 0.09893246187363834 0.10501633986928102
0 0.03287581699346405 0.9383823529411764 0.0657516339869281 0.10437908496732044
0 0.12956427015250543 0.9383823529411764 0.10233115468409586 0.10312091503267957
0 0.7936601307189542 0.09707516339869281 0.10557734204793036 0.1270751633986928
0 0.07163398692810458 0.10684640522875817 0.0973202614379085 0.11892156862745099
0 0.8981917211328976 0.1074673202614379 0.1063834422657953 0.11888888888888892
0 0.37132897603485837 0.10779411764705882 0.09718954248366016 0.12583333333333332
0 0.47248366013071896 0.10872549019607844 0.10135076252723307 0.12772875816993462
0 0.6799128540305011 0.11437908496732026 0.10311546840958614 0.12140522875816995
0 0.2735294117647059 0.11723856209150327 0.09806100217864924 0.11702614379084968
0 0.5757298474945534 0.11849673202614379 0.0962527233115468 0.11702614379084968
0 0.18076252723311548 0.12604575163398693 0.095599128540305 0.11575163398692812