0 0.1587091503267974 0.2684313725490196 0.042385620915032673 0.10125000000000003
0 0.24436274509803924 0.26950980392156865 0.04073529411764707 0.09757352941176474
0 0.20277777777777778 0.27036764705882355 0.04044117647058824 0.09254901960784312
0 0.07104575163398692 0.2732598039215686 0.04081699346405229 0.0993137254901961
0 0.11607843137254903 0.2747058823529412 0.04143790849673201 0.09737745098039213
0 0.6776797385620915 0.27688725490196076 0.04326797385620918 0.10144607843137252
0 0.5906699346405229 0.278235294117647 0.04176470588235285 0.09975490196078436
0 0.46197712418300657 0.27877450980392154 0.03991830065359469 0.10083333333333337
0 0.631781045751634 0.27987745098039213 0.03955882352941183 0.09757352941176471
0 0.8911601307189543 0.27990196078431373 0.0407026143790851 0.09762254901960787
0 0.9351960784313726 0.28044117647058825 0.04214052287581693 0.09872549019607843
0 0.02810457516339869 0.28098039215686277 0.04116013071895425 0.09350490196078433
0 0.7199019607843137 0.2812745098039216 0.03960784313725492 0.10034313725490199
0 0.7590196078431373 0.28262254901960787 0.037777777777777785 0.09107843137254898
0 0.8472712418300653 0.2839950980392157 0.043202614379085055 0.10144607843137252
0 0.2903921568627451 0.2858823529411765 0.04253267973856214 0.09318627450980395
0 0.9777614379084967 0.28644607843137254 0.04065359477124201 0.0965441176470588
0 0.5473529411764706 0.2866911764705882 0.04397058823529407 0.10029411764705887
0 0.5042320261437908 0.28696078431372546 0.04799019607843138 0.10301470588235294
0 0.41939542483660136 0.28997549019607843 0.042124183006535906 0.10029411764705887
0 0.3297058823529412 0.2907843137254902 0.04398692810457519 0.09975490196078436
0 0.3755555555555556 0.2929656862745098 0.043235294117647025 0.1008333333333333
0 0.8023202614379085 0.29627450980392156 0.040669934640522855 0.0976225490196078
0 0.19151960784313724 0.37149509803921565 0.04880718954248364 0.09985294117647062
0 0.14890522875816992 0.3772794117647059 0.0388562091503268 0.09693627450980395
0 0.10949346405228759 0.3789705882352941 0.03919934640522876 0.09549019607843132
0 0.2359640522875817 0.3792156862745098 0.045016339869281066 0.1017647058823529
0 0.024722222222222225 0.3804166666666667 0.04598039215686275 0.10031862745098041
0 0.6616830065359477 0.3813970588235294 0.041797385620915097 0.09936274509803926
0 0.06975490196078431 0.38210784313725493 0.04274509803921568 0.09887254901960778
0 0.9226307189542483 0.3822549019607843 0.04104575163398675 0.09813725490196083
0 0.579281045751634 0.38235294117647056 0.04433006535947712 0.10321078431372552
0 0.8795098039215686 0.38306372549019607 0.0407026143790851 0.09757352941176471
0 0.7503104575163398 0.3842892156862745 0.040147058823529494 0.09936274509803926
0 0.9663071895424836 0.3844362745098039 0.04393790849673219 0.09267156862745099
0 0.44593137254901966 0.3847794117647059 0.04599673202614375 0.10127450980392155
0 0.621421568627451 0.38573529411764707 0.03787581699346397 0.09644607843137261
0 0.5351960784313726 0.38669117647058826 0.04176470588235285 0.09838235294117643
0 0.7063888888888888 0.38718137254901963 0.04114379084967312 0.10225490196078424
0 0.27955882352941175 0.38862745098039214 0.0395424836601307 0.09838235294117643
0 0.49080065359477126 0.389828431372549 0.04629084967320268 0.09404411764705883
0 0.32042483660130716 0.39296568627450984 0.03887254901960788 0.10029411764705887
0 0.403578431372549 0.3961029411764706 0.0423692810457516 0.09499999999999997
0 0.7929411764705881 0.396593137254902 0.040457516339869264 0.09598039215686267
0 0.36014705882352943 0.39779411764705885 0.04303921568627447 0.09933823529411757
0 0.8345915032679738 0.39828431372549017 0.040751633986928194 0.09933823529411757
0 0.19666666666666666 0.47789215686274505 0.041078431372549046 0.09642156862745092
0 0.15485294117647058 0.47982843137254905 0.041748366013071914 0.10125
0 0.112859477124183 0.48080882352941173 0.04401960784313725 0.09835784313725489
0 0.2404738562091503 0.4815196078431373 0.0443790849673203 0.097843137254902
0 0.6180392156862745 0.48514705882352943 0.04076797385620923 0.09639705882352938
0 0.6623202614379085 0.4853676470588235 0.043725490196078416 0.10075980392156866
0 0.8766339869281046 0.48598039215686273 0.043970588235294254 0.0989705882352941
0 0.0675 0.4861029411764706 0.04467320261437909 0.10026960784313732
0 0.9208823529411765 0.4866176470588235 0.040980392156862624 0.0926225490196079
0 0.45075163398692814 0.4875490196078431 0.04148692810457514 0.09833333333333334
0 0.4925816993464052 0.4880392156862745 0.04274509803921563 0.09833333333333334
0 0.7517483660130719 0.4880392156862745 0.037892156862745184 0.09544117647058822
0 0.5757352941176471 0.48850490196078433 0.043676470588235324 0.0973774509803922
0 0.02246732026143791 0.48875 0.04468954248366013 0.10365196078431378
0 0.5335947712418301 0.48899509803921565 0.04241830065359483 0.10026960784313718
0 0.2819771241830065 0.4899509803921569 0.044362745098039176 0.09833333333333334
0 0.7078431372549019 0.49019607843137253 0.04081699346405232 0.09977941176470584
0 0.9591830065359477 0.4917156862745098 0.0380065359477124 0.09769607843137258
0 0.4074346405228758 0.4955147058823529 0.04751633986928102 0.09686274509803917
0 0.32362745098039214 0.4967156862745098 0.04145424836601308 0.09639705882352938
0 0.7916503267973857 0.4986519607843137 0.039820261437908504 0.09446078431372554
0 0.8328267973856209 0.5012990196078432 0.03658496732026142 0.09590686274509803
0 0.3668954248366013 0.5037009803921568 0.04560457516339873 0.10073529411764712
0 0.19650326797385623 0.5771078431372549 0.04526143790849674 0.09598039215686281
0 0.6212581699346404 0.5833823529411765 0.03883986928104572 0.09598039215686281
0 0.24031045751633986 0.5855637254901961 0.04148692810457514 0.09936274509803926
0 0.9240686274509804 0.585563725490196 0.04851307189542493 0.09742647058823523
0 0.10787581699346405 0.5857843137254902 0.041127450980392145 0.1017647058823529
0 0.5800816993464052 0.5858088235294118 0.040147058823529494 0.0930882352941177
0 0.7567320261437909 0.5862745098039216 0.044640522875817074 0.09789215686274502
0 0.6677777777777778 0.5867647058823531 0.04049019607843133 0.10080882352941183
0 0.24908496732026145 0.06017156862745099 0.04583333333333335 0.1080392156862745
0 0.11769607843137254 0.06017156862745098 0.04145424836601308 0.09502450980392158
0 0.20503267973856212 0.06041666666666666 0.04687908496732028 0.10708333333333332
0 0.06493464052287581 0.5886764705882354 0.04081699346405229 0.09595588235294113
0 0.1505065359477124 0.5894117647058823 0.04334967320261438 0.09549019607843132
0 0.44496732026143787 0.589656862745098 0.04534313725490196 0.099828431372549
0 0.8822385620915032 0.5899019607843138 0.0433823529411764 0.09644607843137261
0 0.2814869281045752 0.5915931372549019 0.03888888888888891 0.08921568627450975
0 0.49 0.5915931372549019 0.04017973856209155 0.09404411764705883
0 0.5364869281045751 0.5915931372549019 0.04369281045751636 0.09887254901960792
0 0.7097549019607843 0.5918382352941177 0.04080065359477129 0.09742647058823536
0 0.02423202614379085 0.5932598039215686 0.04116013071895425 0.1002941176470588
0 0.32122549019607843 0.5949754901960784 0.03983660130718954 0.0901960784313725
0 0.9697385620915033 0.5951960784313725 0.0414052287581698 0.09644607843137254
0 0.7985947712418301 0.5978676470588236 0.038905228758169846 0.09595588235294113
0 0.4019771241830065 0.6002696078431372 0.04109477124183003 0.09693627450980395
0 0.8384803921568627 0.6019607843137255 0.03888888888888881 0.09549019607843132
0 0.3630392156862745 0.6075245098039216 0.042385620915032673 0.09306372549019615
0 0.1628921568627451 0.06306372549019608 0.045604575163398685 0.09985294117647059
0 0.07281045751633987 0.06450980392156863 0.045653594771241826 0.10080882352941178
0 0.6400163398692811 0.06779411764705882 0.04000000000000003 0.09928921568627451
0 0.6805882352941176 0.06779411764705882 0.042516339869281015 0.09928921568627451
0 0.19217320261437912 0.682328431372549 0.03851307189542485 0.09791666666666678
0 0.6267647058823529 0.6851960784313725 0.042761437908496666 0.09495098039215688
0 0.5813725490196079 0.6856862745098039 0.042075163398692814 0.09688725490196072
0 0.031633986928104575 0.06862745098039216 0.037941176470588235 0.10225490196078431
0 0.5974346405228758 0.06889705882352941 0.04147058823529411 0.10257352941176469
0 0.0675 0.6878921568627452 0.045326797385620905 0.0974264705882353
0 0.6698692810457516 0.6880882352941177 0.03759803921568626 0.09688725490196072
0 0.11222222222222224 0.6881127450980392 0.040163398692810444 0.09404411764705883
0 0.7572058823529412 0.6890686274509804 0.0481699346405229 0.1017156862745098
0 0.23339869281045753 0.6897794117647059 0.041160130718954246 0.09931372549019603
0 0.27810457516339865 0.6897794117647059 0.04114379084967321 0.09931372549019603
0 0.15099673202614378 0.6898039215686275 0.041111111111111105 0.09453431372549032
0 0.45509803921568626 0.6919607843137254 0.04052287581699339 0.1017156862745098
0 0.49563725490196076 0.6924509803921568 0.04370915032679738 0.09977941176470598
0 0.024395424836601308 0.6924754901960783 0.04212418300653595 0.0930882352941177
0 0.7118464052287581 0.6953431372549019 0.0424019607843138 0.09977941176470598
0 0.538578431372549 0.6958088235294118 0.04209150326797384 0.09688725490196072
0 0.934673202614379 0.6970343137254902 0.035637254901960694 0.09833333333333334
0 0.9778921568627451 0.6970343137254902 0.044199346405228684 0.09639705882352952
0 0.8022875816993464 0.6977450980392157 0.043088235294117656 0.09879901960784328
0 0.8947875816993465 0.6989460784313726 0.04272875816993479 0.09639705882352952
0 0.3237908496732026 0.6991911764705881 0.04562091503267977 0.09784313725490186
0 0.40985294117647064 0.7013725490196079 0.04333333333333335 0.0973774509803922
0 0.8511928104575163 0.7023284313725491 0.03985294117647066 0.0896323529411766
0 0.3670588235294117 0.705 0.040784313725490164 0.09399509803921574
0 0.934281045751634 0.07352941176470588 0.039591503267973886 0.09436274509803921
0 0.4700326797385621 0.07382352941176472 0.044362745098039176 0.10149509803921568
0 0.8915196078431373 0.07490196078431373 0.042875816993464065 0.10147058823529412
0 0.7644771241830065 0.07598039215686274 0.0399346405228759 0.09492647058823526
0 0.7229901960784314 0.07654411764705882 0.04140522875816999 0.09492647058823529
0 0.2947549019607843 0.07735294117647058 0.04398692810457519 0.10313725490196078
0 0.5122385620915033 0.07791666666666666 0.039983660130718995 0.09877450980392156
0 0.55609477124183 0.07955882352941177 0.04249999999999998 0.09877450980392156
0 0.8070424836601308 0.07980392156862745 0.04065359477124182 0.10036764705882353
0 0.8500326797385621 0.08034313725490197 0.04071895424836604 0.09708333333333333
0 0.4265359477124183 0.08036764705882353 0.04766339869281044 0.1047549019607843
0 0.5881209150326797 0.7873039215686275 0.040147058823529494 0.09355392156862735
0 0.10772875816993466 0.7904166666666667 0.04594771241830066 0.09977941176470598
0 0.19313725490196076 0.790906862745098 0.04236928104575162 0.09593137254901958
0 0.06333333333333332 0.7911519607843138 0.03888888888888888 0.09448529411764695
0 0.02246732026143791 0.7923529411764705 0.04019607843137255 0.09593137254901958
0 0.6320424836601307 0.7923774509803923 0.04302287581699353 0.09982843137254907
0 0.757859477124183 0.7926225490196078 0.04176470588235285 0.09936274509803912
0 0.2387091503267974 0.7931127450980392 0.04534313725490196 0.10321078431372552
0 0.15083333333333335 0.7937990196078432 0.042712418300653573 0.09688725490196072
0 0.2819771241830065 0.7957598039215686 0.041797385620915006 0.09598039215686267
0 0.49772875816993467 0.796470588235294 0.03825163398692805 0.10127450980392169
0 0.6759967320261437 0.7974509803921569 0.04147058823529411 0.10416666666666667
0 0.7163725490196079 0.7981617647058823 0.03790849673202622 0.09115196078431385
0 0.5435620915032681 0.7986519607843138 0.04370915032679738 0.10367647058823519
0 0.45521241830065357 0.7988970588235293 0.0381699346405229 0.09644607843137261
0 0.7983986928104575 0.7998529411764705 0.04238562091503277 0.09936274509803912
0 0.4151633986928105 0.800343137254902 0.03916666666666662 0.09549019607843146
0 0.9769771241830065 0.8005882352941176 0.041078431372549185 0.10272058823529404
0 0.9308169934640522 0.8027450980392157 0.04334967320261433 0.09933823529411757
0 0.8450816993464053 0.805171568627451 0.0392156862745098 0.09740196078431375
0 0.36947712418300654 0.8058823529411765 0.039820261437908504 0.09789215686274495
0 0.3268464052287582 0.8063725490196079 0.04723856209150331 0.09210784313725501
0 0.8883496732026143 0.807328431372549 0.03758169934640523 0.09210784313725501
0 0.9761274509803921 0.08090686274509803 0.04467320261437895 0.10147058823529409
0 0.33952614379084967 0.08200980392156863 0.041797385620915006 0.10039215686274508
0 0.3822875816993464 0.08610294117647059 0.03923202614379084 0.09985294117647057
0 0.19828431372549019 0.8908333333333333 0.04044117647058824 0.09497549019607843
0 0.11544117647058824 0.8949264705882353 0.04080065359477124 0.08968137254901969
0 0.5861928104575164 0.8958823529411765 0.040147058823529494 0.09350490196078426
0 0.07457516339869281 0.895906862745098 0.03952614379084967 0.0935294117647058
0 0.1587091503267974 0.8971078431372549 0.038529411764705854 0.09208333333333346
0 0.4563888888888889 0.8980392156862744 0.04052287581699339 0.09977941176470598
0 0.03405228758169935 0.8985539215686275 0.04405228758169935 0.09691176470588227
0 0.24256535947712415 0.8992647058823529 0.04084967320261438 0.0973774509803922
0 0.2859967320261438 0.8997549019607843 0.04210784313725487 0.0973774509803922
0 0.7179738562091503 0.8999754901960785 0.04049019607843133 0.09688725490196072
0 0.6331699346405228 0.9002205882352942 0.04140522875816999 0.10411764705882358
0 0.9782189542483659 0.9009558823529411 0.043562091503268105 0.08916666666666666
0 0.5007843137254903 0.9014215686274509 0.04243464052287586 0.09590686274509803
0 0.41467320261437907 0.9043382352941177 0.0414052287581699 0.1017156862745098
0 0.9313071895424837 0.9043382352941177 0.035310457516339704 0.09107843137254894
0 0.3300653594771242 0.9067401960784314 0.03950980392156864 0.09977941176470598
0 0.5434150326797386 0.9072303921568627 0.03952614379084976 0.0939705882352942
0 0.852483660130719 0.9086764705882353 0.04178104575163397 0.09107843137254894
0 0.6747058823529412 0.9091666666666667 0.04210784313725487 0.09590686274509803
0 0.7699346405228757 0.9098774509803922 0.038856209150326754 0.10026960784313718
0 0.8963888888888889 0.9098774509803922 0.039509803921568734 0.09350490196078426
0 0.8101470588235294 0.9106127450980391 0.04076797385620923 0.09205882352941164
0 0.37269607843137254 0.9135049019607843 0.041748366013071914 0.09301470588235305
0 0.15919934640522876 0.16730392156862747 0.04078431372549021 0.09399509803921567
0 0.24673202614379086 0.16769607843137255 0.041111111111111154 0.09708333333333331
0 0.2018300653594771 0.16995098039215686 0.04236928104575162 0.09833333333333334
0 0.1175326797385621 0.1711764705882353 0.03919934640522876 0.09497549019607843
0 0.6758496732026144 0.17151960784313727 0.041797385620915097 0.10142156862745097
0 0.03259803921568628 0.1733578431372549 0.044379084967320265 0.09549019607843139
0 0.07635620915032679 0.17526960784313728 0.040506535947712426 0.09254901960784312
0 0.46197712418300657 0.1758823529411765 0.04065359477124182 0.09161764705882351
0 0.9317320261437909 0.1758823529411765 0.04104575163398675 0.10249999999999998
0 0.7184313725490196 0.1772549019607843 0.04104575163398694 0.10088235294117646
0 0.5899346405228758 0.17862745098039215 0.04176470588235285 0.09598039215686274
0 0.7610130718954249 0.17887254901960786 0.038856209150326754 0.10306372549019606
0 0.6321568627450981 0.17916666666666664 0.04246732026143792 0.09379901960784316
0 0.8887908496732027 0.1794362745098039 0.03960784313725492 0.0964950980392157
0 0.5082352941176471 0.18161764705882352 0.040702614379084914 0.10308823529411765
0 0.2898529411764706 0.182156862745098 0.04290849673202613 0.10524509803921568
0 0.8473039215686273 0.1822058823529412 0.04035947712418308 0.09441176470588238
0 0.9761274509803921 0.1846078431372549 0.04102941176470572 0.09921568627450977
0 0.803954248366013 0.18487745098039218 0.043202614379085055 0.09977941176470591
0 0.5488071895424836 0.18490196078431373 0.038137254901960835 0.09870098039215688
0 0.33406862745098037 0.18544117647058822 0.041797385620915006 0.10198529411764708
0 0.4192156862745098 0.18708333333333332 0.041029411764705905 0.10198529411764704
0 0.37700980392156863 0.19090686274509805 0.04178104575163397 0.09870098039215688