0 0.14624183006535948 0.3137254901960784 0.04738562091503268 0.1053921568627451
0 0.23202614379084968 0.30392156862745096 0.0457516339869281 0.10294117647058823
0 0.190359477124183 0.31004901960784315 0.0457516339869281 0.09803921568627451
0 0.059640522875817 0.32965686274509803 0.0457516339869281 0.1053921568627451
0 0.10457516339869281 0.32598039215686275 0.04738562091503268 0.10294117647058823
0 0.6642156862745098 0.2549019607843137 0.049019607843137254 0.10784313725490197
0 0.5776143790849673 0.26715686274509803 0.04738562091503268 0.1053921568627451
0 0.4493464052287582 0.28431372549019607 0.0457516339869281 0.1053921568627451
0 0.6184640522875817 0.26348039215686275 0.0457516339869281 0.10294117647058823
0 0.8766339869281046 0.22916666666666666 0.0457516339869281 0.10294117647058823
0 0.920751633986928 0.22426470588235295 0.04738562091503268 0.10294117647058823
0 0.0196078431372549 0.3431372549019608 0.0392156862745098 0.09803921568627451
0 0.7066993464052288 0.2536764705882353 0.0457516339869281 0.1053921568627451
0 0.7450980392156863 0.25 0.042483660130718956 0.09558823529411764
0 0.8333333333333334 0.23897058823529413 0.049019607843137254 0.10784313725490197
0 0.2785947712418301 0.3137254901960784 0.04738562091503268 0.09803921568627451
0 0.9632352941176471 0.22426470588235295 0.0457516339869281 0.10049019607843138
0 0.5351307189542484 0.2818627450980392 0.049019607843137254 0.1053921568627451
0 0.4918300653594771 0.2867647058823529 0.05392156862745098 0.10784313725490197
0 0.4076797385620915 0.3014705882352941 0.04738562091503268 0.1053921568627451
0 0.31781045751633985 0.3137254901960784 0.049019607843137254 0.1053921568627451
0 0.36437908496732024 0.31004901960784315 0.049019607843137254 0.1053921568627451
0 0.7892156862745098 0.25735294117647056 0.0457516339869281 0.10294117647058823
0 0.1854575163398693 0.4117647058823529 0.05392156862745098 0.1053921568627451
0 0.14297385620915032 0.42401960784313725 0.04411764705882353 0.10049019607843138
0 0.10375816993464053 0.43014705882352944 0.04411764705882353 0.10049019607843138
0 0.2295751633986928 0.41421568627450983 0.05065359477124183 0.10784313725490197
0 0.02287581699346405 0.4424019607843137 0.0457516339869281 0.1053921568627451
0 0.6544117647058824 0.3602941176470588 0.04738562091503268 0.1053921568627451
0 0.06454248366013073 0.4387254901960784 0.049019607843137254 0.10294117647058823
0 0.9142156862745098 0.3272058823529412 0.04738562091503268 0.10294117647058823
0 0.5718954248366013 0.37254901960784315 0.05065359477124183 0.10784313725490197
0 0.8709150326797386 0.3333333333333333 0.0457516339869281 0.10294117647058823
0 0.7426470588235294 0.35171568627450983 0.0457516339869281 0.1053921568627451
0 0.9575163398692811 0.3235294117647059 0.049019607843137254 0.09803921568627451
0 0.4395424836601307 0.39215686274509803 0.05228758169934641 0.10784313725490197
0 0.6143790849673203 0.3700980392156863 0.04411764705882353 0.10049019607843138
0 0.5285947712418301 0.38235294117647056 0.04738562091503268 0.10294117647058823
0 0.6993464052287581 0.3602941176470588 0.04738562091503268 0.10784313725490197
0 0.27369281045751637 0.4178921568627451 0.0457516339869281 0.10294117647058823
0 0.48447712418300654 0.3909313725490196 0.05228758169934641 0.10049019607843138
0 0.3145424836601307 0.4166666666666667 0.04411764705882353 0.1053921568627451
0 0.397875816993464 0.40931372549019607 0.04738562091503268 0.10049019607843138
0 0.7859477124183006 0.3590686274509804 0.0457516339869281 0.10049019607843138
0 0.3545751633986928 0.4166666666666667 0.049019607843137254 0.1053921568627451
0 0.8276143790849673 0.3553921568627451 0.0457516339869281 0.1053921568627451
0 0.1968954248366013 0.5171568627450981 0.0457516339869281 0.10049019607843138
0 0.15522875816993464 0.5245098039215687 0.04738562091503268 0.1053921568627451
0 0.11356209150326797 0.5318627450980392 0.049019607843137254 0.10294117647058823
0 0.24019607843137256 0.5159313725490197 0.05065359477124183 0.10294117647058823
0 0.6168300653594772 0.4693627450980392 0.0457516339869281 0.10049019607843138
0 0.6609477124183006 0.4644607843137255 0.049019607843137254 0.1053921568627451
0 0.8741830065359477 0.4362745098039216 0.049019607843137254 0.1053921568627451
0 0.06862745098039216 0.5428921568627451 0.05065359477124183 0.1053921568627451
0 0.9183006535947712 0.43137254901960786 0.0457516339869281 0.09803921568627451
0 0.45016339869281047 0.49387254901960786 0.04738562091503268 0.10294117647058823
0 0.4918300653594771 0.4889705882352941 0.049019607843137254 0.10294117647058823
0 0.75 0.45465686274509803 0.042483660130718956 0.10049019607843138
0 0.5751633986928104 0.4791666666666667 0.049019607843137254 0.10294117647058823
0 0.024509803921568627 0.5502450980392157 0.049019607843137254 0.11029411764705882
0 0.5326797385620915 0.4840686274509804 0.04738562091503268 0.1053921568627451
0 0.2818627450980392 0.5183823529411765 0.05065359477124183 0.10294117647058823
0 0.7066993464052288 0.4632352941176471 0.0457516339869281 0.1053921568627451
0 0.9566993464052288 0.43137254901960786 0.04411764705882353 0.10294117647058823
0 0.4076797385620915 0.5073529411764706 0.05228758169934641 0.10294117647058823
0 0.3243464052287582 0.5196078431372549 0.04738562091503268 0.10049019607843138
0 0.7908496732026143 0.46078431372549017 0.0457516339869281 0.10049019607843138
0 0.8316993464052288 0.4583333333333333 0.042483660130718956 0.10049019607843138
0 0.36764705882352944 0.5208333333333334 0.05065359477124183 0.1053921568627451
0 0.20179738562091504 0.616421568627451 0.05065359477124183 0.10049019607843138
0 0.6258169934640523 0.5674019607843137 0.04411764705882353 0.10049019607843138
0 0.24591503267973855 0.6188725490196079 0.04738562091503268 0.1053921568627451
0 0.9272875816993464 0.5294117647058824 0.05392156862745098 0.10294117647058823
0 0.11437908496732026 0.6372549019607843 0.04738562091503268 0.10784313725490197
0 0.5849673202614379 0.5747549019607843 0.0457516339869281 0.09803921568627451
0 0.7606209150326797 0.5526960784313726 0.05065359477124183 0.10294117647058823
0 0.6723856209150327 0.5649509803921569 0.0457516339869281 0.1053921568627451
0 0.2246732026143791 0.09436274509803921 0.05228758169934641 0.11274509803921569
0 0.09395424836601307 0.11151960784313726 0.04738562091503268 0.10049019607843138
0 0.18055555555555555 0.10049019607843138 0.05228758169934641 0.11274509803921569
0 0.0718954248366013 0.6446078431372549 0.0457516339869281 0.10049019607843138
0 0.1568627450980392 0.6348039215686274 0.049019607843137254 0.10049019607843138
0 0.45016339869281047 0.5968137254901961 0.05065359477124183 0.1053921568627451
0 0.8856209150326797 0.5392156862745098 0.049019607843137254 0.10294117647058823
0 0.2875816993464052 0.6200980392156863 0.04411764705882353 0.09313725490196079
0 0.4950980392156863 0.5931372549019608 0.0457516339869281 0.09803921568627451
0 0.5416666666666666 0.5870098039215687 0.049019607843137254 0.1053921568627451
0 0.7140522875816994 0.5637254901960784 0.0457516339869281 0.10294117647058823
0 0.031862745098039214 0.6556372549019608 0.04738562091503268 0.1053921568627451
0 0.3276143790849673 0.6176470588235294 0.04411764705882353 0.09558823529411764
0 0.9738562091503268 0.5330882352941176 0.04738562091503268 0.10049019607843138
0 0.8031045751633987 0.5588235294117647 0.04411764705882353 0.10049019607843138
0 0.4084967320261438 0.6127450980392157 0.04738562091503268 0.10294117647058823
0 0.8431372549019608 0.5575980392156863 0.04411764705882353 0.10049019607843138
0 0.3700980392156863 0.625 0.04738562091503268 0.09803921568627451
0 0.1388888888888889 0.1090686274509804 0.05065359477124183 0.1053921568627451
0 0.049019607843137254 0.12254901960784313 0.05065359477124183 0.1053921568627451
0 0.6143790849673203 0.051470588235294115 0.0457516339869281 0.10294117647058823
0 0.6544117647058824 0.049019607843137254 0.04738562091503268 0.09803921568627451
0 0.2042483660130719 0.7218137254901961 0.04411764705882353 0.10294117647058823
0 0.6372549019607843 0.6678921568627451 0.04738562091503268 0.10049019607843138
0 0.5915032679738562 0.6740196078431373 0.04738562091503268 0.10294117647058823
0 0.014705882352941176 0.12990196078431374 0.029411764705882353 0.10784313725490197
0 0.5718954248366013 0.05759803921568627 0.04738562091503268 0.10784313725490197
0 0.08006535947712418 0.7438725490196079 0.05065359477124183 0.10294117647058823
0 0.6805555555555556 0.6654411764705882 0.042483660130718956 0.10049019607843138
0 0.125 0.7377450980392157 0.0457516339869281 0.09803921568627451
0 0.7671568627450981 0.6544117647058824 0.05392156862745098 0.10784313725490197
0 0.24509803921568626 0.7242647058823529 0.04738562091503268 0.1053921568627451
0 0.2900326797385621 0.7181372549019608 0.04738562091503268 0.1053921568627451
0 0.16339869281045752 0.7352941176470589 0.0457516339869281 0.10049019607843138
0 0.4665032679738562 0.6973039215686274 0.0457516339869281 0.10784313725490197
0 0.5065359477124183 0.6924019607843137 0.049019607843137254 0.1053921568627451
0 0.03758169934640523 0.7536764705882353 0.04738562091503268 0.09803921568627451
0 0.7222222222222222 0.6666666666666666 0.04738562091503268 0.1053921568627451
0 0.5498366013071896 0.6899509803921569 0.04738562091503268 0.10294117647058823
0 0.9444444444444444 0.6397058823529411 0.04084967320261438 0.10294117647058823
0 0.9812091503267973 0.6323529411764706 0.03758169934640523 0.10294117647058823
0 0.8129084967320261 0.6568627450980392 0.049019607843137254 0.10294117647058823
0 0.9052287581699346 0.6470588235294118 0.04738562091503268 0.10049019607843138
0 0.33578431372549017 0.7218137254901961 0.05065359477124183 0.10294117647058823
0 0.4215686274509804 0.7120098039215687 0.049019607843137254 0.10294117647058823
0 0.8619281045751634 0.6556372549019608 0.04411764705882353 0.09558823529411764
0 0.3790849673202614 0.7218137254901961 0.0457516339869281 0.09803921568627451
0 0.9076797385620915 0.03308823529411765 0.04411764705882353 0.0661764705882353
0 0.4452614379084967 0.07965686274509803 0.05065359477124183 0.10784313725490197
0 0.8643790849673203 0.0392156862745098 0.049019607843137254 0.0784313725490196
0 0.738562091503268 0.04656862745098039 0.0457516339869281 0.09313725490196079
0 0.6968954248366013 0.049019607843137254 0.04738562091503268 0.09803921568627451
0 0.27124183006535946 0.1053921568627451 0.049019607843137254 0.10784313725490197
0 0.4877450980392157 0.0784313725490196 0.0457516339869281 0.10294117647058823
0 0.5310457516339869 0.07352941176470588 0.04738562091503268 0.10294117647058823
0 0.7810457516339869 0.04656862745098039 0.0457516339869281 0.09313725490196079
0 0.8235294117647058 0.04411764705882353 0.0457516339869281 0.08823529411764706
0 0.4027777777777778 0.09191176470588236 0.05392156862745098 0.11029411764705882
0 0.6045751633986928 0.7745098039215687 0.0457516339869281 0.09803921568627451
0 0.12581699346405228 0.8406862745098039 0.05228758169934641 0.1053921568627451
0 0.21160130718954248 0.8296568627450981 0.04738562091503268 0.10049019607843138
0 0.08169934640522876 0.8468137254901961 0.04411764705882353 0.09803921568627451
0 0.041666666666666664 0.8541666666666666 0.0457516339869281 0.10049019607843138
0 0.6486928104575164 0.7745098039215687 0.049019607843137254 0.1053921568627451
0 0.7736928104575164 0.7573529411764706 0.04738562091503268 0.1053921568627451
0 0.2565359477124183 0.8259803921568627 0.05065359477124183 0.10784313725490197
0 0.16911764705882354 0.8382352941176471 0.04738562091503268 0.10294117647058823
0 0.29983660130718953 0.8235294117647058 0.04738562091503268 0.10049019607843138
0 0.5147058823529411 0.7953431372549019 0.04411764705882353 0.1053921568627451
0 0.6928104575163399 0.7732843137254902 0.04738562091503268 0.11029411764705882
0 0.7328431372549019 0.7683823529411765 0.042483660130718956 0.09558823529411764
0 0.5604575163398693 0.7916666666666666 0.049019607843137254 0.10784313725490197
0 0.4730392156862745 0.803921568627451 0.04411764705882353 0.10049019607843138
0 0.8145424836601307 0.7598039215686274 0.04738562091503268 0.1053921568627451
0 0.43300653594771243 0.8100490196078431 0.04411764705882353 0.10049019607843138
0 0.9844771241830066 0.7352941176470589 0.03104575163398693 0.10784313725490197
0 0.9468954248366013 0.7450980392156863 0.049019607843137254 0.1053921568627451
0 0.8611111111111112 0.758578431372549 0.04411764705882353 0.10294117647058823
0 0.3880718954248366 0.8223039215686274 0.0457516339869281 0.10294117647058823
0 0.34558823529411764 0.8284313725490197 0.05228758169934641 0.09803921568627451
0 0.9044117647058824 0.7549019607843137 0.042483660130718956 0.09558823529411764
0 0.9501633986928104 0.03676470588235294 0.05065359477124183 0.07352941176470588
0 0.3161764705882353 0.10416666666666667 0.04738562091503268 0.1053921568627451
0 0.35866013071895425 0.10294117647058823 0.04411764705882353 0.1053921568627451
0 0.2222222222222222 0.928921568627451 0.0457516339869281 0.10049019607843138
0 0.13970588235294118 0.9436274509803921 0.0457516339869281 0.09558823529411764
0 0.6086601307189542 0.883578431372549 0.0457516339869281 0.09803921568627451
0 0.0988562091503268 0.9497549019607843 0.04411764705882353 0.09803921568627451
0 0.1830065359477124 0.9399509803921569 0.04411764705882353 0.09558823529411764
0 0.4795751633986928 0.9019607843137255 0.0457516339869281 0.1053921568627451
0 0.058823529411764705 0.9534313725490197 0.049019607843137254 0.09313725490196079
0 0.26633986928104575 0.9313725490196079 0.0457516339869281 0.10294117647058823
0 0.309640522875817 0.9264705882352942 0.04738562091503268 0.10294117647058823
0 0.7401960784313726 0.8700980392156863 0.0457516339869281 0.10294117647058823
0 0.6560457516339869 0.8811274509803921 0.04738562091503268 0.11029411764705882
0 0.9877450980392157 0.8370098039215687 0.024509803921568627 0.09558823529411764
0 0.5245098039215687 0.8995098039215687 0.04738562091503268 0.10049019607843138
0 0.4387254901960784 0.9142156862745098 0.04738562091503268 0.10784313725490197
0 0.9534313725490197 0.8468137254901961 0.04084967320261438 0.09558823529411764
0 0.3545751633986928 0.9276960784313726 0.0457516339869281 0.1053921568627451
0 0.5669934640522876 0.8995098039215687 0.04411764705882353 0.09803921568627451
0 0.875 0.8615196078431373 0.04738562091503268 0.09558823529411764
0 0.6977124183006536 0.8848039215686274 0.04738562091503268 0.10049019607843138
0 0.7924836601307189 0.8725490196078431 0.04411764705882353 0.1053921568627451
0 0.9183006535947712 0.8566176470588235 0.04411764705882353 0.09803921568627451
0 0.8325163398692811 0.8688725490196079 0.0457516339869281 0.09803921568627451
0 0.39705882352941174 0.928921568627451 0.04738562091503268 0.09803921568627451
0 0.14133986928104575 0.21323529411764705 0.0457516339869281 0.09803921568627451
0 0.22875816993464052 0.20220588235294118 0.04738562091503268 0.10294117647058823
0 0.18382352941176472 0.2107843137254902 0.04738562091503268 0.10294117647058823
0 0.09967320261437909 0.22303921568627452 0.04411764705882353 0.10049019607843138
0 0.6560457516339869 0.14950980392156862 0.04738562091503268 0.1053921568627451
0 0.0196078431372549 0.2340686274509804 0.0392156862745098 0.10049019607843138
0 0.058823529411764705 0.23161764705882354 0.0457516339869281 0.09803921568627451
0 0.44362745098039214 0.18259803921568626 0.0457516339869281 0.09558823529411764
0 0.9109477124183006 0.12009803921568628 0.04738562091503268 0.10784313725490197
0 0.6985294117647058 0.14950980392156862 0.04738562091503268 0.1053921568627451
0 0.571078431372549 0.16789215686274508 0.04738562091503268 0.10049019607843138
0 0.7410130718954249 0.14583333333333334 0.04411764705882353 0.10784313725490197
0 0.6127450980392157 0.16299019607843138 0.04738562091503268 0.09803921568627451
0 0.8684640522875817 0.12990196078431374 0.0457516339869281 0.10049019607843138
0 0.48937908496732024 0.18137254901960784 0.0457516339869281 0.10784313725490197
0 0.27205882352941174 0.2107843137254902 0.049019607843137254 0.11029411764705882
0 0.8276143790849673 0.13848039215686275 0.0457516339869281 0.10049019607843138
0 0.9558823529411765 0.12377450980392157 0.04738562091503268 0.1053921568627451
0 0.7843137254901961 0.14583333333333334 0.049019607843137254 0.1053921568627451
0 0.5302287581699346 0.1801470588235294 0.04411764705882353 0.10294117647058823
0 0.3161764705882353 0.20833333333333334 0.04738562091503268 0.10784313725490197
0 0.4011437908496732 0.19852941176470587 0.04738562091503268 0.10784313725490197
0 0.35947712418300654 0.20833333333333334 0.04738562091503268 0.10294117647058823