0 0.6737091503267973 0.24519607843137256 0.17496732026143796 0.06730392156862747
0 0.5322058823529412 0.24833333333333332 0.08271241830065361 0.06830882352941177
0 0.8491176470588235 0.24833333333333332 0.1659150326797385 0.07249999999999997
0 0.3591013071895425 0.2512009803921568 0.0824346405228758 0.0657107843137255
0 0.27274509803921565 0.25642156862745097 0.08166666666666669 0.06676470588235296
0 0.08815359477124184 0.2587745098039216 0.07583333333333332 0.06416666666666668
0 0.180718954248366 0.26242647058823526 0.0813562091503268 0.06311274509803921
0 0.6726633986928104 0.31330882352941175 0.17428104575163395 0.06568627450980391
0 0.5283823529411765 0.31460784313725493 0.08202614379084974 0.0630637254901961
0 0.44209150326797386 0.31514705882352945 0.08274509803921566 0.06514705882352938
0 0.8508496732026144 0.31669117647058825 0.1708006535947712 0.07142156862745094
0 0.35057189542483663 0.3187990196078431 0.08279411764705885 0.0630637254901961
0 0.08799019607843138 0.3250735294117647 0.07269607843137255 0.0620343137254902
0 0.22019607843137254 0.32585784313725485 0.1658986928104575 0.07196078431372552
0 0.6641339869281045 0.38090686274509805 0.17323529411764704 0.0661764705882353
0 0.4902777777777778 0.38247549019607846 0.17354575163398694 0.06720588235294121
0 0.8574509803921568 0.3825 0.16243464052287584 0.06833333333333332
0 0.3526470588235294 0.38539215686274514 0.08344771241830064 0.06468137254901958
0 0.08694444444444445 0.3921323529411765 0.0692156862745098 0.06357843137254901
0 0.21898692810457518 0.39605392156862745 0.16694444444444448 0.06512254901960783
0 0.9011274509803922 0.44669117647058826 0.08689542483660141 0.06514705882352938
0 0.7137254901960784 0.4469362745098039 0.08308823529411768 0.0645833333333334
0 0.6279248366013073 0.44931372549019605 0.08341503267973849 0.06517156862745092
0 0.39143790849673205 0.449828431372549 0.17424836601307186 0.06622549019607839
0 0.7997058823529412 0.45009803921568625 0.08450980392156858 0.06568627450980395
0 0.5298039215686274 0.45348039215686275 0.08555555555555558 0.0672549019607843
0 0.08294117647058824 0.45840686274509806 0.08001633986928106 0.0645833333333334
0 0.262140522875817 0.4599754901960784 0.0743627450980392 0.0625
0 0.17428104575163397 0.4646813725490196 0.08240196078431374 0.06352941176470592
0 0.8985294117647058 0.5163725490196078 0.08238562091503279 0.06460784313725494
0 0.6987418300653595 0.516936274509804 0.07470588235294122 0.06259803921568632
0 0.6185294117647059 0.5171568627450981 0.07647058823529404 0.06303921568627457
0 0.7979738562091504 0.5171568627450981 0.08521241830065365 0.06512254901960783
0 0.5338071895424836 0.5195098039215686 0.07893790849673213 0.06774509803921565
0 0.3994444444444445 0.5200490196078431 0.17424836601307192 0.07193627450980397
0 0.08553921568627451 0.5250245098039216 0.07895424836601309 0.06414215686274513
0 0.26565359477124184 0.5262990196078431 0.07999999999999996 0.06460784313725494
0 0.1721895424836601 0.5304901960784314 0.08379084967320259 0.0657107843137255
0 0.7088398692810458 0.5835049019607843 0.08236928104575159 0.06311274509803921
0 0.795702614379085 0.58375 0.08277777777777783 0.06468137254901958
0 0.6218464052287581 0.5850490196078431 0.08308823529411768 0.0672549019607843
0 0.8920915032679739 0.5855882352941176 0.08272875816993482 0.06414215686274513
0 0.39544117647058824 0.5868872549019608 0.17251633986928105 0.06573529411764704
0 0.5327614379084967 0.5876470588235294 0.08521241830065356 0.07039215686274516
0 0.07197712418300653 0.5912990196078431 0.07826797385620916 0.06306372549019612
0 0.15478758169934642 0.594436274509804 0.07753267973856212 0.06306372549019612
0 0.25643790849673204 0.5944607843137255 0.07410130718954253 0.062083333333333296
0 0.7934477124183006 0.651078431372549 0.08241830065359468 0.0677696078431372
0 0.7086764705882352 0.6513480392156863 0.07924836601307189 0.062034313725490134
0 0.624281045751634 0.652892156862745 0.08308823529411768 0.0661764705882353
0 0.43893790849673203 0.6534313725490196 0.08271241830065361 0.062034313725490134
0 0.8931372549019608 0.6534313725490196 0.08411764705882356 0.06411764705882352
0 0.3536928104575163 0.6547303921568627 0.08344771241830064 0.06674019607843142
0 0.5376470588235295 0.6552450980392156 0.08312091503267975 0.06460784313725494
0 0.06954248366013072 0.6570588235294117 0.07478758169934642 0.06406862745098035
0 0.16227124183006536 0.6591421568627451 0.08205882352941177 0.06303921568627457
0 0.2641013071895425 0.6591911764705882 0.07687908496732028 0.06308823529411767
0 0.9037418300653596 0.7186764705882354 0.08238562091503279 0.06512254901960797
0 0.8186764705882352 0.7197058823529412 0.08137254901960776 0.0661764705882353
0 0.4408496732026144 0.7199754901960784 0.08307189542483666 0.06671568627450987
0 0.7135457516339869 0.7199754901960784 0.08341503267973849 0.06566176470588227
0 0.6249836601307189 0.7210049019607844 0.08169934640522876 0.0677205882352941
0 0.5383333333333333 0.7212745098039215 0.08243464052287588 0.07031862745098053
0 0.3484803921568628 0.7212990196078432 0.08415032679738563 0.06306372549019612
0 0.0671078431372549 0.7236274509803922 0.08104575163398695 0.06566176470588227
0 0.16192810457516338 0.7238970588235295 0.07580065359477121 0.06200980392156852
0 0.2661764705882353 0.7257352941176471 0.08104575163398696 0.06252450980392155
0 0.9000980392156863 0.7852205882352942 0.07506535947712427 0.061446078431372675
0 0.3543954248366013 0.7860049019607843 0.07718954248366014 0.06406862745098035
0 0.43893790849673203 0.7860049019607843 0.08271241830065361 0.06509803921568615
0 0.8174509803921568 0.7867892156862745 0.08241830065359486 0.06455882352941185
0 0.7119771241830065 0.7880882352941176 0.08236928104575159 0.06406862745098035
0 0.16227124183006536 0.7886274509803921 0.07787581699346405 0.06198529411764697
0 0.5402614379084967 0.7893872549019608 0.08140522875817002 0.06352941176470578
0 0.6270751633986927 0.7899264705882354 0.0838071895424836 0.0645833333333334
0 0.2733169934640523 0.7914950980392157 0.07999999999999996 0.06352941176470578
0 0.07563725490196078 0.7922794117647058 0.08209150326797385 0.06301470588235303
0 0.6778921568627451 0.13713235294117648 0.08728758169934633 0.061004901960784334
0 0.7617483660130719 0.14938725490196078 0.06011437908496726 0.06151960784313724
0 0.3117483660130719 0.18387254901960784 0.16939542483660133 0.07512254901960785
0 0.6229084967320262 0.19166666666666668 0.07547385620915041 0.04688725490196077
0 0.699297385620915 0.19272058823529412 0.07370915032679741 0.039583333333333345
0 0.4640196078431373 0.1927450980392157 0.07580065359477121 0.04274509803921568
0 0.543186274509804 0.19612745098039214 0.07960784313725494 0.04953431372549021
0 0.7765359477124183 0.197671568627451 0.07158496732026134 0.03382352941176473
0 0.4466176470588235 0.24416666666666667 0.08274509803921566 0.06833333333333332