0 0.7563562091503268 0.2785838779956427 0.08424836601307181 0.15026143790849675
0 0.6116013071895425 0.2812200435729848 0.07467320261437915 0.1525272331154684
0 0.8972222222222223 0.2812200435729848 0.0871568627450979 0.1525272331154684
0 0.8280392156862745 0.2826579520697168 0.09640522875816994 0.1552941176470588
0 0.5419117647058823 0.2849891067538126 0.07243464052287589 0.1525272331154684
0 0.6829901960784314 0.2849891067538126 0.07691176470588243 0.1540522875816993
0 0.9630882352941176 0.2857516339869281 0.07380718954248378 0.15555555555555559
0 0.4691176470588236 0.28688453159041394 0.06736928104575167 0.15026143790849675
0 0.3965849673202615 0.2891503267973856 0.07192810457516341 0.15176470588235297
0 0.044379084967320265 0.29026143790849673 0.07586601307189543 0.15095860566448807
0 0.25287581699346406 0.29139433551198257 0.08823529411764706 0.15019607843137253
0 0.32596405228758174 0.29213507625272334 0.06893790849673202 0.15019607843137253
0 0.11859477124183006 0.2932679738562092 0.08263071895424835 0.14793028322440085
0 0.18771241830065358 0.29516339869281044 0.08826797385620914 0.15169934640522875
0 0.7266176470588235 0.42625272331154684 0.0678267973856209 0.13583877995642707
0 0.8825000000000001 0.42625272331154684 0.08148692810457499 0.13583877995642707
0 0.8170588235294118 0.4285185185185185 0.08321895424836594 0.13734204793028326
0 0.9499183006535948 0.4285185185185185 0.07807189542483656 0.12374727668845319
0 0.5940359477124183 0.43004357298474943 0.06674836601307194 0.13734204793028326
0 0.658921568627451 0.43041394335511984 0.06616013071895427 0.13960784313725486
0 0.4591993464052287 0.43230936819172117 0.07021241830065364 0.13734204793028326
0 0.5266176470588235 0.43230936819172117 0.06223856209150332 0.13886710239651417
0 0.042385620915032673 0.43379084967320264 0.07643790849673203 0.1312418300653595
0 0.3239705882352941 0.4360566448801743 0.06950980392156866 0.14030501089324626
0 0.39263071895424834 0.43684095860566446 0.06400326797385623 0.13433551198257074
0 0.24578431372549017 0.43945533769063183 0.08088235294117647 0.13198257080610018
0 0.1786437908496732 0.44586056644880173 0.0780718954248366 0.1312418300653595
0 0.10669934640522875 0.44586056644880173 0.08150326797385621 0.13727668845315902
0 0.9698856209150327 0.5524183006535948 0.06021241830065344 0.12065359477124182
0 0.7473039215686275 0.5592156862745098 0.0683823529411765 0.12671023965141606
0 0.8751307189542484 0.5592156862745098 0.08150326797385629 0.12368191721132894
0 0.8099673202614379 0.5603485838779956 0.07586601307189535 0.11538126361655775
0 0.4878104575163399 0.5614814814814816 0.06622549019607839 0.11764705882352941
0 0.4195424836601307 0.5633769063180827 0.06455882352941175 0.11838779956427022
0 0.5515522875816994 0.5648801742919389 0.07130718954248363 0.12291938997821349
0 0.6849836601307189 0.5652505446623094 0.06841503267973857 0.12217864923747279
0 0.03465686274509804 0.5653159041394336 0.06929738562091503 0.1253159041394335
0 0.6169934640522876 0.5660130718954248 0.07297385620915027 0.12971677559912853
0 0.3582679738562091 0.566078431372549 0.06668300653594772 0.11625272331154687
0 0.2911274509803921 0.5668191721132898 0.0706862745098039 0.12078431372549013
0 0.16619281045751633 0.5717429193899782 0.07470588235294118 0.11851851851851847
0 0.22455882352941178 0.5717429193899782 0.07807189542483658 0.11701525054466233
0 0.09650326797385621 0.5762745098039216 0.08039215686274509 0.12154684095860564
0 0.9693300653594772 0.6741394335511983 0.06133986928104569 0.10418300653594782
0 0.3528921568627451 0.6759912854030501 0.05933006535947713 0.10335511982570818
0 0.4787418300653595 0.6786492374727668 0.05944444444444444 0.1086928104575163
0 0.7237908496732026 0.6794117647058824 0.0678267973856209 0.11625272331154687
0 0.41444444444444445 0.6801742919389978 0.061160130718954216 0.11019607843137263
0 0.9113888888888888 0.6801742919389978 0.07467320261437915 0.11627450980392158
0 0.29 0.6808932461873638 0.06728758169934641 0.10864923747276689
0 0.22795751633986927 0.6820261437908497 0.05655228758169937 0.10335511982570793
0 0.03900326797385621 0.6820261437908497 0.07532679738562091 0.10938997821350771
0 0.16506535947712417 0.683921568627451 0.07016339869281045 0.10411764705882345
0 0.6 0.6847058823529412 0.058251633986928064 0.11019607843137263
0 0.6583496732026144 0.6850762527233115 0.06161764705882359 0.11246187363834424
0 0.8484967320261437 0.6858387799564271 0.07017973856209157 0.11098039215686262
0 0.786748366013072 0.6873638344226579 0.0713398692810457 0.10947712418300654
0 0.09565359477124181 0.6884531590413944 0.0718954248366013 0.10562091503267977
0 0.5393627450980392 0.6903703703703704 0.061683006535947715 0.10793028322440079
0 0.18602941176470586 0.7862745098039216 0.0622222222222222 0.09575163398692821
0 0.9544444444444444 0.7863180827886711 0.07013071895424848 0.10337690631808288
0 0.24183006535947713 0.7900435729847495 0.057107843137254886 0.10178649237472773
0 0.8952450980392157 0.791590413943355 0.06844771241830082 0.10337690631808288
0 0.6572222222222223 0.7919607843137255 0.058218954248366005 0.10259259259259267
0 0.41642156862745094 0.7934858387799564 0.05833333333333331 0.10409586056644875
0 0.0196078431372549 0.7930283224400871 0.0392156862745098 0.10457516339869281
0 0.7135947712418301 0.7946187363834423 0.06669934640522884 0.10788671023965138
0 0.12738562091503267 0.7949673202614379 0.06962418300653593 0.09348583877995635
0 0.5960294117647058 0.795751633986928 0.05712418300653601 0.10409586056644875
0 0.8329248366013072 0.7965141612200436 0.0650816993464052 0.10411764705882345
0 0.3559967320261438 0.7968409586056645 0.05875816993464049 0.1002832244008714
0 0.06393790849673203 0.7969063180827886 0.07078431372549021 0.10037037037037048
0 0.5379575163398693 0.7976252723311548 0.05771241830065368 0.10335511982570818
0 0.2979248366013072 0.7994989106753814 0.05367647058823533 0.0980174291938998
0 0.47789215686274517 0.799520697167756 0.060000000000000046 0.10409586056644875
0 0.7759150326797386 0.8002832244008714 0.06214052287581695 0.10259259259259267
0 0.972156862745098 0.8815032679738563 0.055686274509803804 0.08671023965141603
0 0.021437908496732026 0.8845315904139434 0.04246732026143791 0.07917211328976041
0 0.9247058823529412 0.8849019607843137 0.06504901960784305 0.09653594771241843
0 0.06449346405228758 0.8898039215686275 0.06171568627450982 0.08520697167755995
0 0.22937908496732026 0.8913289760348584 0.05937908496732029 0.0972984749455337
0 0.17498366013071895 0.8916993464052289 0.06166666666666668 0.09653594771241843
0 0.3472222222222222 0.8939651416122004 0.057058823529411794 0.09200435729847499
0 0.40416666666666673 0.8939651416122004 0.059869281045751656 0.09050108932461866
0 0.28772875816993465 0.894727668845316 0.05709150326797385 0.0950326797385621
0 0.860686274509804 0.8950980392156863 0.056013071895424794 0.08671023965141603
0 0.4640196078431373 0.8965795206971677 0.052647058823529456 0.09725490196078429
0 0.7487254901960785 0.8965795206971677 0.05875816993464058 0.08969498910675372
0 0.11464052287581698 0.9022657952069717 0.06792483660130717 0.09050108932461866
0 0.519264705882353 0.9037690631808278 0.05658496732026143 0.09346405228758164
0 0.8051633986928104 0.9041612200435729 0.06282679738562098 0.09122004357298476
0 0.576764705882353 0.9045315904139434 0.0582679738562091 0.09196078431372556
0 0.6909313725490196 0.9052723311546841 0.06217320261437901 0.09649237472766876
0 0.6359640522875817 0.9075381263616558 0.05880718954248367 0.09649237472766876
0 0.8205065359477124 0.1171677559912854 0.08405228758169944 0.1669498910675381
0 0.897532679738562 0.11808278867102397 0.08905228758169935 0.17
0 0.7475816993464052 0.11930283224400873 0.08545751633986921 0.16633986928104574
0 0.9617156862745099 0.1202178649237473 0.07656862745098023 0.17061002178649237
0 0.5968627450980392 0.12172113289760347 0.08310457516339871 0.17363834422657953
0 0.6716176470588234 0.12263616557734204 0.08169934640522876 0.1742483660130719
0 0.5234967320261438 0.124161220043573 0.07718954248366014 0.16997821350762526
0 0.44599673202614376 0.12507625272331155 0.07584967320261436 0.1766884531590414
0 0.29083333333333333 0.13047930283224402 0.07802287581699346 0.17294117647058824
0 0.37006535947712416 0.13087145969498912 0.07673202614379082 0.17363834422657953
0 0.024084967320261438 0.13135076252723313 0.048169934640522875 0.1608932461873638
0 0.0797875816993464 0.1331372549019608 0.0820751633986928 0.16614379084967323
0 0.15683006535947713 0.1331372549019608 0.08998366013071894 0.16614379084967323