0 0.238562091503268 0.3235294117647059 0.15359477124183007 0.18137254901960784
0 0.35866013071895425 0.3553921568627451 0.06372549019607843 0.1715686274509804
0 0.41748366013071897 0.37254901960784315 0.07352941176470588 0.17401960784313725
0 0.4877450980392157 0.3872549019607843 0.0718954248366013 0.16666666666666666
0 0.6062091503267973 0.4056372549019608 0.1650326797385621 0.17892156862745098
0 0.2630718954248366 0.49387254901960786 0.06535947712418301 0.16911764705882354
0 0.20261437908496732 0.49142156862745096 0.06535947712418301 0.16666666666666666
0 0.3276143790849673 0.5171568627450981 0.06535947712418301 0.17401960784313725
0 0.3897058823529412 0.5367647058823529 0.06535947712418301 0.16176470588235295
0 0.4526143790849673 0.5428921568627451 0.06535947712418301 0.16666666666666666
0 0.5130718954248366 0.5600490196078431 0.06862745098039216 0.17892156862745098
0 0.619281045751634 0.5772058823529411 0.08169934640522876 0.17401960784313725
0 0.23284313725490197 0.6642156862745098 0.1454248366013072 0.17892156862745098
0 0.3374183006535948 0.6862745098039216 0.06209150326797386 0.16911764705882354
0 0.39624183006535946 0.7034313725490197 0.06699346405228758 0.17401960784313725
0 0.4624183006535948 0.7156862745098039 0.06862745098039216 0.1715686274509804
0 0.5874183006535948 0.7377450980392157 0.1650326797385621 0.17647058823529413
0 0.19362745098039216 0.8247549019607843 0.06372549019607843 0.1715686274509804
0 0.25245098039215685 0.8382352941176471 0.07026143790849673 0.17647058823529413
0 0.32189542483660133 0.8504901960784313 0.06862745098039216 0.17401960784313725
0 0.380718954248366 0.8639705882352942 0.06209150326797386 0.16666666666666666
0 0.4411764705882353 0.8799019607843137 0.06862745098039216 0.17647058823529413
0 0.5008169934640523 0.8909313725490197 0.06535947712418301 0.17401960784313725
0 0.5661764705882353 0.9007352941176471 0.06535947712418301 0.16176470588235295
0 0.6266339869281046 0.9117647058823529 0.06699346405228758 0.17647058823529413
0 0.35375816993464054 0.18627450980392157 0.07026143790849673 0.16911764705882354
0 0.4158496732026144 0.1948529411764706 0.06699346405228758 0.17647058823529413
0 0.4820261437908497 0.21568627450980393 0.08006535947712418 0.18137254901960784
0 0.559640522875817 0.22426470588235295 0.07352941176470588 0.1715686274509804
0 0.6535947712418301 0.23284313725490197 0.11437908496732026 0.18382352941176472