0 0.9019607843137255 0.4056372549019608 0.19607843137254902 0.23774509803921567
0 0.2369281045751634 0.2659313725490196 0.24836601307189543 0.24019607843137256
0 0.6952614379084967 0.3627450980392157 0.2434640522875817 0.23284313725490197
0 0.07026143790849673 0.23284313725490197 0.11764705882352941 0.21568627450980393
0 0.4665032679738562 0.3247549019607843 0.2434640522875817 0.23529411764705882
0 0.8921568627450981 0.5955882352941176 0.21568627450980393 0.24509803921568626
0 0.22549019607843138 0.4632352941176471 0.24019607843137256 0.23529411764705882
0 0.6756535947712419 0.5612745098039216 0.24509803921568626 0.24509803921568626
0 0.058823529411764705 0.43014705882352944 0.11764705882352941 0.21323529411764705
0 0.4485294117647059 0.5134803921568627 0.23529411764705882 0.22794117647058823
0 0.875 0.7830882352941176 0.22058823529411764 0.24019607843137256
0 0.20751633986928106 0.6519607843137255 0.238562091503268 0.23284313725490197
0 0.43137254901960786 0.7009803921568627 0.238562091503268 0.23529411764705882
0 0.6568627450980392 0.75 0.24673202614379086 0.23284313725490197
0 0.051470588235294115 0.6237745098039216 0.10294117647058823 0.21323529411764705
0 0.8537581699346405 0.928921568627451 0.2238562091503268 0.14215686274509803
0 0.18627450980392157 0.8370098039215687 0.24509803921568626 0.23774509803921567
0 0.41094771241830064 0.8860294117647058 0.2369281045751634 0.22794117647058823
0 0.6348039215686274 0.9093137254901961 0.24019607843137256 0.18137254901960784
0 0.041666666666666664 0.8100490196078431 0.08333333333333333 0.19852941176470587
0 0.25163398692810457 0.09436274509803921 0.24509803921568626 0.18872549019607843
0 0.08660130718954248 0.07230392156862746 0.1111111111111111 0.14460784313725492
0 0.920751633986928 0.21691176470588236 0.15849673202614378 0.23774509803921567
0 0.7287581699346405 0.17892156862745098 0.24183006535947713 0.22794117647058823
0 0.4852941176470588 0.12867647058823528 0.2434640522875817 0.23774509803921567