0 0.6854575163398693 0.26348039215686275 0.1781045751633987 0.0857843137254902
0 0.5441176470588235 0.25245098039215685 0.08496732026143791 0.07598039215686274
0 0.8602941176470589 0.2855392156862745 0.16830065359477125 0.09068627450980392
0 0.3709150326797386 0.23651960784313725 0.08496732026143791 0.07352941176470588
0 0.28431372549019607 0.23284313725490197 0.08496732026143791 0.07598039215686274
0 0.10049019607843138 0.21568627450980393 0.0784313725490196 0.07107843137254902
0 0.19281045751633988 0.22916666666666666 0.08333333333333333 0.07107843137254902
0 0.6805555555555556 0.3321078431372549 0.17647058823529413 0.08333333333333333
0 0.5367647058823529 0.31862745098039214 0.08496732026143791 0.07107843137254902
0 0.45098039215686275 0.31004901960784315 0.08496732026143791 0.07352941176470588
0 0.8586601307189542 0.3541666666666667 0.17320261437908496 0.08823529411764706
0 0.35947712418300654 0.30392156862745096 0.08496732026143791 0.07107843137254902
0 0.09722222222222222 0.2818627450980392 0.07516339869281045 0.06862745098039216
0 0.22875816993464052 0.2965686274509804 0.16830065359477125 0.08823529411764706
0 0.6691176470588235 0.39828431372549017 0.17647058823529413 0.08333333333333333
0 0.4959150326797386 0.38235294117647056 0.17647058823529413 0.0857843137254902
0 0.8619281045751634 0.42034313725490197 0.1650326797385621 0.0857843137254902
0 0.35866013071895425 0.3700980392156863 0.08660130718954248 0.07352941176470588
0 0.09313725490196079 0.3492647058823529 0.0718954248366013 0.07107843137254902
0 0.2246732026143791 0.36642156862745096 0.16993464052287582 0.08333333333333333
0 0.9027777777777778 0.4889705882352941 0.08986928104575163 0.07352941176470588
0 0.7156862745098039 0.4693627450980392 0.08660130718954248 0.07352941176470588
0 0.6299019607843137 0.4632352941176471 0.08660130718954248 0.07352941176470588
0 0.3937908496732026 0.4387254901960784 0.17647058823529413 0.08333333333333333
0 0.8014705882352942 0.48161764705882354 0.08660130718954248 0.07352941176470588
0 0.5318627450980392 0.4571078431372549 0.08823529411764706 0.07598039215686274
0 0.0857843137254902 0.41544117647058826 0.08333333333333333 0.07352941176470588
0 0.2647058823529412 0.43504901960784315 0.07679738562091504 0.07107843137254902
0 0.17647058823529413 0.43014705882352944 0.08496732026143791 0.07107843137254902
0 0.8970588235294118 0.5575980392156863 0.08496732026143791 0.07352941176470588
0 0.6977124183006536 0.5379901960784313 0.07679738562091504 0.07107843137254902
0 0.6176470588235294 0.5294117647058824 0.0784313725490196 0.07107843137254902
0 0.7965686274509803 0.5477941176470589 0.08823529411764706 0.07352941176470588
0 0.5326797385620915 0.5232843137254902 0.08169934640522876 0.07598039215686274
0 0.39869281045751637 0.5098039215686274 0.17647058823529413 0.09068627450980392
0 0.0857843137254902 0.48161764705882354 0.08169934640522876 0.07107843137254902
0 0.2647058823529412 0.5012254901960784 0.08333333333333333 0.07352941176470588
0 0.1715686274509804 0.4963235294117647 0.08660130718954248 0.07352941176470588
0 0.704248366013072 0.6053921568627451 0.08496732026143791 0.07107843137254902
0 0.7908496732026143 0.6139705882352942 0.08496732026143791 0.07352941176470588
0 0.6176470588235294 0.5980392156862745 0.08660130718954248 0.07598039215686274
0 0.8872549019607843 0.6262254901960784 0.08496732026143791 0.07352941176470588
0 0.39133986928104575 0.5759803921568627 0.17483660130718953 0.08333333333333333
0 0.5285947712418301 0.5906862745098039 0.08823529411764706 0.0784313725490196
0 0.06862745098039216 0.5465686274509803 0.08169934640522876 0.07107843137254902
0 0.1511437908496732 0.5575980392156863 0.08006535947712418 0.07107843137254902
0 0.25245098039215685 0.5686274509803921 0.07679738562091504 0.06862745098039216
0 0.7859477124183006 0.6813725490196079 0.08496732026143791 0.07598039215686274
0 0.7009803921568627 0.6727941176470589 0.08169934640522876 0.07107843137254902
0 0.6168300653594772 0.6654411764705882 0.08660130718954248 0.07352941176470588
0 0.43218954248366015 0.6470588235294118 0.08496732026143791 0.07107843137254902
0 0.8848039215686274 0.6936274509803921 0.08660130718954248 0.07352941176470588
0 0.3472222222222222 0.6384803921568627 0.08660130718954248 0.07598039215686274
0 0.5302287581699346 0.6593137254901961 0.08660130718954248 0.07352941176470588
0 0.06290849673202614 0.6115196078431373 0.07679738562091504 0.07107843137254902
0 0.15604575163398693 0.6237745098039216 0.08496732026143791 0.07107843137254902
0 0.25735294117647056 0.633578431372549 0.08006535947712418 0.07107843137254902
0 0.8929738562091504 0.7598039215686274 0.08496732026143791 0.07352941176470588
0 0.8080065359477124 0.7524509803921569 0.08496732026143791 0.07352941176470588
0 0.4305555555555556 0.7132352941176471 0.08660130718954248 0.07598039215686274
0 0.7026143790849673 0.741421568627451 0.08660130718954248 0.07352941176470588
0 0.6143790849673203 0.7340686274509803 0.08496732026143791 0.07598039215686274
0 0.5277777777777778 0.7242647058823529 0.08496732026143791 0.0784313725490196
0 0.3382352941176471 0.7046568627450981 0.08660130718954248 0.07107843137254902
0 0.05800653594771242 0.6776960784313726 0.08333333333333333 0.07352941176470588
0 0.15196078431372548 0.6875 0.0784313725490196 0.06862745098039216
0 0.2565359477124183 0.7009803921568627 0.08333333333333333 0.07107843137254902
0 0.8856209150326797 0.8259803921568627 0.0784313725490196 0.06862745098039216
0 0.3415032679738562 0.7696078431372549 0.08006535947712418 0.07107843137254902
0 0.4256535947712418 0.7794117647058824 0.08496732026143791 0.07352941176470588
0 0.8031045751633987 0.8198529411764706 0.08496732026143791 0.07352941176470588
0 0.6977124183006536 0.8100490196078431 0.08496732026143791 0.07352941176470588
0 0.14950980392156862 0.7524509803921569 0.08006535947712418 0.07107843137254902
0 0.5269607843137255 0.7928921568627451 0.08496732026143791 0.07107843137254902
0 0.613562091503268 0.8026960784313726 0.08660130718954248 0.07352941176470588
0 0.26062091503267976 0.7671568627450981 0.08333333333333333 0.07107843137254902
0 0.06290849673202614 0.7475490196078431 0.08496732026143791 0.07107843137254902
0 0.6944444444444444 0.1568627450980392 0.08986928104575163 0.07107843137254902
0 0.7777777777777778 0.17769607843137256 0.06209150326797386 0.06862745098039216
0 0.32679738562091504 0.16544117647058823 0.17320261437908496 0.09313725490196079
0 0.6372549019607843 0.20588235294117646 0.07679738562091504 0.05392156862745098
0 0.7132352941176471 0.21446078431372548 0.07516339869281045 0.04656862745098039
0 0.47875816993464054 0.18995098039215685 0.07679738562091504 0.051470588235294115
0 0.5571895424836601 0.20098039215686275 0.08169934640522876 0.058823529411764705
0 0.7900326797385621 0.22794117647058823 0.07352941176470588 0.041666666666666664
0 0.4583333333333333 0.23897058823529413 0.08496732026143791 0.07598039215686274