0 0.9444444444444444 0.4061784897025172 0.09640522875816994 0.2311212814645309
0 0.6985294117647058 0.39244851258581237 0.2630718954248366 0.2631578947368421
0 0.8602941176470589 0.40503432494279173 0.10457516339869281 0.2540045766590389
0 0.44199346405228757 0.39244851258581237 0.24836601307189543 0.2608695652173913
0 0.272875816993464 0.38672768878718533 0.0784313725490196 0.2128146453089245
0 0.2042483660130719 0.3878718535469107 0.07352941176470588 0.20823798627002288
0 0.12908496732026145 0.38329519450800914 0.07516339869281045 0.20823798627002288
0 0.042483660130718956 0.37986270022883295 0.08333333333333333 0.21739130434782608
0 0.7671568627450981 0.6350114416475973 0.09313725490196079 0.23569794050343248
0 0.9060457516339869 0.6453089244851259 0.18790849673202614 0.2654462242562929
0 0.5032679738562091 0.6247139588100686 0.09313725490196079 0.23569794050343248
0 0.6781045751633987 0.6372997711670481 0.09640522875816994 0.2379862700228833
0 0.4223856209150327 0.6189931350114416 0.08496732026143791 0.22654462242562928
0 0.184640522875817 0.602974828375286 0.22549019607843138 0.2402745995423341
0 0.5906862745098039 0.6338672768878718 0.09313725490196079 0.2425629290617849
0 0.03349673202614379 0.5938215102974829 0.06699346405228758 0.20823798627002288
0 0.3472222222222222 0.6189931350114416 0.08333333333333333 0.2242562929061785
0 0.03022875816993464 0.8054919908466819 0.06045751633986928 0.2242562929061785
0 0.17892156862745098 0.8249427917620137 0.07679738562091504 0.2151029748283753
0 0.25163398692810457 0.8318077803203662 0.0784313725490196 0.21967963386727687
0 0.4084967320261438 0.8478260869565217 0.24673202614379086 0.2471395881006865
0 0.09477124183006536 0.8249427917620137 0.08496732026143791 0.2219679633867277
0 0.6584967320261438 0.868421052631579 0.2647058823529412 0.2631578947368421
0 0.9305555555555556 0.8844393592677345 0.09640522875816994 0.2311212814645309
0 0.8357843137254902 0.8832951945080092 0.10294117647058823 0.2334096109839817
0 0.8031045751633987 0.16132723112128147 0.09640522875816994 0.2242562929061785
0 0.9199346405228758 0.17162471395881007 0.16013071895424835 0.2425629290617849
0 0.7165032679738562 0.16590389016018306 0.09640522875816994 0.2288329519450801
0 0.5400326797385621 0.16018306636155608 0.09477124183006536 0.2242562929061785
0 0.6315359477124183 0.17620137299771166 0.08986928104575163 0.2219679633867277
0 0.45669934640522875 0.16819221967963388 0.08496732026143791 0.2311212814645309
0 0.3790849673202614 0.16933638443935928 0.0784313725490196 0.22654462242562928
0 0.22630718954248366 0.17391304347826086 0.22712418300653595 0.2311212814645309
0 0.06535947712418301 0.16704805491990846 0.07026143790849673 0.21052631578947367