0 0.6013071895424836 0.24877450980392157 0.20915032679738563 0.07598039215686274
0 0.1323529411764706 0.23774509803921567 0.20751633986928106 0.0784313725490196
0 0.08415032679738563 0.022058823529411766 0.12908496732026145 0.04411764705882353
0 0.9501633986928104 0.28799019607843135 0.09967320261437909 0.07107843137254902
0 0.041666666666666664 0.36151960784313725 0.0784313725490196 0.061274509803921566
0 0.6928104575163399 0.38480392156862747 0.05718954248366013 0.2034313725490196
0 0.6495098039215687 0.3860294117647059 0.05228758169934641 0.20588235294117646
0 0.40604575163398693 0.38112745098039214 0.0457516339869281 0.20833333333333334
0 0.3545751633986928 0.3799019607843137 0.05392156862745098 0.2034313725490196
0 0.4550653594771242 0.38235294117647056 0.049019607843137254 0.20833333333333334
0 0.1119281045751634 0.3737745098039216 0.05065359477124183 0.2034313725490196
0 0.16339869281045752 0.37745098039215685 0.05392156862745098 0.20833333333333334
0 0.3055555555555556 0.38235294117647056 0.049019607843137254 0.19607843137254902
0 0.5049019607843137 0.3909313725490196 0.049019607843137254 0.20098039215686275
0 0.6013071895424836 0.39338235294117646 0.04738562091503268 0.18872549019607843
0 0.5522875816993464 0.39338235294117646 0.05228758169934641 0.20098039215686275
0 0.21241830065359477 0.3909313725490196 0.042483660130718956 0.19607843137254902
0 0.2549019607843137 0.39215686274509803 0.05065359477124183 0.2107843137254902
0 0.8161764705882353 0.41911764705882354 0.2042483660130719 0.23284313725490197
0 0.9313725490196079 0.42769607843137253 0.05718954248366013 0.2034313725490196
0 0.03676470588235294 0.42769607843137253 0.0718954248366013 0.06862745098039216
0 0.3815359477124183 0.5208333333333334 0.20588235294117646 0.07598039215686274
0 0.5947712418300654 0.5257352941176471 0.20588235294117646 0.0784313725490196
0 0.17238562091503268 0.5294117647058824 0.20751633986928106 0.09313725490196079
0 0.8325163398692811 0.0625 0.18627450980392157 0.0857843137254902
0 0.946078431372549 0.5784313725490197 0.10620915032679738 0.07107843137254902
0 0.5898692810457516 0.6004901960784313 0.20588235294117646 0.07352941176470588
0 0.37826797385620914 0.5955882352941176 0.20751633986928106 0.07107843137254902
0 0.7156862745098039 0.6053921568627451 0.04738562091503268 0.2107843137254902
0 0.029411764705882353 0.5992647058823529 0.05065359477124183 0.19852941176470587
0 0.9722222222222222 0.07352941176470588 0.05555555555555555 0.058823529411764705
0 0.16339869281045752 0.6066176470588235 0.18137254901960784 0.08333333333333333
0 0.8112745098039216 0.6299019607843137 0.06209150326797386 0.19852941176470587
0 0.7630718954248366 0.6311274509803921 0.05555555555555555 0.19362745098039216
0 0.8602941176470589 0.6421568627450981 0.058823529411764705 0.19852941176470587
0 0.9477124183006536 0.6446078431372549 0.10130718954248366 0.061274509803921566
0 0.3741830065359477 0.6629901960784313 0.20588235294117646 0.0857843137254902
0 0.5833333333333334 0.6727941176470589 0.20261437908496732 0.07352941176470588
0 0.14705882352941177 0.6740196078431373 0.15849673202614378 0.0784313725490196
0 0.9436274509803921 0.7083333333333334 0.10784313725490197 0.07107843137254902
0 0.03104575163398693 0.7328431372549019 0.06209150326797386 0.07352941176470588
0 0.8709150326797386 0.7794117647058824 0.2042483660130719 0.08823529411764706
0 0.5016339869281046 0.803921568627451 0.049019607843137254 0.19117647058823528
0 0.5490196078431373 0.8063725490196079 0.0457516339869281 0.18627450980392157
0 0.5947712418300654 0.8100490196078431 0.049019607843137254 0.19362745098039216
0 0.6437908496732027 0.8112745098039216 0.05228758169934641 0.20098039215686275
0 0.3619281045751634 0.8051470588235294 0.042483660130718956 0.18872549019607843
0 0.4076797385620915 0.8075980392156863 0.05392156862745098 0.19362745098039216
0 0.315359477124183 0.8051470588235294 0.05228758169934641 0.19607843137254902
0 0.26143790849673204 0.803921568627451 0.05228758169934641 0.20588235294117646
0 0.6895424836601307 0.8161764705882353 0.05228758169934641 0.20833333333333334
0 0.4542483660130719 0.8112745098039216 0.05555555555555555 0.19607843137254902
0 0.7401960784313726 0.8272058823529411 0.05555555555555555 0.2034313725490196
0 0.10947712418300654 0.8125 0.05392156862745098 0.19607843137254902
0 0.03758169934640523 0.8100490196078431 0.07516339869281045 0.061274509803921566
0 0.16176470588235295 0.8137254901960784 0.049019607843137254 0.19362745098039216
0 0.20915032679738563 0.8174019607843137 0.05228758169934641 0.20098039215686275
0 0.8741830065359477 0.8504901960784313 0.2042483660130719 0.08333333333333333
0 0.12336601307189543 0.0784313725490196 0.2042483660130719 0.08333333333333333
0 0.03676470588235294 0.8762254901960784 0.07352941176470588 0.07598039215686274
0 0.8725490196078431 0.9178921568627451 0.1650326797385621 0.0784313725490196
0 0.3897058823529412 0.09068627450980392 0.20588235294117646 0.0784313725490196
0 0.6078431372549019 0.09803921568627451 0.21405228758169934 0.07598039215686274
0 0.18382352941176472 0.9448529411764706 0.20588235294117646 0.0784313725490196
0 0.6021241830065359 0.9571078431372549 0.1977124183006536 0.0857843137254902
0 0.3954248366013072 0.9546568627450981 0.20751633986928106 0.08088235294117647
0 0.8055555555555556 0.9669117647058824 0.20261437908496732 0.0661764705882353
0 0.9493464052287581 0.9779411764705882 0.08823529411764706 0.04411764705882353
0 0.951797385620915 0.13848039215686275 0.09640522875816994 0.07107843137254902
0 0.40032679738562094 0.16666666666666666 0.1895424836601307 0.07598039215686274
0 0.13071895424836602 0.16176470588235295 0.2107843137254902 0.08333333333333333
0 0.6004901960784313 0.17401960784313725 0.2042483660130719 0.08088235294117647
0 0.7303921568627451 0.18504901960784315 0.05555555555555555 0.2034313725490196
0 0.2589869281045752 0.17524509803921567 0.04738562091503268 0.21323529411764705
0 0.7802287581699346 0.2034313725490196 0.05228758169934641 0.20098039215686275
0 0.9493464052287581 0.21323529411764705 0.10130718954248366 0.06862745098039216
0 0.8243464052287581 0.21691176470588236 0.06045751633986928 0.2107843137254902
0 0.8709150326797386 0.24509803921568626 0.06045751633986928 0.16666666666666666
0 0.39133986928104575 0.24142156862745098 0.20098039215686275 0.07598039215686274