0 0.7720588235294118 0.3159041394335512 0.09477124183006536 0.16122004357298475
0 0.6282679738562091 0.2984749455337691 0.08660130718954248 0.16122004357298475
0 0.9125816993464052 0.33769063180827885 0.09803921568627451 0.16339869281045752
0 0.8431372549019608 0.3300653594771242 0.10784313725490197 0.16775599128540306
0 0.5588235294117647 0.29193899782135074 0.08333333333333333 0.16122004357298475
0 0.6985294117647058 0.3115468409586057 0.08823529411764706 0.16339869281045752
0 0.9673202614379085 0.35076252723311546 0.06535947712418301 0.1655773420479303
0 0.4861111111111111 0.28322440087145967 0.0784313725490196 0.15904139433551198
0 0.4133986928104575 0.275599128540305 0.08333333333333333 0.16122004357298475
0 0.06372549019607843 0.22766884531590414 0.08660130718954248 0.16122004357298475
0 0.2704248366013072 0.2581699346405229 0.09967320261437909 0.16122004357298475
0 0.3431372549019608 0.2690631808278867 0.08006535947712418 0.15904139433551198
0 0.13725490196078433 0.24074074074074073 0.09313725490196079 0.15904139433551198
0 0.20588235294117646 0.25272331154684097 0.09967320261437909 0.16339869281045752
0 0.7312091503267973 0.45860566448801743 0.0784313725490196 0.1437908496732026
0 0.886437908496732 0.4803921568627451 0.0915032679738562 0.14596949891067537
0 0.821078431372549 0.47276688453159044 0.09313725490196079 0.14814814814814814
0 0.9534313725490197 0.4912854030501089 0.08660130718954248 0.1328976034858388
0 0.5988562091503268 0.4433551198257081 0.07679738562091504 0.14596949891067537
0 0.6633986928104575 0.4531590413943355 0.07679738562091504 0.14814814814814814
0 0.46486928104575165 0.42701525054466233 0.08006535947712418 0.14596949891067537
0 0.5318627450980392 0.43681917211328974 0.07352941176470588 0.14596949891067537
0 0.049836601307189546 0.37037037037037035 0.08660130718954248 0.14161220043572983
0 0.3300653594771242 0.4117647058823529 0.08006535947712418 0.14814814814814814
0 0.397875816993464 0.4226579520697168 0.07352941176470588 0.14161220043572983
0 0.25163398692810457 0.40413943355119825 0.0915032679738562 0.14161220043572983
0 0.184640522875817 0.4008714596949891 0.08823529411764706 0.14161220043572983
0 0.11274509803921569 0.39106753812636164 0.0915032679738562 0.14814814814814814
0 0.9632352941176471 0.6176470588235294 0.06862745098039216 0.12854030501089325
0 0.7410130718954249 0.593681917211329 0.0784313725490196 0.13507625272331156
0 0.8684640522875817 0.6111111111111112 0.0915032679738562 0.13507625272331156
0 0.803921568627451 0.6034858387799564 0.08496732026143791 0.12636165577342048
0 0.48284313725490197 0.5599128540305011 0.07516339869281045 0.12636165577342048
0 0.4150326797385621 0.5522875816993464 0.07352941176470588 0.12636165577342048
0 0.5465686274509803 0.5718954248366013 0.08006535947712418 0.1328976034858388
0 0.678921568627451 0.5904139433551199 0.0784313725490196 0.13071895424836602
0 0.035130718954248366 0.4989106753812636 0.07026143790849673 0.13507625272331156
0 0.6111111111111112 0.5816993464052288 0.08333333333333333 0.1394335511982571
0 0.35375816993464054 0.545751633986928 0.07516339869281045 0.12418300653594772
0 0.2867647058823529 0.5370370370370371 0.08006535947712418 0.13071895424836602
0 0.16258169934640523 0.5250544662309368 0.08333333333333333 0.12854030501089325
0 0.22058823529411764 0.5326797385620915 0.08660130718954248 0.12636165577342048
0 0.09313725490196079 0.5196078431372549 0.08986928104575163 0.1328976034858388
0 0.9534313725490197 0.738562091503268 0.06862745098039216 0.1111111111111111
0 0.33986928104575165 0.6546840958605664 0.06699346405228758 0.1111111111111111
0 0.46486928104575165 0.6742919389978214 0.06699346405228758 0.11546840958605664
0 0.7083333333333334 0.7091503267973857 0.07679738562091504 0.12418300653594772
0 0.4011437908496732 0.6677559912854031 0.07026143790849673 0.11764705882352941
0 0.8946078431372549 0.7363834422657952 0.08333333333333333 0.12636165577342048
0 0.2769607843137255 0.6503267973856209 0.07516339869281045 0.11764705882352941
0 0.21486928104575165 0.6427015250544662 0.06372549019607843 0.1111111111111111
0 0.03431372549019608 0.6154684095860566 0.06862745098039216 0.11982570806100218
0 0.1527777777777778 0.6361655773420479 0.0784313725490196 0.11328976034858387
0 0.5849673202614379 0.6971677559912854 0.06699346405228758 0.11764705882352941
0 0.6429738562091504 0.7058823529411765 0.07026143790849673 0.11982570806100218
0 0.8316993464052288 0.7331154684095861 0.0784313725490196 0.11982570806100218
0 0.7704248366013072 0.7265795206971678 0.08006535947712418 0.11982570806100218
0 0.08333333333333333 0.630718954248366 0.08006535947712418 0.11546840958605664
0 0.5245098039215687 0.6949891067538126 0.07026143790849673 0.11546840958605664
0 0.1650326797385621 0.7407407407407407 0.06862745098039216 0.10457516339869281
0 0.9297385620915033 0.8485838779956427 0.0784313725490196 0.11328976034858387
0 0.22058823529411764 0.7527233115468409 0.06535947712418301 0.10893246187363835
0 0.8700980392156863 0.8453159041394336 0.07679738562091504 0.11328976034858387
0 0.6331699346405228 0.8126361655773421 0.06535947712418301 0.1111111111111111
0 0.3937908496732026 0.7799564270152506 0.06535947712418301 0.1111111111111111
0 0.011437908496732025 0.7233115468409586 0.02287581699346405 0.10893246187363835
0 0.6895424836601307 0.8224400871459695 0.07516339869281045 0.11764705882352941
0 0.10620915032679738 0.7418300653594772 0.07679738562091504 0.10239651416122005
0 0.5727124183006536 0.8071895424836601 0.06535947712418301 0.1111111111111111
0 0.8080065359477124 0.840958605664488 0.07352941176470588 0.11328976034858387
0 0.3333333333333333 0.775599128540305 0.06699346405228758 0.10893246187363835
0 0.04330065359477124 0.7342047930283224 0.0784313725490196 0.10893246187363835
0 0.5147058823529411 0.8017429193899782 0.06535947712418301 0.1111111111111111
0 0.27532679738562094 0.7701525054466231 0.06045751633986928 0.10457516339869281
0 0.4542483660130719 0.7952069716775599 0.06862745098039216 0.1111111111111111
0 0.7508169934640523 0.8366013071895425 0.07026143790849673 0.1111111111111111
0 0.9395424836601307 0.9455337690631809 0.06209150326797386 0.09368191721132897
0 0.008986928104575163 0.8159041394335512 0.017973856209150325 0.08496732026143791
0 0.8921568627450981 0.9422657952069716 0.0718954248366013 0.10457516339869281
0 0.03594771241830065 0.826797385620915 0.06862745098039216 0.09368191721132897
0 0.20016339869281047 0.8518518518518519 0.06699346405228758 0.10457516339869281
0 0.14624183006535948 0.8442265795206971 0.06862745098039216 0.10457516339869281
0 0.31699346405228757 0.8703703703703703 0.06372549019607843 0.10021786492374728
0 0.3741830065359477 0.8779956427015251 0.06699346405228758 0.09803921568627451
0 0.2581699346405229 0.8627450980392157 0.06372549019607843 0.10239651416122005
0 0.8276143790849673 0.9433551198257081 0.06209150326797386 0.09368191721132897
0 0.43300653594771243 0.8888888888888888 0.06045751633986928 0.10457516339869281
0 0.7165032679738562 0.9291938997821351 0.06535947712418301 0.09803921568627451
0 0.08496732026143791 0.8464052287581699 0.07516339869281045 0.10021786492374728
0 0.4877450980392157 0.9041394335511983 0.06372549019607843 0.10021786492374728
0 0.7720588235294118 0.9444444444444444 0.07026143790849673 0.10021786492374728
0 0.5449346405228758 0.9128540305010894 0.06535947712418301 0.10021786492374728
0 0.6584967320261438 0.9291938997821351 0.06862745098039216 0.10457516339869281
0 0.6029411764705882 0.9237472766884531 0.06535947712418301 0.10457516339869281
0 0.8488562091503268 0.16339869281045752 0.09640522875816994 0.1786492374727669
0 0.9256535947712419 0.17538126361655773 0.10130718954248366 0.18082788671023964
0 0.7761437908496732 0.15577342047930284 0.09803921568627451 0.17647058823529413
0 0.9714052287581699 0.18627450980392157 0.05718954248366013 0.18082788671023964
0 0.6258169934640523 0.13725490196078433 0.09640522875816994 0.18518518518518517
0 0.7001633986928104 0.14814814814814814 0.09477124183006536 0.18518518518518517
0 0.5531045751633987 0.12962962962962962 0.08986928104575163 0.18082788671023964
0 0.47549019607843135 0.11982570806100218 0.08986928104575163 0.18736383442265794
0 0.32107843137254904 0.10348583877995643 0.0915032679738562 0.1830065359477124
0 0.39950980392156865 0.11437908496732026 0.08986928104575163 0.1830065359477124
0 0.05473856209150327 0.07516339869281045 0.06045751633986928 0.1503267973856209
0 0.1111111111111111 0.08169934640522876 0.09477124183006536 0.16339869281045752
0 0.18709150326797386 0.08823529411764706 0.10294117647058823 0.17647058823529413