0 0.8586601307189542 0.2426470588235294 0.1388888888888889 0.17401960784313725
0 0.5629084967320261 0.3075980392156863 0.1503267973856209 0.1642156862745098
0 0.7173202614379085 0.2867647058823529 0.14052287581699346 0.17892156862745098
0 0.4264705882352941 0.3492647058823529 0.15849673202614378 0.17647058823529413
0 0.08333333333333333 0.4105392156862745 0.16666666666666666 0.18872549019607843
0 0.2622549019607843 0.4007352941176471 0.17320261437908496 0.18627450980392157
0 0.8946078431372549 0.3872549019607843 0.1437908496732026 0.15196078431372548
0 0.5849673202614379 0.45098039215686275 0.14705882352941177 0.1642156862745098
0 0.7573529411764706 0.43504901960784315 0.12745098039215685 0.15441176470588236
0 0.43709150326797386 0.5036764705882353 0.15196078431372548 0.18137254901960784
0 0.10049019607843138 0.5906862745098039 0.18790849673202614 0.20588235294117646
0 0.2883986928104575 0.5637254901960784 0.18137254901960784 0.20588235294117646
0 0.9281045751633987 0.5281862745098039 0.14052287581699346 0.16911764705882354
0 0.7728758169934641 0.5735294117647058 0.15522875816993464 0.17401960784313725
0 0.6258169934640523 0.5992647058823529 0.1454248366013072 0.1642156862745098
0 0.28022875816993464 0.7267156862745098 0.18137254901960784 0.22058823529411764
0 0.4493464052287582 0.7046568627450981 0.1715686274509804 0.19117647058823528
0 0.10866013071895425 0.7794117647058824 0.17320261437908496 0.18137254901960784
0 0.8660130718954249 0.7316176470588235 0.13725490196078433 0.19117647058823528
0 0.6576797385620915 0.7904411764705882 0.10947712418300654 0.26715686274509803
0 0.9656862745098039 0.7843137254901961 0.06862745098039216 0.16176470588235295
0 0.4730392156862745 0.883578431372549 0.17320261437908496 0.18872549019607843
0 0.2957516339869281 0.9056372549019608 0.19281045751633988 0.18872549019607843
0 0.119281045751634 0.9362745098039216 0.17647058823529413 0.12745098039215685
0 0.826797385620915 0.09313725490196079 0.13562091503267973 0.16176470588235295
0 0.6830065359477124 0.13602941176470587 0.14052287581699346 0.16911764705882354
0 0.08088235294117647 0.23651960784313725 0.16176470588235295 0.20833333333333334
0 0.4076797385620915 0.19240196078431374 0.15359477124183007 0.20098039215686275
0 0.5351307189542484 0.17769607843137256 0.1437908496732026 0.18137254901960784
0 0.23529411764705882 0.2426470588235294 0.16830065359477125 0.19117647058823528