0 0.23281045751633986 0.34377450980392155 0.14803921568627448 0.16990196078431372
0 0.35377450980392156 0.36627450980392157 0.05751633986928103 0.16632352941176473
0 0.4135294117647059 0.3787745098039215 0.06748366013071898 0.16990196078431372
0 0.48359477124183003 0.38875000000000004 0.06660130718954246 0.1612745098039216
0 0.6023856209150327 0.39732843137254903 0.15941176470588245 0.1655637254901961
0 0.2630555555555556 0.5126960784313725 0.05993464052287583 0.16482843137254902
0 0.20305555555555554 0.5144852941176471 0.05996732026143794 0.162671568627451
0 0.3287745098039216 0.530906862745098 0.059901960784313764 0.16838235294117646
0 0.3909150326797386 0.545906862745098 0.06035947712418305 0.15696078431372554
0 0.4544934640522875 0.5469852941176471 0.05985294117647058 0.16338235294117653
0 0.5152614379084967 0.5588480392156863 0.06325163398692817 0.17421568627450984
0 0.621454248366013 0.5681127450980391 0.07653594771241835 0.16850490196078424
0 0.23877450980392156 0.6852941176470588 0.13996732026143788 0.16850490196078433
0 0.3437908496732026 0.6988725490196078 0.05658496732026143 0.16563725490196082
0 0.40334967320261433 0.7109803921568627 0.060441176470588207 0.16985294117647054
0 0.470016339869281 0.7177696078431373 0.062320261437908475 0.16772058823529426
0 0.5952450980392158 0.7306127450980392 0.15941176470588245 0.16485294117647056
0 0.2049673202614379 0.8477941176470588 0.05807189542483661 0.16627450980392164
0 0.2644934640522876 0.8577941176470588 0.0637581699346405 0.17053921568627461
0 0.3340196078431372 0.8642156862745098 0.06277777777777781 0.16911764705882354
0 0.3937908496732026 0.8731372549019608 0.0565686274509804 0.16124999999999992
0 0.4542647058823529 0.8845833333333334 0.06320261437908488 0.17125
0 0.5140686274509804 0.8899509803921569 0.058986928104575204 0.17056372549019616
0 0.5800326797385621 0.8949509803921568 0.06037581699346413 0.15772058823529417
0 0.6414542483660131 0.9027941176470587 0.06130718954248363 0.17485294117647066
0 0.342859477124183 0.19764705882352943 0.06426470588235292 0.16490196078431374
0 0.405718954248366 0.20230392156862748 0.06042483660130722 0.1713235294117647
0 0.47191176470588236 0.21801470588235294 0.07372549019607844 0.17561274509803923
0 0.5495261437908496 0.21943627450980394 0.06797385620915036 0.1670343137254902
0 0.644297385620915 0.22053921568627452 0.10892156862745093 0.17637254901960786