0 0.5898692810457516 0.23897058823529413 0.2107843137254902 0.0857843137254902
0 0.12091503267973856 0.2769607843137255 0.20915032679738563 0.09068627450980392
0 0.06454248366013073 0.058823529411764705 0.12908496732026145 0.06372549019607843
0 0.940359477124183 0.24142156862745098 0.10457516339869281 0.07598039215686274
0 0.03758169934640523 0.40931372549019607 0.07516339869281045 0.06372549019607843
0 0.6870915032679739 0.36519607843137253 0.06209150326797386 0.20588235294117646
0 0.6437908496732027 0.3713235294117647 0.05718954248366013 0.20833333333333334
0 0.40032679738562094 0.3909313725490196 0.05065359477124183 0.20833333333333334
0 0.34967320261437906 0.3958333333333333 0.058823529411764705 0.20588235294117646
0 0.4493464052287582 0.3872549019607843 0.05392156862745098 0.2107843137254902
0 0.10702614379084967 0.41544117647058826 0.05555555555555555 0.20588235294117646
0 0.15849673202614378 0.41299019607843135 0.058823529411764705 0.2107843137254902
0 0.3006535947712418 0.40318627450980393 0.05392156862745098 0.19852941176470587
0 0.4991830065359477 0.3909313725490196 0.05228758169934641 0.2034313725490196
0 0.5955882352941176 0.38357843137254904 0.05228758169934641 0.19117647058823528
0 0.5473856209150327 0.3872549019607843 0.05718954248366013 0.2034313725490196
0 0.20751633986928106 0.4215686274509804 0.04738562091503268 0.19852941176470587
0 0.2508169934640523 0.4178921568627451 0.05555555555555555 0.21323529411764705
0 0.8112745098039216 0.3860294117647059 0.2107843137254902 0.2426470588235294
0 0.9272875816993464 0.38235294117647056 0.06209150326797386 0.20833333333333334
0 0.035130718954248366 0.47671568627450983 0.07026143790849673 0.07107843137254902
0 0.3831699346405229 0.5330882352941176 0.20751633986928106 0.0857843137254902
0 0.5964052287581699 0.5159313725490197 0.20751633986928106 0.08823529411764706
0 0.17401960784313725 0.5637254901960784 0.20915032679738563 0.1053921568627451
0 0.8112745098039216 0.03799019607843137 0.18790849673202614 0.07598039215686274
0 0.9468954248366013 0.5306372549019608 0.10620915032679738 0.07598039215686274
0 0.5947712418300654 0.5906862745098039 0.20751633986928106 0.08333333333333333
0 0.3831699346405229 0.6078431372549019 0.20751633986928106 0.08333333333333333
0 0.7197712418300654 0.5821078431372549 0.05228758169934641 0.21323529411764705
0 0.035130718954248366 0.6482843137254902 0.05392156862745098 0.20098039215686275
0 0.954248366013072 0.028186274509803922 0.06209150326797386 0.056372549019607844
0 0.16911764705882354 0.6409313725490197 0.1830065359477124 0.09068627450980392
0 0.8161764705882353 0.5968137254901961 0.06699346405228758 0.20098039215686275
0 0.7687908496732027 0.6029411764705882 0.058823529411764705 0.19607843137254902
0 0.8660130718954249 0.6041666666666666 0.06372549019607843 0.20098039215686275
0 0.9509803921568627 0.5968137254901961 0.09803921568627451 0.0661764705882353
0 0.3815359477124183 0.6752450980392157 0.20751633986928106 0.09803921568627451
0 0.5915032679738562 0.6642156862745098 0.2042483660130719 0.08333333333333333
0 0.15604575163398693 0.7107843137254902 0.15849673202614378 0.0857843137254902
0 0.9485294117647058 0.6605392156862745 0.10294117647058823 0.07598039215686274
0 0.042483660130718956 0.7830882352941176 0.06699346405228758 0.0784313725490196
0 0.8823529411764706 0.7401960784313726 0.20588235294117646 0.10049019607843138
0 0.5155228758169934 0.8026960784313726 0.05392156862745098 0.19362745098039216
0 0.5629084967320261 0.8002450980392157 0.049019607843137254 0.18872549019607843
0 0.6086601307189542 0.8002450980392157 0.05392156862745098 0.19607843137254902
0 0.6584967320261438 0.7953431372549019 0.05718954248366013 0.2034313725490196
0 0.37663398692810457 0.8186274509803921 0.04738562091503268 0.19117647058823528
0 0.4223856209150327 0.8161764705882353 0.058823529411764705 0.19852941176470587
0 0.3300653594771242 0.8235294117647058 0.05718954248366013 0.19852941176470587
0 0.2761437908496732 0.8284313725490197 0.05555555555555555 0.20833333333333334
0 0.704248366013072 0.7953431372549019 0.05555555555555555 0.2107843137254902
0 0.46895424836601307 0.8149509803921569 0.06045751633986928 0.19852941176470587
0 0.7549019607843137 0.8014705882352942 0.06045751633986928 0.20588235294117646
0 0.125 0.8517156862745098 0.058823529411764705 0.19852941176470587
0 0.051470588235294115 0.8578431372549019 0.08169934640522876 0.0661764705882353
0 0.1772875816993464 0.8492647058823529 0.05392156862745098 0.19607843137254902
0 0.2246732026143791 0.8468137254901961 0.05718954248366013 0.2034313725490196
0 0.8897058823529411 0.8112745098039216 0.20588235294117646 0.09313725490196079
0 0.10457516339869281 0.11887254901960784 0.20588235294117646 0.09313725490196079
0 0.05310457516339869 0.9240196078431373 0.08006535947712418 0.0784313725490196
0 0.8905228758169934 0.8774509803921569 0.16666666666666666 0.0857843137254902
0 0.3709150326797386 0.10294117647058823 0.20751633986928106 0.09068627450980392
0 0.5882352941176471 0.08700980392156862 0.21568627450980393 0.08823529411764706
0 0.20506535947712418 0.9656862745098039 0.20751633986928106 0.06862745098039216
0 0.6233660130718954 0.9473039215686274 0.19934640522875818 0.10049019607843138
0 0.4166666666666667 0.9583333333333334 0.20915032679738563 0.08333333333333333
0 0.8276143790849673 0.9399509803921569 0.2042483660130719 0.0857843137254902
0 0.9632352941176471 0.9350490196078431 0.07352941176470588 0.061274509803921566
0 0.9362745098039216 0.09191176470588236 0.10294117647058823 0.07598039215686274
0 0.38480392156862747 0.17769607843137256 0.1895424836601307 0.0857843137254902
0 0.11601307189542484 0.20098039215686275 0.21241830065359477 0.09558823529411764
0 0.5849673202614379 0.1642156862745098 0.20588235294117646 0.09068627450980392
0 0.7148692810457516 0.16176470588235295 0.058823529411764705 0.20588235294117646
0 0.24509803921568626 0.20220588235294118 0.05228758169934641 0.21568627450980393
0 0.7655228758169934 0.17524509803921567 0.05555555555555555 0.2034313725490196
0 0.9370915032679739 0.16666666666666666 0.10620915032679738 0.07352941176470588
0 0.8104575163398693 0.18382352941176472 0.06535947712418301 0.21323529411764705
0 0.8578431372549019 0.20710784313725492 0.06372549019607843 0.16911764705882354
0 0.3790849673202614 0.25245098039215685 0.20261437908496732 0.0857843137254902