0 0.8995915032679738 0.3203186274509804 0.20081699346405235 0.19737745098039214
0 0.21784313725490195 0.3231127450980392 0.23272875816993466 0.1946323529411765
0 0.6807843137254902 0.3237990196078432 0.22897058823529412 0.18762254901960787
0 0.05 0.3247303921568628 0.1 0.1958823529411765
0 0.4506699346405229 0.33286764705882355 0.22892156862745103 0.1890441176470588
0 0.8991176470588235 0.5131127450980392 0.20174836601307194 0.20441176470588243
0 0.2243300653594771 0.5206862745098039 0.22531045751633985 0.18897058823529417
0 0.6793954248366013 0.5235539215686275 0.22805555555555565 0.20022058823529412
0 0.05352941176470588 0.5239950980392156 0.10705882352941176 0.19181372549019607
0 0.4506699346405229 0.5241666666666667 0.21964052287581692 0.18477941176470586
0 0.8978758169934641 0.7022058823529411 0.2042483660130719 0.19852941176470587
0 0.2243300653594771 0.7120833333333333 0.22344771241830066 0.18764705882352936
0 0.4506699346405229 0.7134803921568628 0.22334967320261434 0.19041666666666673
0 0.678937908496732 0.7148529411764707 0.23084967320261435 0.18762254901960781
0 0.055735294117647056 0.7186274509803922 0.11147058823529411 0.19171568627450988
0 0.8954248366013072 0.8958333333333334 0.20915032679738563 0.18872549019607843
0 0.22062091503267975 0.8992156862745098 0.2290196078431373 0.19171568627450988
0 0.44880718954248366 0.9012990196078432 0.22150326797385625 0.1847549019607843
0 0.674297385620915 0.901985294117647 0.2252777777777778 0.1861274509803923
0 0.05485294117647059 0.9066421568627452 0.10970588235294118 0.1783823529411764
0 0.21411764705882352 0.12485294117647058 0.2290196078431373 0.1961274509803921
0 0.04839869281045752 0.12737745098039216 0.09437908496732025 0.19848039215686278
0 0.9097875816993464 0.12759803921568627 0.1804084967320262 0.20164215686274506
0 0.6965522875816994 0.1345588235294118 0.22712418300653595 0.182156862745098
0 0.4506699346405229 0.13529411764705884 0.2270588235294118 0.19193627450980394