0 0.5985130718954249 0.24588235294117644 0.20906862745098045 0.06987745098039214
0 0.1296078431372549 0.24693627450980393 0.20735294117647057 0.07409313725490194
0 0.0794281045751634 0.02696078431372549 0.12919934640522876 0.0538970588235294
0 0.9490032679738561 0.2764950980392157 0.1019934640522877 0.06919117647058821
0 0.04001633986928104 0.3729411764705882 0.07800653594771242 0.05845588235294123
0 0.6918300653594771 0.3802696078431373 0.05454248366013071 0.2024019607843137
0 0.6481862745098039 0.3826960784313725 0.04973856209150336 0.20399509803921573
0 0.40467320261437906 0.38306372549019607 0.04277777777777779 0.20639705882352935
0 0.3535130718954248 0.3838725490196079 0.051911764705882324 0.2031862745098039
0 0.4534150326797386 0.3838725490196079 0.04704248366013066 0.20639705882352935
0 0.11053921568627452 0.3842892156862745 0.04815359477124183 0.20237745098039214
0 0.1619607843137255 0.3862990196078432 0.05133986928104578 0.20639705882352935
0 0.3039705882352941 0.3875 0.04710784313725488 0.1959313725490196
0 0.5032352941176471 0.39071078431372547 0.04594771241830066 0.19916666666666663
0 0.5999183006535947 0.3911029411764706 0.045375816993464026 0.18870098039215688
0 0.5509150326797386 0.3915196078431373 0.05021241830065362 0.20075980392156859
0 0.21096405228758172 0.3983578431372549 0.040065359477124175 0.19514705882352942
0 0.2538235294117647 0.39875 0.047549019607843176 0.2104166666666667
0 0.8150653594771242 0.41041666666666665 0.20240196078431374 0.22730392156862747
0 0.9307843137254902 0.4160294117647059 0.055571895424836586 0.2032107843137254
0 0.03594771241830065 0.43995098039215685 0.0718954248366013 0.0661764705882353
0 0.382156862745098 0.5237009803921568 0.20563725490196083 0.06973039215686272
0 0.595392156862745 0.5237009803921568 0.20563725490196083 0.07296568627450976
0 0.17238562091503268 0.538578431372549 0.2061437908496732 0.08821078431372552
0 0.8270098039215686 0.05401960784313725 0.18483660130718965 0.0821078431372549
0 0.9468954248366013 0.5661764705882353 0.10620915032679738 0.06862745098039216
0 0.5911111111111111 0.5976225490196079 0.20563725490196083 0.06811274509803926
0 0.37973856209150325 0.5984313725490196 0.2061764705882353 0.06647058823529406
0 0.7167483660130719 0.5992156862745097 0.04542483660130712 0.2095098039215686
0 0.030457516339869282 0.6116666666666667 0.04782679738562091 0.19742647058823526
0 0.9698692810457515 0.06242647058823529 0.06024509803921551 0.0571813725490196
0 0.16488562091503267 0.6152941176470588 0.18044117647058824 0.07772058823529407
0 0.8126633986928105 0.6221323529411765 0.05937908496732022 0.1974754901960784
0 0.7644607843137255 0.6241421568627452 0.05297385620915026 0.19183823529411767
0 0.8619444444444444 0.6321813725490196 0.05614379084967313 0.19666666666666668
0 0.9493464052287581 0.6329901960784313 0.10129084967320263 0.05845588235294123
0 0.375718954248366 0.6660049019607843 0.2045588235294117 0.08107843137254905
0 0.5854901960784313 0.6708333333333333 0.20187908496732018 0.06823529411764713
0 0.1493627450980392 0.6836764705882353 0.15687908496732025 0.07463235294117658
0 0.9463071895424836 0.6968627450980392 0.10699346405228762 0.0688725490196079
0 0.03341503267973857 0.7467401960784315 0.06468954248366014 0.07240196078431364
0 0.8737254901960785 0.7700735294117647 0.2039869281045751 0.08345588235294106
0 0.5048366013071895 0.8037745098039215 0.047009803921568595 0.1894852941176472
0 0.5522385620915033 0.8045833333333333 0.04323529411764712 0.18625000000000003
0 0.5980392156862745 0.8077941176470588 0.046977124183006536 0.19269607843137257
0 0.6476307189542484 0.8077941176470588 0.04972222222222214 0.19914215686274508
0 0.3652941176470588 0.8089950980392157 0.04011437908496734 0.18867647058823533
0 0.4110947712418301 0.8098039215686273 0.052401960784313716 0.19348039215686288
0 0.3191830065359477 0.8101960784313725 0.04967320261437905 0.19588235294117637
0 0.2648039215686275 0.8106127450980393 0.04916666666666662 0.20473039215686267
0 0.6934313725490197 0.8110294117647058 0.04916666666666672 0.207156862745098
0 0.45795751633986925 0.8126225490196078 0.054003267973856135 0.19428921568627447
0 0.7440522875816994 0.8206617647058824 0.053970588235294076 0.20235294117647074
0 0.11321895424836602 0.8222549019607843 0.05137254901960784 0.19428921568627447
0 0.03949346405228758 0.8226225490196079 0.07897058823529411 0.060073529411764685
0 0.1651797385620915 0.8230637254901961 0.047058823529411785 0.19267156862745102
0 0.21284313725490195 0.824656862745098 0.050261437908496714 0.20071078431372547
0 0.8782679738562091 0.8411764705882353 0.20344771241830065 0.07779411764705885
0 0.1186437908496732 0.08808823529411765 0.20297385620915032 0.07794117647058822
0 0.039346405228758166 0.887892156862745 0.07834967320261438 0.07301470588235286
0 0.8772058823529412 0.9078676470588236 0.16488562091503273 0.07294117647058822
0 0.38527777777777783 0.09372549019607844 0.20550653594771243 0.07399509803921568
0 0.6027777777777777 0.09507352941176471 0.21310457516339862 0.07129901960784314
0 0.18926470588235295 0.9528431372549019 0.20560457516339872 0.07289215686274512
0 0.6077124183006536 0.956985294117647 0.19598039215686264 0.08602941176470594
0 0.4006372549019608 0.9576470588235295 0.20722222222222225 0.07610294117647047
0 0.8115849673202615 0.9650245098039216 0.2018790849673203 0.06995098039215678
0 0.956045751633987 0.973063725490196 0.08790849673202607 0.05387254901960789
0 0.9496732026143792 0.12637254901960784 0.10065359477124168 0.06926470588235294
0 0.3962745098039216 0.1694607843137255 0.1879901960784314 0.0719362745098039
0 0.1271078431372549 0.17127450980392156 0.20986928104575164 0.0788235294117647
0 0.5969444444444444 0.17149509803921567 0.20323529411764704 0.07598039215686274
0 0.7267156862745098 0.17852941176470588 0.05246732026143793 0.2032107843137255
0 0.2555882352941176 0.18205882352941177 0.04562091503267977 0.21134803921568632
0 0.7767647058823529 0.19605392156862744 0.049313725490196 0.19916666666666671
0 0.9478758169934641 0.20110294117647057 0.10424836601307182 0.06519607843137254
0 0.8211928104575164 0.20816176470588238 0.0582679738562091 0.208578431372549
0 0.867875816993464 0.23544117647058824 0.05825163398692825 0.16480392156862747
0 0.3880555555555556 0.24370098039215687 0.20027777777777772 0.07066176470588231