0 0.7671568627450981 0.3028322440087146 0.0915032679738562 0.1568627450980392
0 0.6225490196078431 0.29193899782135074 0.08169934640522876 0.15904139433551198
0 0.9076797385620915 0.31917211328976036 0.09477124183006536 0.16122004357298475
0 0.8382352941176471 0.3137254901960784 0.10457516339869281 0.16339869281045752
0 0.5531045751633987 0.289760348583878 0.08006535947712418 0.15904139433551198
0 0.6936274509803921 0.3028322440087146 0.08496732026143791 0.16122004357298475
0 0.9656862745098039 0.3289760348583878 0.06862745098039216 0.16122004357298475
0 0.4803921568627451 0.28431372549019607 0.07516339869281045 0.1568627450980392
0 0.4076797385620915 0.27995642701525053 0.08006535947712418 0.15904139433551198
0 0.056372549019607844 0.24836601307189543 0.08333333333333333 0.1568627450980392
0 0.2647058823529412 0.2690631808278867 0.09640522875816994 0.15904139433551198
0 0.3374183006535948 0.2766884531590414 0.07679738562091504 0.1568627450980392
0 0.13071895424836602 0.2581699346405229 0.08986928104575163 0.15468409586056645
0 0.19934640522875818 0.2668845315904139 0.09640522875816994 0.15904139433551198
0 0.7295751633986928 0.4477124183006536 0.07516339869281045 0.14161220043572983
0 0.8856209150326797 0.46187363834422657 0.08823529411764706 0.1437908496732026
0 0.8202614379084967 0.45860566448801743 0.08986928104575163 0.1437908496732026
0 0.9526143790849673 0.47058823529411764 0.08496732026143791 0.13071895424836602
0 0.5972222222222222 0.43899782135076254 0.07352941176470588 0.1437908496732026
0 0.6625816993464052 0.4455337690631808 0.07352941176470588 0.14596949891067537
0 0.4632352941176471 0.42919389978213507 0.07679738562091504 0.1437908496732026
0 0.5302287581699346 0.434640522875817 0.06862745098039216 0.1437908496732026
0 0.04656862745098039 0.39106753812636164 0.08333333333333333 0.13725490196078433
0 0.3276143790849673 0.41938997821350765 0.07679738562091504 0.14596949891067537
0 0.39624183006535946 0.42701525054466233 0.07026143790849673 0.1394335511982571
0 0.24918300653594772 0.41612200435729846 0.08823529411764706 0.1394335511982571
0 0.18218954248366012 0.41612200435729846 0.08496732026143791 0.13725490196078433
0 0.11029411764705882 0.4095860566448802 0.08823529411764706 0.1437908496732026
0 0.9656862745098039 0.5958605664488017 0.06699346405228758 0.12636165577342048
0 0.7434640522875817 0.5816993464052288 0.07516339869281045 0.1328976034858388
0 0.8709150326797386 0.593681917211329 0.08823529411764706 0.13071895424836602
0 0.8063725490196079 0.5893246187363834 0.08169934640522876 0.12200435729847495
0 0.48447712418300654 0.5599128540305011 0.0718954248366013 0.12418300653594772
0 0.4166666666666667 0.5555555555555556 0.07026143790849673 0.12418300653594772
0 0.548202614379085 0.5697167755991286 0.07679738562091504 0.12854030501089325
0 0.6813725490196079 0.5827886710239651 0.07516339869281045 0.12854030501089325
0 0.035130718954248366 0.5206971677559913 0.07026143790849673 0.13071895424836602
0 0.613562091503268 0.5762527233115469 0.08006535947712418 0.13725490196078433
0 0.3553921568627451 0.5522875816993464 0.0718954248366013 0.12200435729847495
0 0.2883986928104575 0.5468409586056645 0.07679738562091504 0.12636165577342048
0 0.16339869281045752 0.5403050108932462 0.08006535947712418 0.12418300653594772
0 0.22140522875816993 0.545751633986928 0.08333333333333333 0.12418300653594772
0 0.09313725490196079 0.5381263616557734 0.08660130718954248 0.12854030501089325
0 0.9591503267973857 0.7178649237472767 0.06699346405228758 0.10893246187363835
0 0.34395424836601307 0.6623093681917211 0.06535947712418301 0.10893246187363835
0 0.46977124183006536 0.6764705882352942 0.06535947712418301 0.11328976034858387
0 0.7140522875816994 0.6993464052287581 0.07352941176470588 0.12200435729847495
0 0.40522875816993464 0.6721132897603486 0.06699346405228758 0.11546840958605664
0 0.9011437908496732 0.7178649237472767 0.08006535947712418 0.12200435729847495
0 0.28104575163398693 0.6612200435729847 0.07352941176470588 0.11546840958605664
0 0.21895424836601307 0.6557734204793029 0.06209150326797386 0.10893246187363835
0 0.035130718954248366 0.6372549019607843 0.07026143790849673 0.11546840958605664
0 0.15604575163398693 0.6525054466230937 0.07516339869281045 0.1111111111111111
0 0.5898692810457516 0.6938997821350763 0.06372549019607843 0.11546840958605664
0 0.6478758169934641 0.6993464052287581 0.06699346405228758 0.11764705882352941
0 0.8382352941176471 0.7178649237472767 0.07516339869281045 0.11764705882352941
0 0.7761437908496732 0.7135076252723311 0.07679738562091504 0.11546840958605664
0 0.08660130718954248 0.6503267973856209 0.07679738562091504 0.1111111111111111
0 0.5294117647058824 0.6938997821350763 0.06699346405228758 0.11328976034858387
0 0.1715686274509804 0.7559912854030502 0.06699346405228758 0.10021786492374728
0 0.9387254901960784 0.8278867102396514 0.07516339869281045 0.10893246187363835
0 0.22712418300653595 0.7657952069716776 0.06209150326797386 0.10675381263616558
0 0.8790849673202614 0.8278867102396514 0.07352941176470588 0.10893246187363835
0 0.6413398692810458 0.8061002178649237 0.06372549019607843 0.10675381263616558
0 0.4011437908496732 0.7854030501089324 0.06372549019607843 0.10893246187363835
0 0.013888888888888888 0.7472766884531591 0.027777777777777776 0.10893246187363835
0 0.6977124183006536 0.8137254901960784 0.0718954248366013 0.11328976034858387
0 0.11274509803921569 0.7592592592592593 0.07352941176470588 0.10021786492374728
0 0.5800653594771242 0.803921568627451 0.06209150326797386 0.10893246187363835
0 0.8169934640522876 0.826797385620915 0.07026143790849673 0.10893246187363835
0 0.34068627450980393 0.7832244008714597 0.06372549019607843 0.10457516339869281
0 0.049836601307189546 0.7559912854030502 0.07516339869281045 0.10675381263616558
0 0.5220588235294118 0.8006535947712419 0.06372549019607843 0.10893246187363835
0 0.2826797385620915 0.7799564270152506 0.058823529411764705 0.10239651416122005
0 0.4624183006535948 0.7962962962962963 0.06535947712418301 0.10893246187363835
0 0.7598039215686274 0.8257080610021786 0.06699346405228758 0.10893246187363835
0 0.9509803921568627 0.9248366013071896 0.06045751633986928 0.0915032679738562
0 0.012254901960784314 0.8387799564270153 0.024509803921568627 0.08278867102396514
0 0.9035947712418301 0.9237472766884531 0.07026143790849673 0.10239651416122005
0 0.04493464052287582 0.8485838779956427 0.06535947712418301 0.0915032679738562
0 0.2099673202614379 0.8649237472766884 0.06372549019607843 0.10239651416122005
0 0.15522875816993464 0.8605664488017429 0.06699346405228758 0.10239651416122005
0 0.32679738562091504 0.8790849673202614 0.06209150326797386 0.09803921568627451
0 0.3839869281045752 0.8845315904139434 0.06372549019607843 0.09586056644880174
0 0.2679738562091503 0.8736383442265795 0.06209150326797386 0.10021786492374728
0 0.8390522875816994 0.9281045751633987 0.06045751633986928 0.0915032679738562
0 0.44362745098039214 0.8921568627450981 0.05718954248366013 0.10239651416122005
0 0.7271241830065359 0.9183006535947712 0.06372549019607843 0.09586056644880174
0 0.09477124183006536 0.8649237472766884 0.0718954248366013 0.09586056644880174
0 0.49836601307189543 0.9041394335511983 0.06209150326797386 0.09803921568627451
0 0.7834967320261438 0.9313725490196079 0.06699346405228758 0.09586056644880174
0 0.5555555555555556 0.9106753812636166 0.06372549019607843 0.09803921568627451
0 0.6691176470588235 0.9215686274509803 0.06699346405228758 0.10239651416122005
0 0.6143790849673203 0.9193899782135077 0.06372549019607843 0.10239651416122005
0 0.8398692810457516 0.14814814814814814 0.09313725490196079 0.17429193899782136
0 0.9166666666666666 0.15577342047930284 0.09803921568627451 0.1786492374727669
0 0.7671568627450981 0.1437908496732026 0.09313725490196079 0.17429193899782136
0 0.9689542483660131 0.1644880174291939 0.06209150326797386 0.17647058823529413
0 0.6160130718954249 0.1318082788671024 0.0915032679738562 0.18082788671023964
0 0.6911764705882353 0.1394335511982571 0.08986928104575163 0.18082788671023964
0 0.5433006535947712 0.12745098039215685 0.08660130718954248 0.17647058823529413
0 0.46568627450980393 0.12091503267973856 0.08496732026143791 0.1830065359477124
0 0.3104575163398693 0.11220043572984749 0.08660130718954248 0.18082788671023964
0 0.3897058823529412 0.11982570806100218 0.08496732026143791 0.18082788671023964
0 0.04493464052287582 0.08823529411764706 0.05718954248366013 0.1655773420479303
0 0.09967320261437909 0.09477124183006536 0.08986928104575163 0.17429193899782136
0 0.17647058823529413 0.10239651416122005 0.09803921568627451 0.17429193899782136