0 0.8300653594771242 0.24509803921568626 0.10675381263616558 0.11601307189542484
0 0.4095860566448802 0.2238562091503268 0.11764705882352941 0.13562091503267973
0 0.9270152505446623 0.255718954248366 0.12200435729847495 0.12418300653594772
0 0.11982570806100218 0.21405228758169934 0.11328976034858387 0.11437908496732026
0 0.3082788671023965 0.22549019607843138 0.09586056644880174 0.119281045751634
0 0.7189542483660131 0.24918300653594772 0.1111111111111111 0.12745098039215685
0 0.6187363834422658 0.24509803921568626 0.10457516339869281 0.12254901960784313
0 0.22113289760348584 0.2246732026143791 0.10457516339869281 0.11274509803921569
0 0.5152505446623094 0.24428104575163398 0.11546840958605664 0.12581699346405228
0 0.840958605664488 0.3619281045751634 0.10457516339869281 0.119281045751634
0 0.11437908496732026 0.3284313725490196 0.10021786492374728 0.12091503267973856
0 0.31699346405228757 0.34477124183006536 0.10675381263616558 0.12581699346405228
0 0.04139433551198257 0.33088235294117646 0.06318082788671024 0.11437908496732026
0 0.7222222222222222 0.3668300653594771 0.10893246187363835 0.11274509803921569
0 0.6230936819172114 0.3619281045751634 0.11546840958605664 0.12581699346405228
0 0.2113289760348584 0.34068627450980393 0.11982570806100218 0.13071895424836602
0 0.9291938997821351 0.3790849673202614 0.10675381263616558 0.11601307189542484
0 0.41830065359477125 0.35375816993464054 0.11328976034858387 0.12418300653594772
0 0.5206971677559913 0.36437908496732024 0.10239651416122005 0.11437908496732026
0 0.9662309368191722 0.48856209150326796 0.06753812636165578 0.10784313725490197
0 0.8769063180827886 0.4861111111111111 0.10893246187363835 0.11437908496732026
0 0.7810457516339869 0.4820261437908497 0.1111111111111111 0.119281045751634
0 0.06427015250544663 0.4452614379084967 0.11546840958605664 0.12418300653594772
0 0.6742919389978214 0.4795751633986928 0.10893246187363835 0.12091503267973856
0 0.3747276688453159 0.4673202614379085 0.10675381263616558 0.11437908496732026
0 0.2777777777777778 0.4624183006535948 0.10675381263616558 0.11601307189542484
0 0.4760348583877996 0.4738562091503268 0.10457516339869281 0.11437908496732026
0 0.17429193899782136 0.4583333333333333 0.11982570806100218 0.12091503267973856
0 0.5762527233115469 0.4861111111111111 0.10457516339869281 0.11437908496732026
0 0.0784313725490196 0.5604575163398693 0.10457516339869281 0.1111111111111111
0 0.8605664488017429 0.6070261437908496 0.10239651416122005 0.11764705882352941
0 0.7668845315904139 0.6021241830065359 0.10239651416122005 0.12091503267973856
0 0.27233115468409586 0.576797385620915 0.10457516339869281 0.119281045751634
0 0.6699346405228758 0.5988562091503268 0.10239651416122005 0.11601307189542484
0 0.37145969498910675 0.5833333333333334 0.10675381263616558 0.119281045751634
0 0.9575163398692811 0.6151960784313726 0.0784313725490196 0.12091503267973856
0 0.1721132897603486 0.5751633986928104 0.10675381263616558 0.11601307189542484
0 0.47058823529411764 0.5906862745098039 0.1111111111111111 0.1111111111111111
0 0.5708061002178649 0.5996732026143791 0.10239651416122005 0.11764705882352941
0 0.7962962962962963 0.7124183006535948 0.10675381263616558 0.12908496732026145
0 0.10675381263616558 0.6772875816993464 0.1111111111111111 0.119281045751634
0 0.6873638344226579 0.7075163398692811 0.10457516339869281 0.10947712418300654
0 0.3954248366013072 0.696078431372549 0.09586056644880174 0.11274509803921569
0 0.20588235294117646 0.6870915032679739 0.10893246187363835 0.1111111111111111
0 0.4912854030501089 0.7034313725490197 0.10675381263616558 0.11274509803921569
0 0.3082788671023965 0.6944444444444444 0.09586056644880174 0.1111111111111111
0 0.02832244008714597 0.678921568627451 0.05664488017429194 0.10947712418300654
0 0.5838779956427015 0.7099673202614379 0.10675381263616558 0.1111111111111111
0 0.8986928104575164 0.7271241830065359 0.10239651416122005 0.119281045751634
0 0.9455337690631809 0.8251633986928104 0.06100217864923747 0.10130718954248366
0 0.7745098039215687 0.8202614379084967 0.10893246187363835 0.1111111111111111
0 0.6710239651416122 0.8178104575163399 0.10457516339869281 0.12091503267973856
0 0.8703703703703703 0.8276143790849673 0.10021786492374728 0.09640522875816994
0 0.5773420479302832 0.8194444444444444 0.10239651416122005 0.12091503267973856
0 0.48474945533769065 0.8194444444444444 0.10675381263616558 0.10784313725490197
0 0.39433551198257083 0.8145424836601307 0.10675381263616558 0.11437908496732026
0 0.29193899782135074 0.8120915032679739 0.10893246187363835 0.10947712418300654
0 0.0784313725490196 0.8047385620915033 0.11328976034858387 0.12254901960784313
0 0.014161220043572984 0.8006535947712419 0.02832244008714597 0.12418300653594772
0 0.1786492374727669 0.8129084967320261 0.10893246187363835 0.11274509803921569
0 0.7647058823529411 0.9240196078431373 0.09803921568627451 0.09803921568627451
0 0.8605664488017429 0.9305555555555556 0.11328976034858387 0.1388888888888889
0 0.934640522875817 0.9362745098039216 0.06100217864923747 0.12745098039215685
0 0.38562091503267976 0.9125816993464052 0.10021786492374728 0.10130718954248366
0 0.6655773420479303 0.9281045751633987 0.10021786492374728 0.10620915032679738
0 0.5729847494553377 0.9297385620915033 0.09586056644880174 0.10620915032679738
0 0.2886710239651416 0.9174836601307189 0.09368191721132897 0.10294117647058823
0 0.4738562091503268 0.9272875816993464 0.10675381263616558 0.11274509803921569
0 0.19389978213507625 0.9133986928104575 0.10893246187363835 0.10947712418300654
0 0.015250544662309368 0.9117647058823529 0.030501089324618737 0.10784313725490197
0 0.08932461873638345 0.9183006535947712 0.1111111111111111 0.10784313725490197
0 0.8300653594771242 0.11356209150326797 0.11764705882352941 0.1323529411764706
0 0.10893246187363835 0.0857843137254902 0.10893246187363835 0.12418300653594772
0 0.9335511982570807 0.12908496732026145 0.11764705882352941 0.12418300653594772
0 0.4084967320261438 0.10212418300653595 0.10893246187363835 0.13071895424836602
0 0.5087145969498911 0.10784313725490197 0.11328976034858387 0.1323529411764706
0 0.7156862745098039 0.125 0.11328976034858387 0.12581699346405228
0 0.3093681917211329 0.10620915032679738 0.10893246187363835 0.12254901960784313
0 0.6111111111111112 0.12336601307189543 0.10675381263616558 0.12254901960784313
0 0.2167755991285403 0.11029411764705882 0.10675381263616558 0.12091503267973856