0 0.6764705882352942 0.25 0.17647058823529413 0.07107843137254902
0 0.5351307189542484 0.24877450980392157 0.08333333333333333 0.07107843137254902
0 0.8521241830065359 0.25735294117647056 0.16666666666666666 0.07598039215686274
0 0.3619281045751634 0.24754901960784315 0.08333333333333333 0.06862745098039216
0 0.27532679738562094 0.25 0.08169934640522876 0.06862745098039216
0 0.09068627450980392 0.24754901960784315 0.07679738562091504 0.0661764705882353
0 0.18382352941176472 0.2536764705882353 0.08169934640522876 0.0661764705882353
0 0.6748366013071896 0.3174019607843137 0.17483660130718953 0.07107843137254902
0 0.5302287581699346 0.31495098039215685 0.08333333333333333 0.0661764705882353
0 0.4444444444444444 0.3137254901960784 0.08333333333333333 0.0661764705882353
0 0.8529411764705882 0.32598039215686275 0.1715686274509804 0.07598039215686274
0 0.35294117647058826 0.31495098039215685 0.08333333333333333 0.0661764705882353
0 0.08986928104575163 0.3137254901960784 0.07352941176470588 0.06372549019607843
0 0.2222222222222222 0.31862745098039214 0.16666666666666666 0.07598039215686274
0 0.6658496732026143 0.38480392156862747 0.17320261437908496 0.07107843137254902
0 0.4918300653594771 0.38235294117647056 0.17483660130718953 0.07107843137254902
0 0.8586601307189542 0.39215686274509803 0.16339869281045752 0.07352941176470588
0 0.35375816993464054 0.38112745098039214 0.08496732026143791 0.0661764705882353
0 0.08823529411764706 0.38112745098039214 0.07026143790849673 0.0661764705882353
0 0.22058823529411764 0.38848039215686275 0.16830065359477125 0.06862745098039216
0 0.9019607843137255 0.4571078431372549 0.08823529411764706 0.06862745098039216
0 0.7140522875816994 0.4522058823529412 0.08333333333333333 0.0661764705882353
0 0.6282679738562091 0.4522058823529412 0.08496732026143791 0.0661764705882353
0 0.39215686274509803 0.44730392156862747 0.17483660130718953 0.07107843137254902
0 0.7998366013071896 0.4583333333333333 0.08496732026143791 0.06862745098039216
0 0.5302287581699346 0.45465686274509803 0.08660130718954248 0.06862745098039216
0 0.08333333333333333 0.44730392156862747 0.08006535947712418 0.0661764705882353
0 0.2622549019607843 0.4534313725490196 0.07516339869281045 0.06372549019607843
0 0.17483660130718953 0.45588235294117646 0.08333333333333333 0.0661764705882353
0 0.8978758169934641 0.5269607843137255 0.08333333333333333 0.0661764705882353
0 0.6985294117647058 0.5220588235294118 0.07516339869281045 0.06372549019607843
0 0.6184640522875817 0.5208333333333334 0.07679738562091504 0.0661764705882353
0 0.7973856209150327 0.5245098039215687 0.08660130718954248 0.0661764705882353
0 0.5334967320261438 0.5208333333333334 0.08006535947712418 0.06862745098039216
0 0.39950980392156865 0.5171568627450981 0.17483660130718953 0.07598039215686274
0 0.08496732026143791 0.5147058823529411 0.08006535947712418 0.0661764705882353
0 0.26552287581699346 0.5196078431372549 0.08006535947712418 0.0661764705882353
0 0.1715686274509804 0.5220588235294118 0.08496732026143791 0.06862745098039216
0 0.7075163398692811 0.5894607843137255 0.08333333333333333 0.0661764705882353
0 0.7949346405228758 0.5919117647058824 0.08333333333333333 0.0661764705882353
0 0.6209150326797386 0.5882352941176471 0.08333333333333333 0.06862745098039216
0 0.8913398692810458 0.5955882352941176 0.08333333333333333 0.0661764705882353
0 0.3946078431372549 0.5845588235294118 0.17320261437908496 0.07107843137254902
0 0.5318627450980392 0.5882352941176471 0.08660130718954248 0.07352941176470588
0 0.07107843137254902 0.5796568627450981 0.0784313725490196 0.0661764705882353
0 0.15359477124183007 0.5857843137254902 0.0784313725490196 0.0661764705882353
0 0.255718954248366 0.5882352941176471 0.07516339869281045 0.06372549019607843
0 0.7916666666666666 0.6593137254901961 0.08333333333333333 0.07107843137254902
0 0.7066993464052288 0.6568627450980392 0.08006535947712418 0.06372549019607843
0 0.6225490196078431 0.6556372549019608 0.08333333333333333 0.06862745098039216
0 0.43709150326797386 0.6519607843137255 0.08333333333333333 0.06372549019607843
0 0.8913398692810458 0.6642156862745098 0.08496732026143791 0.0661764705882353
0 0.352124183006536 0.6507352941176471 0.08496732026143791 0.06862745098039216
0 0.5359477124183006 0.6556372549019608 0.08333333333333333 0.0661764705882353
0 0.06781045751633986 0.6458333333333334 0.07516339869281045 0.0661764705882353
0 0.16013071895424835 0.6507352941176471 0.08333333333333333 0.0661764705882353
0 0.2622549019607843 0.6531862745098039 0.07679738562091504 0.0661764705882353
0 0.9011437908496732 0.7291666666666666 0.08333333333333333 0.0661764705882353
0 0.8161764705882353 0.7279411764705882 0.08169934640522876 0.06862745098039216
0 0.43790849673202614 0.7181372549019608 0.08333333333333333 0.06862745098039216
0 0.7107843137254902 0.7254901960784313 0.08496732026143791 0.06862745098039216
0 0.6225490196078431 0.7242647058823529 0.08169934640522876 0.06862745098039216
0 0.5359477124183006 0.7218137254901961 0.08333333333333333 0.07352941176470588
0 0.34558823529411764 0.7169117647058824 0.08496732026143791 0.0661764705882353
0 0.06454248366013073 0.7120098039215687 0.08169934640522876 0.06862745098039216
0 0.15931372549019607 0.7144607843137255 0.07679738562091504 0.06372549019607843
0 0.2638888888888889 0.7193627450980392 0.08169934640522876 0.06372549019607843
0 0.8970588235294118 0.7953431372549019 0.07516339869281045 0.06372549019607843
0 0.35130718954248363 0.7818627450980392 0.0784313725490196 0.0661764705882353
0 0.4354575163398693 0.7843137254901961 0.08333333333333333 0.0661764705882353
0 0.8137254901960784 0.7953431372549019 0.08333333333333333 0.0661764705882353
0 0.7083333333333334 0.7941176470588235 0.08333333333333333 0.0661764705882353
0 0.15931372549019607 0.7794117647058824 0.0784313725490196 0.06372549019607843
0 0.5367647058823529 0.7904411764705882 0.08169934640522876 0.0661764705882353
0 0.6233660130718954 0.7928921568627451 0.08496732026143791 0.0661764705882353
0 0.2696078431372549 0.7855392156862745 0.08006535947712418 0.0661764705882353
0 0.0718954248366013 0.7806372549019608 0.08333333333333333 0.0661764705882353
0 0.6821895424836601 0.14215686274509803 0.08823529411764706 0.06372549019607843
0 0.7655228758169934 0.1568627450980392 0.06045751633986928 0.06372549019607843
0 0.315359477124183 0.17892156862745098 0.16993464052287582 0.0784313725490196
0 0.6266339869281046 0.1948529411764706 0.07679738562091504 0.049019607843137254
0 0.7026143790849673 0.19852941176470587 0.07352941176470588 0.041666666666666664
0 0.4673202614379085 0.19240196078431374 0.07679738562091504 0.04411764705882353
0 0.5465686274509803 0.19730392156862744 0.08006535947712418 0.051470588235294115
0 0.7802287581699346 0.20465686274509803 0.0718954248366013 0.03676470588235294
0 0.4493464052287582 0.2426470588235294 0.08333333333333333 0.07107843137254902