0 0.17647058823529413 0.21568627450980393 0.049019607843137254 0.10784313725490197
0 0.26143790849673204 0.23039215686274508 0.04738562091503268 0.10294117647058823
0 0.22058823529411764 0.22549019607843138 0.04738562091503268 0.09803921568627451
0 0.08905228758169935 0.20710784313725492 0.04738562091503268 0.1053921568627451
0 0.13398692810457516 0.21568627450980393 0.04738562091503268 0.10294117647058823
0 0.6919934640522876 0.30637254901960786 0.05065359477124183 0.10784313725490197
0 0.6053921568627451 0.29411764705882354 0.049019607843137254 0.1053921568627451
0 0.47794117647058826 0.27450980392156865 0.04738562091503268 0.1053921568627451
0 0.6462418300653595 0.3014705882352941 0.0457516339869281 0.10294117647058823
0 0.9044117647058824 0.34191176470588236 0.04738562091503268 0.10294117647058823
0 0.9477124183006536 0.35049019607843135 0.049019607843137254 0.1053921568627451
0 0.0457516339869281 0.20833333333333334 0.04738562091503268 0.10049019607843138
0 0.7336601307189542 0.3174019607843137 0.0457516339869281 0.1053921568627451
0 0.7728758169934641 0.3247549019607843 0.04411764705882353 0.09558823529411764
0 0.8602941176470589 0.3394607843137255 0.05065359477124183 0.10784313725490197
0 0.30637254901960786 0.2536764705882353 0.049019607843137254 0.10049019607843138
0 0.9828431372549019 0.3627450980392157 0.03431372549019608 0.10294117647058823
0 0.5620915032679739 0.29534313725490197 0.05065359477124183 0.10784313725490197
0 0.5187908496732027 0.28921568627450983 0.05555555555555555 0.11029411764705882
0 0.434640522875817 0.27818627450980393 0.049019607843137254 0.1053921568627451
0 0.34558823529411764 0.2647058823529412 0.05065359477124183 0.1053921568627451
0 0.39052287581699346 0.27450980392156865 0.05065359477124183 0.10784313725490197
0 0.8145424836601307 0.3443627450980392 0.04738562091503268 0.10294117647058823
0 0.20179738562091504 0.3235294117647059 0.05555555555555555 0.10784313725490197
0 0.15931372549019607 0.32230392156862747 0.0457516339869281 0.10294117647058823
0 0.12009803921568628 0.31862745098039214 0.0457516339869281 0.10049019607843138
0 0.24591503267973855 0.3382352941176471 0.05228758169934641 0.10784313725490197
0 0.03594771241830065 0.30637254901960786 0.05228758169934641 0.10784313725490197
0 0.6691176470588235 0.4068627450980392 0.049019607843137254 0.1053921568627451
0 0.08006535947712418 0.31495098039215685 0.049019607843137254 0.1053921568627451
0 0.928921568627451 0.4497549019607843 0.04738562091503268 0.10294117647058823
0 0.5874183006535948 0.3958333333333333 0.05065359477124183 0.11029411764705882
0 0.8856209150326797 0.44362745098039214 0.04738562091503268 0.10294117647058823
0 0.7573529411764706 0.42401960784313725 0.04738562091503268 0.1053921568627451
0 0.9714052287581699 0.4583333333333333 0.05065359477124183 0.09803921568627451
0 0.4542483660130719 0.37745098039215685 0.05228758169934641 0.10784313725490197
0 0.6290849673202614 0.4056372549019608 0.04411764705882353 0.10294117647058823
0 0.5433006535947712 0.39338235294117646 0.049019607843137254 0.1053921568627451
0 0.7132352941176471 0.42034313725490197 0.04738562091503268 0.10784313725490197
0 0.2883986928104575 0.3541666666666667 0.0457516339869281 0.10294117647058823
0 0.49836601307189543 0.38848039215686275 0.05228758169934641 0.10049019607843138
0 0.3292483660130719 0.36519607843137253 0.0457516339869281 0.1053921568627451
0 0.41094771241830064 0.38112745098039214 0.049019607843137254 0.10049019607843138
0 0.798202614379085 0.44362745098039214 0.04738562091503268 0.10294117647058823
0 0.36764705882352944 0.3762254901960784 0.049019607843137254 0.1053921568627451
0 0.8398692810457516 0.45098039215686275 0.04738562091503268 0.1053921568627451
0 0.20016339869281047 0.43014705882352944 0.04738562091503268 0.10294117647058823
0 0.15849673202614378 0.4252450980392157 0.049019607843137254 0.10784313725490197
0 0.11601307189542484 0.42034313725490197 0.05065359477124183 0.1053921568627451
0 0.2434640522875817 0.4411764705882353 0.05065359477124183 0.1053921568627451
0 0.6184640522875817 0.5036764705882353 0.04738562091503268 0.10294117647058823
0 0.6625816993464052 0.5110294117647058 0.05065359477124183 0.10784313725490197
0 0.8758169934640523 0.5453431372549019 0.05065359477124183 0.1053921568627451
0 0.07107843137254902 0.4178921568627451 0.05065359477124183 0.10784313725490197
0 0.9191176470588235 0.5526960784313726 0.04738562091503268 0.09803921568627451
0 0.45179738562091504 0.4803921568627451 0.04738562091503268 0.1053921568627451
0 0.4934640522875817 0.48651960784313725 0.049019607843137254 0.1053921568627451
0 0.7508169934640523 0.5281862745098039 0.04411764705882353 0.10049019607843138
0 0.5759803921568627 0.5 0.05065359477124183 0.10294117647058823
0 0.026143790849673203 0.41421568627450983 0.05228758169934641 0.11029411764705882
0 0.5343137254901961 0.49387254901960786 0.049019607843137254 0.1053921568627451
0 0.2834967320261438 0.45588235294117646 0.05065359477124183 0.1053921568627451
0 0.7075163398692811 0.5232843137254902 0.04738562091503268 0.1053921568627451
0 0.9575163398692811 0.5637254901960784 0.04411764705882353 0.10294117647058823
0 0.4084967320261438 0.48161764705882354 0.05392156862745098 0.10294117647058823
0 0.32516339869281047 0.4693627450980392 0.04738562091503268 0.10294117647058823
0 0.7900326797385621 0.5441176470588235 0.0457516339869281 0.10049019607843138
0 0.8308823529411765 0.553921568627451 0.042483660130718956 0.10049019607843138
0 0.36764705882352944 0.48284313725490197 0.05228758169934641 0.10784313725490197
0 0.19281045751633988 0.5294117647058824 0.05228758169934641 0.10294117647058823
0 0.6143790849673203 0.6017156862745098 0.0457516339869281 0.10049019607843138
0 0.2361111111111111 0.5441176470588235 0.04738562091503268 0.1053921568627451
0 0.9158496732026143 0.6519607843137255 0.05555555555555555 0.1053921568627451
0 0.10375816993464053 0.5232843137254902 0.04738562091503268 0.10784313725490197
0 0.5735294117647058 0.5980392156862745 0.0457516339869281 0.09803921568627451
0 0.7491830065359477 0.6262254901960784 0.05065359477124183 0.1053921568627451
0 0.6609477124183006 0.6127450980392157 0.04738562091503268 0.1053921568627451
0 0.28022875816993464 0.04044117647058824 0.05392156862745098 0.08088235294117647
0 0.14950980392156862 0.025735294117647058 0.04738562091503268 0.051470588235294115
0 0.2361111111111111 0.03676470588235294 0.05392156862745098 0.07352941176470588
0 0.061274509803921566 0.5196078431372549 0.04738562091503268 0.10294117647058823
0 0.14624183006535948 0.5343137254901961 0.049019607843137254 0.10294117647058823
0 0.4387254901960784 0.5808823529411765 0.05228758169934641 0.1053921568627451
0 0.8741830065359477 0.6495098039215687 0.05065359477124183 0.10294117647058823
0 0.2761437908496732 0.5563725490196079 0.04411764705882353 0.09558823529411764
0 0.48366013071895425 0.5894607843137255 0.0457516339869281 0.10049019607843138
0 0.5302287581699346 0.5968137254901961 0.05065359477124183 0.1053921568627451
0 0.7026143790849673 0.6237745098039216 0.04738562091503268 0.10294117647058823
0 0.022058823529411766 0.5183823529411765 0.04411764705882353 0.1053921568627451
0 0.315359477124183 0.5661764705882353 0.0457516339869281 0.09558823529411764
0 0.9607843137254902 0.6678921568627451 0.04738562091503268 0.10294117647058823
0 0.7900326797385621 0.6446078431372549 0.0457516339869281 0.10049019607843138
0 0.3954248366013072 0.5845588235294118 0.04738562091503268 0.10294117647058823
0 0.829248366013072 0.6544117647058824 0.0457516339869281 0.10049019607843138
0 0.3562091503267974 0.5857843137254902 0.049019607843137254 0.09803921568627451
0 0.19444444444444445 0.031862745098039214 0.05228758169934641 0.06372549019607843
0 0.10457516339869281 0.02696078431372549 0.05228758169934641 0.05392156862745098
0 0.6691176470588235 0.09191176470588236 0.04738562091503268 0.1053921568627451
0 0.7099673202614379 0.09803921568627451 0.049019607843137254 0.1053921568627451
0 0.18137254901960784 0.633578431372549 0.0457516339869281 0.10294117647058823
0 0.613562091503268 0.7046568627450981 0.049019607843137254 0.10049019607843138
0 0.5678104575163399 0.6973039215686274 0.049019607843137254 0.10294117647058823
0 0.06454248366013073 0.025735294117647058 0.04411764705882353 0.051470588235294115
0 0.6266339869281046 0.08700980392156862 0.049019607843137254 0.10784313725490197
0 0.056372549019607844 0.6188725490196079 0.05228758169934641 0.10294117647058823
0 0.6560457516339869 0.7132352941176471 0.04411764705882353 0.10294117647058823
0 0.10130718954248366 0.6262254901960784 0.0457516339869281 0.10049019607843138
0 0.7426470588235294 0.7279411764705882 0.05555555555555555 0.10784313725490197
0 0.22140522875816993 0.6470588235294118 0.04738562091503268 0.1053921568627451
0 0.26633986928104575 0.6544117647058824 0.04738562091503268 0.1053921568627451
0 0.13970588235294118 0.633578431372549 0.04738562091503268 0.10049019607843138
0 0.44199346405228757 0.6838235294117647 0.04738562091503268 0.10784313725490197
0 0.4820261437908497 0.6911764705882353 0.05065359477124183 0.1053921568627451
0 0.018790849673202614 0.6151960784313726 0.03758169934640523 0.09803921568627451
0 0.6968954248366013 0.7279411764705882 0.049019607843137254 0.1053921568627451
0 0.5245098039215687 0.7009803921568627 0.049019607843137254 0.10294117647058823
0 0.9183006535947712 0.7647058823529411 0.042483660130718956 0.10294117647058823
0 0.9616013071895425 0.7708333333333334 0.05065359477124183 0.10294117647058823
0 0.7867647058823529 0.7438725490196079 0.049019607843137254 0.1053921568627451
0 0.8790849673202614 0.7598039215686274 0.049019607843137254 0.10294117647058823
0 0.3112745098039216 0.6703431372549019 0.05228758169934641 0.1053921568627451
0 0.39624183006535946 0.6862745098039216 0.05065359477124183 0.10294117647058823
0 0.8349673202614379 0.7561274509803921 0.0457516339869281 0.09558823529411764
0 0.35375816993464054 0.6825980392156863 0.04738562091503268 0.10049019607843138
0 0.9616013071895425 0.14338235294117646 0.0457516339869281 0.10049019607843138
0 0.5 0.07107843137254902 0.05065359477124183 0.10784313725490197
0 0.9191176470588235 0.13848039215686275 0.049019607843137254 0.10784313725490197
0 0.7924836601307189 0.12009803921568628 0.0457516339869281 0.10049019607843138
0 0.7516339869281046 0.11397058823529412 0.04738562091503268 0.10049019607843138
0 0.3243464052287582 0.051470588235294115 0.05065359477124183 0.10294117647058823
0 0.5416666666666666 0.0821078431372549 0.04738562091503268 0.1053921568627451
0 0.5849673202614379 0.09068627450980392 0.049019607843137254 0.1053921568627451
0 0.8349673202614379 0.12990196078431374 0.04738562091503268 0.1053921568627451
0 0.8774509803921569 0.13725490196078433 0.04738562091503268 0.10294117647058823
0 0.45588235294117646 0.07107843137254902 0.05392156862745098 0.11274509803921569
0 0.5678104575163399 0.7990196078431373 0.0457516339869281 0.10049019607843138
0 0.08986928104575163 0.7267156862745098 0.05228758169934641 0.1053921568627451
0 0.17483660130718953 0.741421568627451 0.049019607843137254 0.10294117647058823
0 0.0457516339869281 0.7205882352941176 0.0457516339869281 0.10049019607843138
0 0.013888888888888888 0.7144607843137255 0.027777777777777776 0.10049019607843138
0 0.6111111111111112 0.8112745098039216 0.049019607843137254 0.1053921568627451
0 0.7361111111111112 0.8308823529411765 0.049019607843137254 0.1053921568627451
0 0.21977124183006536 0.75 0.05228758169934641 0.11029411764705882
0 0.1323529411764706 0.7377450980392157 0.049019607843137254 0.10294117647058823
0 0.2622549019607843 0.7598039215686274 0.049019607843137254 0.10294117647058823
0 0.477124183006536 0.7941176470588235 0.0457516339869281 0.10784313725490197
0 0.6544117647058824 0.8235294117647058 0.049019607843137254 0.11029411764705882
0 0.6944444444444444 0.8308823529411765 0.04411764705882353 0.09558823529411764
0 0.5228758169934641 0.803921568627451 0.05065359477124183 0.11029411764705882
0 0.434640522875817 0.7904411764705882 0.04411764705882353 0.10294117647058823
0 0.7761437908496732 0.8455882352941176 0.049019607843137254 0.1053921568627451
0 0.3946078431372549 0.7855392156862745 0.0457516339869281 0.10049019607843138
0 0.9534313725490197 0.8737745098039216 0.04738562091503268 0.10784313725490197
0 0.9076797385620915 0.8688725490196079 0.05065359477124183 0.1053921568627451
0 0.8218954248366013 0.8578431372549019 0.0457516339869281 0.10294117647058823
0 0.3488562091503268 0.7843137254901961 0.0457516339869281 0.10294117647058823
0 0.30637254901960786 0.7769607843137255 0.05392156862745098 0.09803921568627451
0 0.8651960784313726 0.866421568627451 0.04411764705882353 0.09803921568627451
0 0.9877450980392157 0.1568627450980392 0.024509803921568627 0.10784313725490197
0 0.369281045751634 0.058823529411764705 0.049019607843137254 0.1053921568627451
0 0.4117647058823529 0.06985294117647059 0.0457516339869281 0.1053921568627451
0 0.17238562091503268 0.8419117647058824 0.04738562091503268 0.10049019607843138
0 0.08986928104575163 0.8321078431372549 0.04738562091503268 0.09558823529411764
0 0.5580065359477124 0.9068627450980392 0.0457516339869281 0.10049019607843138
0 0.049019607843137254 0.8272058823529411 0.0457516339869281 0.09803921568627451
0 0.13316993464052287 0.8419117647058824 0.04411764705882353 0.09803921568627451
0 0.42892156862745096 0.8884803921568627 0.04738562091503268 0.1053921568627451
0 0.01715686274509804 0.8235294117647058 0.03431372549019608 0.10294117647058823
0 0.21650326797385622 0.8566176470588235 0.04738562091503268 0.10294117647058823
0 0.2589869281045752 0.8639705882352942 0.049019607843137254 0.10294117647058823
0 0.6887254901960784 0.9313725490196079 0.04738562091503268 0.10294117647058823
0 0.6045751633986928 0.9191176470588235 0.049019607843137254 0.11029411764705882
0 0.9477124183006536 0.9632352941176471 0.049019607843137254 0.07352941176470588
0 0.4730392156862745 0.8995098039215687 0.049019607843137254 0.10294117647058823
0 0.3872549019607843 0.8884803921568627 0.049019607843137254 0.10784313725490197
0 0.9011437908496732 0.9607843137254902 0.04084967320261438 0.0784313725490196
0 0.3022875816993464 0.8774509803921569 0.0457516339869281 0.1053921568627451
0 0.5147058823529411 0.9117647058823529 0.0457516339869281 0.10049019607843138
0 0.821078431372549 0.9558823529411765 0.04738562091503268 0.08823529411764706
0 0.6454248366013072 0.9338235294117647 0.049019607843137254 0.10294117647058823
0 0.7401960784313726 0.9485294117647058 0.0457516339869281 0.10294117647058823
0 0.8660130718954249 0.9595588235294118 0.0457516339869281 0.08088235294117647
0 0.7802287581699346 0.9534313725490197 0.04738562091503268 0.09313725490196079
0 0.34477124183006536 0.8909313725490197 0.04738562091503268 0.09803921568627451
0 0.184640522875817 0.11519607843137254 0.04738562091503268 0.10049019607843138
0 0.27124183006535946 0.12990196078431374 0.04738562091503268 0.10294117647058823
0 0.22630718954248366 0.125 0.049019607843137254 0.1053921568627451
0 0.14215686274509803 0.11274509803921569 0.0457516339869281 0.10049019607843138
0 0.6977124183006536 0.20098039215686275 0.049019607843137254 0.10784313725490197
0 0.05800653594771242 0.1017156862745098 0.05065359477124183 0.10294117647058823
0 0.10130718954248366 0.11029411764705882 0.04738562091503268 0.09803921568627451
0 0.48447712418300654 0.1715686274509804 0.04738562091503268 0.09803921568627451
0 0.951797385620915 0.24509803921568626 0.04738562091503268 0.10784313725490197
0 0.7393790849673203 0.21323529411764705 0.04738562091503268 0.10784313725490197
0 0.6119281045751634 0.1948529411764706 0.049019607843137254 0.10294117647058823
0 0.7818627450980392 0.22181372549019607 0.0457516339869281 0.10784313725490197
0 0.6535947712418301 0.20220588235294118 0.049019607843137254 0.10049019607843138
0 0.9093137254901961 0.2426470588235294 0.0457516339869281 0.10294117647058823
0 0.5302287581699346 0.18504901960784315 0.04738562091503268 0.10784313725490197
0 0.31290849673202614 0.15073529411764705 0.05065359477124183 0.11029411764705882
0 0.8676470588235294 0.23897058823529413 0.04738562091503268 0.10049019607843138
0 0.9852941176470589 0.2610294117647059 0.029411764705882353 0.1053921568627451
0 0.8243464052287581 0.2340686274509804 0.05065359477124183 0.1053921568627451
0 0.5702614379084967 0.1948529411764706 0.04411764705882353 0.10294117647058823
0 0.3570261437908497 0.16053921568627452 0.049019607843137254 0.10784313725490197
0 0.4411764705882353 0.17647058823529413 0.04738562091503268 0.10784313725490197
0 0.39950980392156865 0.17279411764705882 0.049019607843137254 0.1053921568627451