0 0.2312091503267974 0.35049019607843135 0.1503267973856209 0.17401960784313725
0 0.352124183006536 0.3700980392156863 0.058823529411764705 0.16666666666666666
0 0.4117647058823529 0.38112745098039214 0.07026143790849673 0.1715686274509804
0 0.4820261437908497 0.3897058823529412 0.06862745098039216 0.1642156862745098
0 0.6013071895424836 0.3946078431372549 0.16176470588235295 0.16911764705882354
0 0.2630718954248366 0.5183823529411765 0.06209150326797386 0.16666666666666666
0 0.2034313725490196 0.5220588235294118 0.06209150326797386 0.1642156862745098
0 0.3292483660130719 0.5355392156862745 0.06209150326797386 0.16911764705882354
0 0.39133986928104575 0.5490196078431373 0.06209150326797386 0.15931372549019607
0 0.4550653594771242 0.5477941176470589 0.06209150326797386 0.1642156862745098
0 0.5163398692810458 0.5588235294117647 0.06535947712418301 0.17647058823529413
0 0.6225490196078431 0.5649509803921569 0.0784313725490196 0.1715686274509804
0 0.24101307189542484 0.6924019607843137 0.14215686274509803 0.1715686274509804
0 0.3464052287581699 0.7034313725490197 0.058823529411764705 0.16666666666666666
0 0.40604575163398693 0.7132352941176471 0.06209150326797386 0.1715686274509804
0 0.4722222222222222 0.7181372549019608 0.06372549019607843 0.16911764705882354
0 0.5980392156862745 0.7279411764705882 0.16176470588235295 0.16911764705882354
0 0.20915032679738563 0.8553921568627451 0.06045751633986928 0.16666666666666666
0 0.2687908496732026 0.8639705882352942 0.06535947712418301 0.1715686274509804
0 0.3382352941176471 0.8688725490196079 0.06535947712418301 0.1715686274509804
0 0.397875816993464 0.8762254901960784 0.058823529411764705 0.16176470588235295
0 0.4591503267973856 0.8860294117647058 0.06535947712418301 0.17401960784313725
0 0.5187908496732027 0.8897058823529411 0.06045751633986928 0.1715686274509804
0 0.5849673202614379 0.8933823529411765 0.06209150326797386 0.15931372549019607
0 0.6462418300653595 0.8995098039215687 0.06372549019607843 0.17647058823529413
0 0.33905228758169936 0.20220588235294118 0.06535947712418301 0.16666666666666666
0 0.4019607843137255 0.20465686274509803 0.06209150326797386 0.17401960784313725
0 0.46895424836601307 0.2193627450980392 0.07516339869281045 0.17647058823529413
0 0.5465686274509803 0.2181372549019608 0.07026143790849673 0.16911764705882354
0 0.6413398692810458 0.21691176470588236 0.1111111111111111 0.17892156862745098