0 0.869281045751634 0.2806372549019608 0.1323529411764706 0.16176470588235295
0 0.571078431372549 0.31495098039215685 0.1437908496732026 0.14950980392156862
0 0.7263071895424836 0.31004901960784315 0.13398692810457516 0.16666666666666666
0 0.43300653594771243 0.34191176470588236 0.15196078431372548 0.16176470588235295
0 0.08823529411764706 0.36764705882352944 0.16176470588235295 0.1715686274509804
0 0.2679738562091503 0.3762254901960784 0.1650326797385621 0.1715686274509804
0 0.8986928104575164 0.42892156862745096 0.13725490196078433 0.13970588235294118
0 0.5866013071895425 0.46078431372549017 0.14215686274509803 0.14950980392156862
0 0.7598039215686274 0.46200980392156865 0.12091503267973856 0.14460784313725492
0 0.43709150326797386 0.49754901960784315 0.1454248366013072 0.16666666666666666
0 0.09803921568627451 0.5490196078431373 0.18137254901960784 0.18872549019607843
0 0.28594771241830064 0.5416666666666666 0.17320261437908496 0.18872549019607843
0 0.9256535947712419 0.5723039215686274 0.13398692810457516 0.15441176470588236
0 0.7687908496732027 0.6017156862745098 0.14869281045751634 0.15931372549019607
0 0.6200980392156863 0.6127450980392157 0.1388888888888889 0.14950980392156862
0 0.2704248366013072 0.7034313725490197 0.17320261437908496 0.2034313725490196
0 0.4395424836601307 0.6997549019607843 0.16339869281045752 0.17647058823529413
0 0.09640522875816994 0.7377450980392157 0.16666666666666666 0.1642156862745098
0 0.8545751633986928 0.7696078431372549 0.13071895424836602 0.17892156862745098
0 0.6437908496732027 0.8063725490196079 0.09803921568627451 0.25735294117647056
0 0.9599673202614379 0.8345588235294118 0.08006535947712418 0.15441176470588236
0 0.4550653594771242 0.8799019607843137 0.16666666666666666 0.1715686274509804
0 0.2761437908496732 0.8982843137254902 0.184640522875817 0.19852941176470587
0 0.09967320261437909 0.9203431372549019 0.16993464052287582 0.15931372549019607
0 0.8455882352941176 0.12745098039215685 0.12908496732026145 0.14950980392156862
0 0.7001633986928104 0.1568627450980392 0.13398692810457516 0.1568627450980392
0 0.08986928104575163 0.19362745098039216 0.16339869281045752 0.19117647058823528
0 0.4223856209150327 0.18259803921568626 0.1454248366013072 0.18627450980392157
0 0.5498366013071896 0.18137254901960784 0.13725490196078433 0.16911764705882354
0 0.24836601307189543 0.21568627450980393 0.16013071895424835 0.17647058823529413