0 0.7864923747276689 0.2173202614379085 0.10457516339869281 0.11437908496732026
0 0.3660130718954248 0.23447712418300654 0.11546840958605664 0.13562091503267973
0 0.8845315904139434 0.21895424836601307 0.11982570806100218 0.12254901960784313
0 0.07625272331154684 0.2508169934640523 0.10893246187363835 0.11437908496732026
0 0.2647058823529412 0.24509803921568626 0.09368191721132897 0.11764705882352941
0 0.6764705882352942 0.2312091503267974 0.10893246187363835 0.12581699346405228
0 0.5762527233115469 0.2361111111111111 0.10239651416122005 0.12091503267973856
0 0.1786492374727669 0.25245098039215685 0.10239651416122005 0.1111111111111111
0 0.4738562091503268 0.24428104575163398 0.11328976034858387 0.12418300653594772
0 0.8159041394335512 0.33251633986928103 0.10239651416122005 0.119281045751634
0 0.08932461873638345 0.36437908496732024 0.09803921568627451 0.119281045751634
0 0.29302832244008714 0.3619281045751634 0.10239651416122005 0.12418300653594772
0 0.023965141612200435 0.37254901960784315 0.04793028322440087 0.11437908496732026
0 0.6993464052287581 0.3472222222222222 0.10457516339869281 0.1111111111111111
0 0.599128540305011 0.352124183006536 0.11328976034858387 0.12418300653594772
0 0.18845315904139434 0.3684640522875817 0.11546840958605664 0.12908496732026145
0 0.906318082788671 0.34068627450980393 0.10457516339869281 0.11437908496732026
0 0.39433551198257083 0.3619281045751634 0.10893246187363835 0.12254901960784313
0 0.4989106753812636 0.36356209150326796 0.10021786492374728 0.11437908496732026
0 0.9640522875816994 0.4452614379084967 0.0718954248366013 0.10620915032679738
0 0.8714596949891068 0.45179738562091504 0.10457516339869281 0.11274509803921569
0 0.775599128540305 0.45669934640522875 0.10893246187363835 0.11764705882352941
0 0.058823529411764705 0.4852941176470588 0.11328976034858387 0.12254901960784313
0 0.6688453159041394 0.46405228758169936 0.10675381263616558 0.119281045751634
0 0.37037037037037035 0.47875816993464054 0.10457516339869281 0.11437908496732026
0 0.27342047930283225 0.48284313725490197 0.10457516339869281 0.11437908496732026
0 0.47167755991285404 0.47630718954248363 0.10239651416122005 0.11437908496732026
0 0.16993464052287582 0.48856209150326796 0.11764705882352941 0.119281045751634
0 0.5729847494553377 0.4795751633986928 0.10239651416122005 0.11437908496732026
0 0.0915032679738562 0.5980392156862745 0.10239651416122005 0.1111111111111111
0 0.8747276688453159 0.5735294117647058 0.10021786492374728 0.11601307189542484
0 0.7810457516339869 0.5776143790849673 0.10021786492374728 0.119281045751634
0 0.28649237472766886 0.5972222222222222 0.10239651416122005 0.11764705882352941
0 0.6851851851851852 0.5825163398692811 0.10021786492374728 0.11437908496732026
0 0.3867102396514161 0.5947712418300654 0.10239651416122005 0.11764705882352941
0 0.9673202614379085 0.5718954248366013 0.06535947712418301 0.12091503267973856
0 0.18627450980392157 0.6045751633986928 0.10457516339869281 0.11437908496732026
0 0.48474945533769065 0.5931372549019608 0.10893246187363835 0.10947712418300654
0 0.5871459694989106 0.5923202614379085 0.10021786492374728 0.11601307189542484
0 0.8278867102396514 0.6838235294117647 0.10239651416122005 0.12745098039215685
0 0.1383442265795207 0.7116013071895425 0.10893246187363835 0.11764705882352941
0 0.7200435729847494 0.6887254901960784 0.10239651416122005 0.10784313725490197
0 0.42810457516339867 0.704248366013072 0.09368191721132897 0.11274509803921569
0 0.238562091503268 0.7124183006535948 0.10675381263616558 0.10947712418300654
0 0.5239651416122004 0.7026143790849673 0.10457516339869281 0.1111111111111111
0 0.340958605664488 0.7107843137254902 0.09368191721132897 0.10947712418300654
0 0.05010893246187364 0.7222222222222222 0.07625272331154684 0.10784313725490197
0 0.6176470588235294 0.7001633986928104 0.10457516339869281 0.1111111111111111
0 0.9324618736383442 0.6895424836601307 0.10021786492374728 0.11764705882352941
0 0.9825708061002179 0.7818627450980392 0.034858387799564274 0.09967320261437909
0 0.8246187363834423 0.7933006535947712 0.10675381263616558 0.1111111111111111
0 0.7222222222222222 0.7998366013071896 0.10239651416122005 0.119281045751634
0 0.920479302832244 0.7916666666666666 0.09803921568627451 0.09640522875816994
0 0.6296296296296297 0.809640522875817 0.10021786492374728 0.119281045751634
0 0.5370370370370371 0.8178104575163399 0.10457516339869281 0.10620915032679738
0 0.4466230936819172 0.8218954248366013 0.10457516339869281 0.11274509803921569
0 0.3442265795206972 0.829248366013072 0.10675381263616558 0.10784313725490197
0 0.13071895424836602 0.8406862745098039 0.1111111111111111 0.12254901960784313
0 0.05010893246187364 0.8447712418300654 0.06100217864923747 0.12418300653594772
0 0.23202614379084968 0.8398692810457516 0.10675381263616558 0.1111111111111111
0 0.8311546840958606 0.8962418300653595 0.09803921568627451 0.09803921568627451
0 0.9281045751633987 0.8954248366013072 0.10893246187363835 0.1388888888888889
0 0.9869281045751634 0.8970588235294118 0.026143790849673203 0.13398692810457516
0 0.4531590413943355 0.920751633986928 0.09803921568627451 0.10130718954248366
0 0.7342047930283224 0.9101307189542484 0.09803921568627451 0.10620915032679738
0 0.6427015250544662 0.9191176470588235 0.09368191721132897 0.10457516339869281
0 0.3572984749455338 0.9338235294117647 0.0915032679738562 0.10130718954248366
0 0.5435729847494554 0.9272875816993464 0.10457516339869281 0.1111111111111111
0 0.2636165577342048 0.9387254901960784 0.10675381263616558 0.10947712418300654
0 0.06427015250544663 0.9509803921568627 0.0718954248366013 0.09803921568627451
0 0.15904139433551198 0.9493464052287581 0.10893246187363835 0.10130718954248366
0 0.7647058823529411 0.0857843137254902 0.11328976034858387 0.13071895424836602
0 0.04793028322440087 0.12336601307189543 0.09586056644880174 0.12254901960784313
0 0.8703703703703703 0.0923202614379085 0.11546840958605664 0.12254901960784313
0 0.3442265795206972 0.11356209150326797 0.10675381263616558 0.12908496732026145
0 0.4455337690631808 0.11029411764705882 0.1111111111111111 0.13071895424836602
0 0.6525054466230937 0.10784313725490197 0.1111111111111111 0.12581699346405228
0 0.24727668845315903 0.12663398692810457 0.10675381263616558 0.12091503267973856
0 0.5490196078431373 0.11601307189542484 0.10457516339869281 0.12091503267973856
0 0.15468409586056645 0.1388888888888889 0.10457516339869281 0.119281045751634