0 0.940016339869281 0.3738901601830663 0.08727124183006549 0.2259496567505721
0 0.693921568627451 0.37784897025171627 0.2550000000000001 0.245720823798627
0 0.8561437908496733 0.3788329519450801 0.09576797385620908 0.24766590389016022
0 0.4383986928104575 0.3970938215102975 0.2403104575163399 0.24274599542334094
0 0.2691503267973856 0.40297482837528603 0.07104575163398696 0.20711670480549196
0 0.20008169934640524 0.4094050343249428 0.06544117647058821 0.2041418764302059
0 0.125359477124183 0.41089244851258583 0.06687908496732027 0.20315789473684204
0 0.038300653594771236 0.41384439359267733 0.07607843137254902 0.213020594965675
0 0.7714705882352941 0.6157665903890159 0.08437908496732024 0.2297940503432494
0 0.9109477124183006 0.6155606407322655 0.1781045751633987 0.2517162471395881
0 0.508202614379085 0.6241418764302059 0.08519607843137253 0.2288100686498856
0 0.6826633986928105 0.6241418764302059 0.08723856209150324 0.23274599542334098
0 0.42705882352941177 0.6246910755148741 0.07663398692810454 0.2219679633867277
0 0.18913398692810457 0.6261556064073226 0.21700980392156863 0.22494279176201368
0 0.5956045751633987 0.627116704805492 0.08375816993464051 0.23670480549199077
0 0.036895424836601305 0.6276430205949656 0.06341503267973857 0.20421052631578948
0 0.35199346405228754 0.6296109839816934 0.07455882352941176 0.21803203661327225
0 0.034787581699346405 0.8398855835240274 0.06763071895424837 0.21988558352402754
0 0.19161764705882353 0.8477803203661327 0.06968954248366015 0.21002288329519445
0 0.2642320261437909 0.8497482837528604 0.06965686274509802 0.2159496567505721
0 0.4214052287581699 0.8541876430205949 0.23875816993464052 0.23075514874141884
0 0.10738562091503268 0.8541876430205949 0.07748366013071897 0.21693363844393582
0 0.6728104575163398 0.8572082379862701 0.2564869281045752 0.24663615560640725
0 0.9445588235294119 0.8596567505720825 0.08790849673202607 0.23773455377574368
0 0.8497549019607843 0.8611441647597254 0.09428104575163405 0.2308237986270023
0 0.7901470588235294 0.13938215102974827 0.08789215686274504 0.21903890160183065
0 0.9157516339869282 0.14137299771167047 0.16848039215686267 0.23091533180778032
0 0.7038071895424837 0.15073226544622426 0.0886437908496732 0.22199084668192218
0 0.5275816993464052 0.15814645308924485 0.08730392156862737 0.21903890160183065
0 0.6195751633986928 0.16752860411899312 0.08233660130718952 0.21606407322654458
0 0.4443954248366013 0.1719679633867277 0.07746732026143785 0.22494279176201376
0 0.36650326797385624 0.17837528604118993 0.06975490196078431 0.22199084668192223
0 0.21416666666666664 0.19469107551487413 0.21910130718954254 0.21512585812356985
0 0.05380718954248366 0.19963386727688784 0.06339869281045751 0.2052402745995423