0 0.8743464052287582 0.2999264705882353 0.12861111111111118 0.15436274509803924
0 0.5755718954248366 0.31892156862745097 0.14101307189542475 0.14286764705882354
0 0.7306535947712419 0.32156862745098036 0.13073529411764703 0.15897058823529414
0 0.43700980392156863 0.3382352941176471 0.1482843137254902 0.15522058823529408
0 0.09184640522875819 0.345906862745098 0.1575653594771242 0.1644117647058823
0 0.2708333333333333 0.3640686274509804 0.16212418300653597 0.16208333333333333
0 0.9001307189542483 0.4502696078431373 0.13482026143790848 0.1320343137254902
0 0.5876633986928104 0.4649264705882353 0.13843137254901966 0.1427941176470588
0 0.7608006535947712 0.47615196078431377 0.11789215686274507 0.13745098039215684
0 0.4372712418300654 0.4938970588235294 0.1415849673202614 0.15901960784313723
0 0.09674836601307188 0.5275490196078432 0.17661764705882355 0.1784068627450981
0 0.2847385620915033 0.5302450980392157 0.16933006535947712 0.17916666666666659
0 0.9235620915032681 0.5951225490196078 0.1312091503267973 0.14818627450980393
0 0.7664705882352942 0.6156127450980392 0.14467320261437913 0.1520588235294118
0 0.6177941176470588 0.6186764705882352 0.13583333333333333 0.1427205882352941
0 0.26542483660130717 0.6913235294117647 0.1688235294117647 0.1953186274509803
0 0.43519607843137254 0.6960049019607844 0.16011437908496734 0.16754901960784316
0 0.09133986928104575 0.7164460784313725 0.16374183006535947 0.15590686274509807
0 0.8481045751633987 0.7883578431372549 0.12660130718954252 0.17142156862745112
0 0.6366013071895426 0.8137990196078431 0.09204248366013079 0.2532598039215687
0 0.9570588235294119 0.8594362745098039 0.08588235294117638 0.14975490196078436
0 0.4465359477124183 0.8771813725490196 0.16320261437908495 0.1636029411764706
0 0.2672222222222222 0.8860539215686274 0.18066993464052286 0.1890931372549019
0 0.09004901960784313 0.8999754901960785 0.1663235294117647 0.1535539215686274
0 0.8537581699346405 0.1461764705882353 0.12656862745098046 0.14208333333333334
0 0.7077287581699346 0.1670343137254902 0.1312581699346406 0.1497794117647059
0 0.09751633986928106 0.17247549019607844 0.15962418300653594 0.18382352941176472
0 0.4295424836601307 0.17899509803921568 0.1415849673202614 0.17987745098039212
0 0.557532679738562 0.18441176470588233 0.13380718954248363 0.1613235294117647
0 0.25486928104575163 0.20220588235294118 0.15697712418300652 0.1675735294117647