0 0.4170692307692308 0.11269592476489028 0.1531230769230769 0.056050156739811896
0 0.020261538461538463 0.11933124346917452 0.04023846153846154 0.05153605015673982
0 0.2526538461538461 0.012560083594566352 0.1550153846153846 0.025109717868338557
0 0.9324153846153846 0.12545454545454546 0.07367692307692324 0.057042842215256025
0 0.8509538461538462 0.13919540229885058 0.0778461538461537 0.05851619644723093
0 0.6985538461538462 0.13935214211076283 0.07371538461538456 0.0493521421107628
0 0.7747923076923077 0.13949843260188088 0.07607692307692315 0.05319749216300938
0 0.3049307692307692 0.14419017763845351 0.07413846153846153 0.05140020898641588
0 0.5759846153846153 0.1463949843260188 0.15313846153846147 0.050689655172413785
0 0.22724615384615385 0.14732497387669802 0.07763846153846152 0.05061650992685475
0 0.07619230769230768 0.016677115987460817 0.07359230769230768 0.033354231974921635
0 0.4478 0.016698014629049112 0.0727923076923076 0.033396029258098224
0 0.11733846153846153 0.15693834900731451 0.14952307692307693 0.050219435736677115
0 0.46349230769230765 0.16100313479623826 0.0752076923076923 0.05128526645768024
0 0.3859230769230769 0.16592476489028213 0.07677692307692312 0.055161964472309324
0 0.37077692307692306 0.017586206896551722 0.07765384615384618 0.035172413793103444
0 0.02246923076923077 0.1693939393939394 0.04493846153846154 0.04841170323928943
0 0.8916230769230769 0.18264367816091953 0.15439230769230772 0.06797283176593523
0 0.018553846153846153 0.01972831765935214 0.036823076923076924 0.039195402298850573
0 0.7408538461538463 0.19121212121212122 0.15352307692307696 0.05083594566353185
0 0.5459307692307692 0.19424242424242422 0.0750307692307692 0.05276907001044932
0 0.621523076923077 0.1976698014629049 0.0747769230769231 0.04710553814002088
0 0.27214615384615387 0.1981400208986416 0.15586923076923076 0.048652037617554864
0 0.12166153846153846 0.20657262277951932 0.1454769230769231 0.05218390804597701
0 0.14665384615384616 0.02137931034482759 0.06316923076923077 0.04198537095088818
0 0.4307846153846154 0.2148171368861024 0.15421538461538464 0.058735632183908024
0 0.025200000000000004 0.2191954022988506 0.04935384615384615 0.05200626959247647
0 0.9391615384615385 0.22505747126436781 0.07760000000000009 0.058223615464994806
0 0.8644461538461539 0.23672936259143157 0.07088461538461545 0.05793103448275862
0 0.7898076923076923 0.2414524555903866 0.0752076923076923 0.047878787878787875
0 0.7142153846153846 0.24160919540229886 0.0750230769230769 0.05172413793103448
0 0.592 0.24359456635318705 0.15313076923076918 0.053072100313479614
0 0.31734615384615383 0.24599791013584116 0.07644615384615384 0.05100313479623825
0 0.2385153846153846 0.24835945663531872 0.0776307692307692 0.051003134796238275
0 0.11762307692307691 0.25679205851619646 0.16511538461538464 0.05531870428422155
0 0.47896153846153844 0.2623719958202717 0.07717692307692302 0.05903866248693838
0 0.4028230769230769 0.2683385579937304 0.07369999999999996 0.054858934169279
0 0.019115384615384617 0.27111807732497384 0.0372 0.05156739811912228
0 0.9125076923076924 0.28120167189132705 0.14613076923076906 0.0688610240334378
0 0.9064230769230769 0.029404388714733543 0.07564615384615396 0.05586206896551725
0 0.7614076923076925 0.29303030303030303 0.15809230769230775 0.05349007314524553
0 0.5607384615384615 0.29442006269592474 0.08050769230769238 0.05336468129571583
0 0.6389692307692307 0.2953187042842215 0.07674615384615384 0.05217345872518281
0 0.2857153846153846 0.2995611285266458 0.15644615384615385 0.05140020898641582
0 0.16932307692307694 0.3032810867293626 0.07268461538461539 0.049435736677115934
0 0.09063076923076922 0.30916405433646815 0.07763076923076924 0.045517241379310285
0 0.4412153846153846 0.3185788923719958 0.15443846153846152 0.05814002089864157
0 0.02633846153846154 0.31885057471264366 0.05239230769230769 0.05411703239289442
0 0.9407923076923077 0.33011494252873563 0.07564615384615396 0.05673981191222566
0 0.8691230769230769 0.33853709508881924 0.06979999999999983 0.05762800417972829
0 0.7965461538461538 0.34608150470219434 0.07520000000000009 0.04787878787878793
0 0.7196538461538461 0.34608150470219434 0.0754538461538461 0.04965517241379309
0 0.5938692307692307 0.34734587251828636 0.14895384615384605 0.05128526645768029
0 0.3244230769230769 0.3497805642633229 0.07615384615384616 0.04983281086729368
0 0.24226153846153847 0.35154649947753397 0.07878461538461536 0.0510031347962383
0 0.12253076923076925 0.3568443051201672 0.1604923076923077 0.062382445141065876
0 0.47578461538461536 0.36716823406478577 0.0725692307692307 0.05396029258098222
0 0.023299999999999998 0.36787878787878786 0.04631538461538461 0.05409613375130615
0 0.4011692307692308 0.37239289446185997 0.07655384615384614 0.050094043887147395
0 0.9196923076923076 0.3819853709508882 0.1443923076923077 0.06531870428422151
0 0.76 0.39735632183908043 0.1500461538461538 0.04935214211076282
0 0.6452230769230769 0.3975862068965517 0.07915384615384623 0.04919540229885062
0 0.5641384615384616 0.3980355276907001 0.08248461538461539 0.05307210031347959
0 0.2842692307692308 0.40038662486938353 0.15471538461538462 0.053751306165099204
0 0.16296923076923078 0.40451410658307213 0.07846923076923076 0.055715778474399215
0 0.08038461538461539 0.4119644723092999 0.0761923076923077 0.05257053291536044
0 0.8340923076923077 0.04270637408568444 0.07415384615384622 0.05172413793103449
0 0.4475769230769231 0.4208359456635319 0.15092307692307697 0.06171368861024028
0 0.02690769230769231 0.4220689655172414 0.05276923076923076 0.060261233019853665
0 0.9511307692307692 0.4289759665621734 0.0732461538461537 0.05467084639498438
0 0.876523076923077 0.437398119122257 0.07371538461538456 0.057335423197492165
0 0.2955384615384615 0.04413793103448277 0.07269999999999999 0.05061650992685476
0 0.7548846153846154 0.04492163009404389 0.07193076923076923 0.0484639498432602
0 0.7247692307692308 0.4475966562173459 0.07349230769230766 0.05467084639498438
0 0.8020923076923077 0.44877742946708465 0.07193846153846152 0.050532915360501585
0 0.5997923076923077 0.4496133751306165 0.15641538461538454 0.05307210031347959
0 0.3342538461538461 0.44963427377220483 0.0727153846153846 0.05021943573667718
0 0.25946153846153847 0.4517868338557994 0.07620769230769235 0.04983281086729368
0 0.13451538461538462 0.45610240334378266 0.15904615384615384 0.05531870428422158
0 0.6746153846153846 0.04699059561128527 0.07544615384615379 0.04905956112852664
0 0.4868692307692307 0.466760710553814 0.07280000000000007 0.04859979101358411
0 0.21959230769230773 0.047272727272727286 0.07734615384615383 0.05061650992685476
0 0.4127 0.4724242424242424 0.07194615384615383 0.047408568443051205
0 0.5607307692307693 0.048599791013584116 0.15027692307692317 0.05366771159874608
0 0.9181692307692307 0.48616509926854756 0.152653846153846 0.06501567398119125
0 0.01943076923076923 0.49979101358411704 0.038853846153846155 0.05360501567398114
0 0.7701153846153846 0.5009404388714733 0.1424307692307693 0.04787878787878793
0 0.6568615384615384 0.5019331243469175 0.07696153846153843 0.05098223615464991
0 0.3006076923076923 0.5020062695924765 0.15560769230769228 0.05218390804597695
0 0.5746769230769231 0.5046185997910136 0.07676923076923073 0.05038662486938352
0 0.17885384615384614 0.505141065830721 0.07730769230769231 0.05140020898641582
0 0.1003076923076923 0.508871473354232 0.07907692307692309 0.05021943573667706
0 0.4503230769230769 0.5149111807732497 0.14588461538461542 0.051880877742946745
0 0.962 0.5371473354231975 0.07236923076923071 0.05172413793103448
0 0.8801076923076924 0.5414315569487983 0.07393076923076933 0.05319749216300943
0 0.8081846153846155 0.5485266457680251 0.07585384615384616 0.04728317659352142
0 0.7331461538461539 0.5494043887147335 0.07110000000000005 0.047878787878787875
0 0.33613076923076923 0.550073145245559 0.07415384615384614 0.051003134796238185
0 0.2581615384615385 0.5532079414838035 0.07592307692307695 0.049435736677115934
0 0.13683076923076923 0.557324973876698 0.15906153846153845 0.05610240334378271
0 0.6203153846153846 0.5576907001044933 0.15443846153846152 0.05336468129571577
0 0.025884615384615384 0.5578474399164054 0.05176923076923077 0.04995820271682335
0 0.4994846153846154 0.5711076280041797 0.07344615384615386 0.04859979101358411
0 0.4255384615384616 0.5737931034482758 0.07260000000000004 0.05098223615464991
0 0.11213846153846153 0.05766980146290491 0.14433076923076923 0.04080459770114943
0 0.9270076923076922 0.5890073145245559 0.14597692307692306 0.0602925809822362
0 0.7769692307692307 0.5993521421107628 0.1526538461538461 0.05201671891327061
0 0.3099923076923077 0.601274817136886 0.15299999999999997 0.054535005224660454
0 0.028923076923076923 0.6032601880877744 0.057846153846153846 0.050971786833855774
0 0.18795384615384614 0.6034273772204807 0.07586923076923074 0.05493207941483797
0 0.6646461538461538 0.6088296760710553 0.07103846153846147 0.047105538140020824
0 0.10709999999999999 0.6110762800417973 0.08052307692307693 0.05610240334378271
0 0.5857615384615384 0.6112121212121212 0.08357692307692315 0.050689655172413785
0 0.46667692307692304 0.6216405433646812 0.15487692307692305 0.054858934169279
0 0.41114615384615383 0.06306165099268547 0.1566384615384616 0.0623092998955068
0 0.9731307692307691 0.638662486938349 0.05373076923076916 0.05733542319749205
0 0.9106692307692307 0.6484117032392894 0.07326923076923077 0.05793103448275868
0 0.7508692307692307 0.6509299895506793 0.07305384615384618 0.04935214211076282
0 0.3531692307692308 0.653448275862069 0.07242307692307691 0.04668756530825503
0 0.1563230769230769 0.6544305120167189 0.15760769230769228 0.06748171368861017
0 0.2730384615384615 0.6548275862068965 0.07158461538461543 0.047868338557993675
0 0.824723076923077 0.6577220480668757 0.0719307692307694 0.05053291536050146
0 0.6340307692307693 0.6611494252873563 0.15905384615384613 0.05336468129571571
0 0.015769230769230768 0.06792058516196448 0.031538461538461536 0.050156739811912224
0 0.44056923076923077 0.6857471264367816 0.07720769230769223 0.051285266457680175
0 0.5172615384615386 0.6866457680250784 0.0725692307692307 0.050689655172413785
0 0.9384615384615385 0.6922675026123302 0.12307692307692308 0.06165099268547544
0 0.3144692307692308 0.7017136886102403 0.15098461538461536 0.04903866248693842
0 0.7491307692307693 0.7033855799373041 0.06956923076923081 0.0484639498432603
0 0.15748461538461536 0.7052455590386625 0.15587692307692305 0.06003134796238249
0 0.8299384615384616 0.7091431556948798 0.07149999999999986 0.049947753396029214
0 0.02930769230769231 0.7124660397074191 0.05861538461538462 0.05567398119122254
0 0.6760615384615385 0.713030303030303 0.07718461538461532 0.04800417972831772
0 0.5993692307692308 0.7133228840125392 0.07743076923076929 0.05038662486938352
0 0.9757153846153847 0.7350052246603971 0.04844615384615386 0.05733542319749205
0 0.48093846153846154 0.7391118077324974 0.15576153846153848 0.053667711598745976
0 0.9168692307692308 0.7463845350052246 0.07304615384615387 0.05526645768025089
0 0.35331538461538464 0.7521316614420063 0.07328461538461536 0.05178683385579932
0 0.2772230769230769 0.7525182863113897 0.07591538461538466 0.047868338557993675
0 0.19763076923076925 0.755067920585162 0.07616153846153846 0.05688610240334384
0 0.7952384615384614 0.7573249738766981 0.15526153846153848 0.05467084639498426
0 0.6382 0.7625182863113897 0.15641538461538454 0.05276907001044932
0 0.03203846153846154 0.7630512016718913 0.0637923076923077 0.04531870428422141
0 0.11691538461538462 0.7660606060606061 0.08052307692307693 0.062382445141065876
0 0.4271846153846154 0.7884639498432602 0.07809999999999997 0.05516196447230926
0 0.5070615384615385 0.7903970741901776 0.07543076923076919 0.0518808777429468
0 0.9435461538461538 0.7969278996865203 0.11290769230769246 0.06886102403343793
0 0.28588461538461535 0.8021525600835945 0.10421538461538463 0.04983281086729368
0 0.7566384615384616 0.807115987460815 0.07544615384615387 0.04905956112852669
0 0.15358461538461537 0.8115673981191223 0.1561692307692308 0.06003134796238249
0 0.8338615384615384 0.8137722048066875 0.07672307692307676 0.05053291536050146
0 0.8817230769230769 0.08245559038662487 0.14635384615384597 0.07506792058516197
0 0.5832384615384616 0.8164890282131662 0.07896923076923083 0.05516196447230926
0 0.026923076923076925 0.8176593521421107 0.05384615384615385 0.04911180773249739
0 0.6632230769230769 0.8221525600835945 0.07827692307692306 0.05336468129571571
0 0.501576923076923 0.840491118077325 0.06665384615384623 0.04770114942528745
0 0.42608461538461534 0.8451097178683386 0.07721538461538457 0.05217345872518293
0 0.9164384615384614 0.8518913270637408 0.07217692307692303 0.05172413793103448
0 0.7783846153846153 0.8604597701149426 0.15635384615384615 0.06058516196447233
0 0.18145384615384613 0.8643364681295715 0.07616153846153846 0.05493207941483797
0 0.6185538461538461 0.8670219435736677 0.15706923076923082 0.050689655172413785
0 0.02923076923076923 0.8683385579937304 0.05846153846153846 0.04597701149425287
0 0.25033076923076925 0.8740125391849529 0.061784615384615424 0.0629885057471264
0 0.3351692307692308 0.8740125391849529 0.07358461538461536 0.057032392894461784
0 0.10608461538461539 0.874932079414838 0.07503846153846155 0.058850574712643614
0 0.4607538461538462 0.8859561128526646 0.15707692307692311 0.040250783699059545
0 0.9706307692307692 0.8883908045977013 0.058738461538461635 0.03546499477533966
0 0.8933846153846154 0.892675026123302 0.059138461538461626 0.02630094043887155
0 0.7193076923076923 0.09486938349007315 0.1504692307692307 0.049655172413793115
0 0.5306076923076922 0.09507836990595611 0.07399230769230773 0.0525496342737722
0 0.6060538461538462 0.0958516196447231 0.0745538461538462 0.05217345872518287
0 0.2568384615384615 0.09690700104493208 0.15299230769230768 0.056499477533960285
0 0.07821538461538462 0.10102403343782655 0.07763846153846155 0.05140020898641588
0 0.1491076923076923 0.101619644723093 0.06519230769230769 0.048652037617554864