0 0.4423076923076923 0.1044932079414838 0.15615384615384614 0.0741901776384535
0 0.046538461538461535 0.06374085684430512 0.043076923076923075 0.05642633228840126
0 0.9546153846153846 0.1781609195402299 0.07692307692307693 0.06583072100313479
0 0.8726923076923077 0.18234064785788923 0.08153846153846153 0.06792058516196448
0 0.7207692307692307 0.16405433646812956 0.07692307692307693 0.05747126436781609
0 0.796923076923077 0.17345872518286312 0.07923076923076923 0.06165099268547544
0 0.32846153846153847 0.12225705329153605 0.07692307692307693 0.05956112852664577
0 0.5984615384615385 0.15673981191222572 0.15615384615384614 0.06896551724137931
0 0.25076923076923074 0.11650992685475445 0.08076923076923077 0.05956112852664577
0 0.47884615384615387 0.01671891327063741 0.07461538461538461 0.03343782654127482
0 0.14076923076923076 0.11285266457680251 0.1523076923076923 0.06792058516196448
0 0.48538461538461536 0.15778474399164055 0.07846153846153846 0.05956112852664577
0 0.4076923076923077 0.1536050156739812 0.08 0.06374085684430512
0 0.40192307692307694 0.013061650992685475 0.07923076923076923 0.02612330198537095
0 0.045384615384615384 0.11389759665621735 0.047692307692307694 0.05329153605015674
0 0.9103846153846153 0.2304075235109718 0.15846153846153846 0.08568443051201671
0 0.7596153846153846 0.22100313479623823 0.15615384615384614 0.06896551724137931
0 0.5653846153846154 0.2006269592476489 0.07846153846153846 0.06165099268547544
0 0.6403846153846153 0.21316614420062696 0.07769230769230769 0.055381400208986416
0 0.2923076923076923 0.1724137931034483 0.15846153846153846 0.06687565308254964
0 0.14192307692307693 0.16300940438871472 0.14846153846153845 0.06896551724137931
0 0.4492307692307692 0.20794148380355276 0.1576923076923077 0.07628004179728318
0 0.045 0.16405433646812956 0.052307692307692305 0.05747126436781609
0 0.955 0.2779519331243469 0.08076923076923077 0.06687565308254964
0 0.88 0.28108672936259144 0.07461538461538461 0.06583072100313479
0 0.8053846153846154 0.2769070010449321 0.07769230769230769 0.05642633228840126
0 0.73 0.26802507836990597 0.07769230769230769 0.06060606060606061
0 0.6080769230769231 0.2554858934169279 0.15615384615384614 0.07105538140020899
0 0.3342307692307692 0.2251828631138976 0.07923076923076923 0.05956112852664577
0 0.25576923076923075 0.21839080459770116 0.08076923076923077 0.05956112852664577
0 0.1346153846153846 0.21264367816091953 0.1676923076923077 0.0741901776384535
0 0.49423076923076925 0.2607105538140021 0.08076923076923077 0.06792058516196448
0 0.41807692307692307 0.25757575757575757 0.07692307692307693 0.06374085684430512
0 0.03576923076923077 0.21525600835945663 0.04 0.055381400208986416
0 0.925 0.33072100313479624 0.15 0.08568443051201671
0 0.935 0.0794148380355277 0.07923076923076923 0.06478578892371996
0 0.7738461538461539 0.32497387669801464 0.16076923076923078 0.07210031347962383
0 0.5738461538461539 0.30250783699059564 0.08384615384615385 0.06269592476489028
0 0.6515384615384615 0.3124346917450366 0.08 0.06060606060606061
0 0.29923076923076924 0.27481713688610243 0.15923076923076923 0.07001044932079414
0 0.18307692307692308 0.26489028213166144 0.07538461538461538 0.05747126436781609
0 0.10461538461538461 0.2612330198537095 0.08 0.054336468129571575
0 0.4530769230769231 0.3124346917450366 0.1576923076923077 0.07628004179728318
0 0.039615384615384615 0.26332288401253917 0.055384615384615386 0.06060606060606061
0 0.95 0.3829676071055381 0.07923076923076923 0.06583072100313479
0 0.8780769230769231 0.3829676071055381 0.07307692307692308 0.06583072100313479
0 0.8053846153846154 0.3819226750261233 0.07769230769230769 0.05642633228840126
0 0.7288461538461538 0.3725182863113898 0.07846153846153846 0.05851619644723093
0 0.6034615384615385 0.35893416927899685 0.15153846153846154 0.06896551724137931
0 0.3346153846153846 0.3296760710553814 0.07923076923076923 0.05851619644723093
0 0.2526923076923077 0.3218390804597701 0.08153846153846153 0.06060606060606061
0 0.13307692307692306 0.312957157784744 0.16384615384615384 0.08150470219435736
0 0.48423076923076924 0.36468129571577845 0.07538461538461538 0.06269592476489028
0 0.03346153846153846 0.31191222570532917 0.04923076923076923 0.05956112852664577
0 0.4096153846153846 0.3610240334378265 0.07923076923076923 0.05851619644723093
0 0.9257692307692308 0.4320794148380355 0.1476923076923077 0.08254963427377221
0 0.7657692307692308 0.4284221525600836 0.1523076923076923 0.06687565308254964
0 0.6511538461538462 0.4153605015673981 0.0823076923076923 0.05851619644723093
0 0.5703846153846154 0.4059561128526646 0.08538461538461538 0.06269592476489028
0 0.2915384615384615 0.37513061650992685 0.1576923076923077 0.07210031347962383
0 0.17038461538461538 0.3652037617554859 0.08153846153846153 0.06478578892371996
0 0.0876923076923077 0.3625914315569488 0.07923076923076923 0.06165099268547544
0 0.8623076923076923 0.08411703239289446 0.07692307692307693 0.06060606060606061
0 0.45269230769230767 0.4148380355276907 0.15461538461538463 0.0794148380355277
0 0.033846153846153845 0.3662486938349007 0.05615384615384615 0.06583072100313479
0 0.9538461538461539 0.4827586206896552 0.07615384615384616 0.06269592476489028
0 0.8792307692307693 0.48223615464994773 0.07692307692307693 0.06583072100313479
0 0.3253846153846154 0.025078369905956112 0.07538461538461538 0.050156739811912224
0 0.7830769230769231 0.0768025078369906 0.07461538461538461 0.05642633228840126
0 0.7273076923076923 0.47439916405433646 0.07692307692307693 0.06269592476489028
0 0.8042307692307692 0.48484848484848486 0.07461538461538461 0.05851619644723093
0 0.6026923076923076 0.4618599791013584 0.15923076923076923 0.07105538140020899
0 0.33807692307692305 0.42998955067920586 0.07538461538461538 0.05851619644723093
0 0.26346153846153847 0.42371995820271685 0.07923076923076923 0.05851619644723093
0 0.13884615384615384 0.41274817136886105 0.16230769230769232 0.0741901776384535
0 0.703076923076923 0.06948798328108673 0.07846153846153846 0.05747126436781609
0 0.48923076923076925 0.46551724137931033 0.07538461538461538 0.05747126436781609
0 0.24923076923076923 0.02246603970741902 0.08 0.04493207941483804
0 0.4146153846153846 0.46238244514106586 0.07461538461538461 0.055381400208986416
0 0.5896153846153847 0.05747126436781609 0.15307692307692308 0.07105538140020899
0 0.9173076923076923 0.5355276907001045 0.15615384615384614 0.08254963427377221
0 0.021153846153846155 0.4430512016718913 0.04230769230769231 0.05851619644723093
0 0.7688461538461538 0.5329153605015674 0.14461538461538462 0.06478578892371996
0 0.6561538461538462 0.5203761755485894 0.08 0.05956112852664577
0 0.30115384615384616 0.4785788923719958 0.15846153846153846 0.07001044932079414
0 0.5742307692307692 0.5135841170323929 0.08 0.05956112852664577
0 0.17961538461538462 0.4670846394984326 0.08 0.06060606060606061
0 0.10115384615384615 0.461337513061651 0.0823076923076923 0.05956112852664577
0 0.44961538461538464 0.5088819226750261 0.14846153846153845 0.06896551724137931
0 0.9576923076923077 0.5919540229885057 0.07538461538461538 0.06060606060606061
0 0.8761538461538462 0.5862068965517241 0.07692307692307693 0.06165099268547544
0 0.8038461538461539 0.5846394984326019 0.07846153846153846 0.05642633228840126
0 0.7292307692307692 0.5768025078369906 0.07384615384615385 0.05642633228840126
0 0.3334615384615385 0.5303030303030303 0.07692307692307693 0.05956112852664577
0 0.25576923076923075 0.5245559038662487 0.07846153846153846 0.05851619644723093
0 0.1346153846153846 0.5141065830721003 0.16230769230769232 0.07523510971786834
0 0.6161538461538462 0.5715778474399164 0.15692307692307692 0.07105538140020899
0 0.025384615384615384 0.5010449320794148 0.05076923076923077 0.055381400208986416
0 0.495 0.5705329153605015 0.07615384615384616 0.05747126436781609
0 0.42115384615384616 0.56478578892372 0.07538461538461538 0.05956112852664577
0 0.14153846153846153 0.02089864158829676 0.14615384615384616 0.04179728317659352
0 0.9196153846153846 0.6389759665621735 0.14923076923076922 0.07732497387669801
0 0.7696153846153846 0.6316614420062696 0.15538461538461537 0.07001044932079414
0 0.30423076923076925 0.5783699059561128 0.15615384615384614 0.07210031347962383
0 0.027307692307692307 0.5470219435736677 0.054615384615384614 0.05747126436781609
0 0.18269230769230768 0.5658307210031348 0.07923076923076923 0.06374085684430512
0 0.6569230769230769 0.6280041797283177 0.07384615384615385 0.055381400208986416
0 0.10153846153846154 0.5642633228840125 0.08384615384615385 0.06583072100313479
0 0.5784615384615385 0.6206896551724138 0.08615384615384615 0.06060606060606061
0 0.45884615384615385 0.6170323928944619 0.1576923076923077 0.07314524555903866
0 0.43961538461538463 0.054336468129571575 0.16 0.08045977011494253
0 0.9623076923076923 0.6943573667711599 0.05692307692307692 0.06374085684430512
0 0.8996153846153846 0.6964472309299895 0.07692307692307693 0.06687565308254964
0 0.7403846153846154 0.6802507836990596 0.07615384615384616 0.05747126436781609
0 0.34384615384615386 0.6353187042842215 0.07538461538461538 0.055381400208986416
0 0.1476923076923077 0.61337513061651 0.16153846153846155 0.08568443051201671
0 0.26384615384615384 0.6274817136886103 0.07461538461538461 0.05642633228840126
0 0.8134615384615385 0.6954022988505747 0.07461538461538461 0.05851619644723093
0 0.6230769230769231 0.6765935214211076 0.16153846153846155 0.07210031347962383
0 0.045 0.019331243469174503 0.03461538461538462 0.038662486938349006
0 0.4288461538461538 0.6781609195402298 0.08 0.06060606060606061
0 0.5053846153846154 0.6880877742946708 0.07538461538461538 0.05956112852664577
0 0.9246153846153846 0.7434691745036572 0.12692307692307692 0.07628004179728318
0 0.30230769230769233 0.6792058516196448 0.15384615384615385 0.06687565308254964
0 0.735 0.731974921630094 0.07230769230769231 0.05642633228840126
0 0.14576923076923076 0.6640543364681296 0.15923076923076923 0.07836990595611286
0 0.8153846153846154 0.7476489028213166 0.07461538461538461 0.05851619644723093
0 0.02423076923076923 0.6551724137931034 0.04846153846153846 0.06269592476489028
0 0.6615384615384615 0.7330198537095088 0.08 0.05747126436781609
0 0.5853846153846154 0.7241379310344828 0.08 0.05956112852664577
0 0.9588461538461538 0.790491118077325 0.052307692307692305 0.06269592476489028
0 0.46576923076923077 0.7361546499477534 0.15846153846153846 0.07210031347962383
0 0.8996153846153846 0.7946708463949843 0.07615384615384616 0.06374085684430512
0 0.3376923076923077 0.7340647857889238 0.07615384615384616 0.06060606060606061
0 0.2619230769230769 0.7251828631138976 0.07846153846153846 0.05642633228840126
0 0.1823076923076923 0.7183908045977011 0.07923076923076923 0.06583072100313479
0 0.7776923076923077 0.7915360501567398 0.15846153846153846 0.07314524555903866
0 0.6207692307692307 0.777951933124347 0.15923076923076923 0.07105538140020899
0 0.025 0.7063740856844305 0.05 0.0522466039707419
0 0.10115384615384615 0.719435736677116 0.08384615384615385 0.07210031347962383
0 0.40884615384615386 0.7789968652037618 0.08153846153846153 0.06374085684430512
0 0.48846153846153845 0.7899686520376176 0.07846153846153846 0.06060606060606061
0 0.9226923076923077 0.8484848484848485 0.11692307692307692 0.08150470219435736
0 0.2673076923076923 0.7758620689655172 0.10692307692307693 0.06165099268547544
0 0.7357692307692307 0.8364681295715779 0.07846153846153846 0.05747126436781609
0 0.135 0.7695924764890282 0.15923076923076923 0.07836990595611286
0 0.8123076923076923 0.8521421107628004 0.08 0.05956112852664577
0 0.9069230769230769 0.1290491118077325 0.15076923076923077 0.09195402298850575
0 0.5626923076923077 0.8249738766980146 0.0823076923076923 0.06478578892371996
0 0.018461538461538463 0.7601880877742947 0.036923076923076927 0.055381400208986416
0 0.6419230769230769 0.8401253918495298 0.08153846153846153 0.06269592476489028
0 0.4796153846153846 0.8396029258098223 0.06923076923076923 0.055381400208986416
0 0.4042307692307692 0.8349007314524556 0.08 0.06060606060606061
0 0.8923076923076924 0.8996865203761756 0.07538461538461538 0.05956112852664577
0 0.7542307692307693 0.8918495297805643 0.16 0.07836990595611286
0 0.15923076923076923 0.8254963427377221 0.07923076923076923 0.06374085684430512
0 0.5946153846153847 0.8798328108672936 0.16 0.06896551724137931
0 0.018846153846153846 0.8108672936259144 0.03769230769230769 0.0522466039707419
0 0.2273076923076923 0.8432601880877743 0.06538461538461539 0.07001044932079414
0 0.3119230769230769 0.8531870428422152 0.07692307692307693 0.06583072100313479
0 0.08346153846153846 0.8270637408568443 0.07846153846153846 0.06792058516196448
0 0.43615384615384617 0.8798328108672936 0.15923076923076923 0.05851619644723093
0 0.9438461538461539 0.9425287356321839 0.06076923076923077 0.04179728317659352
0 0.8665384615384616 0.9378265412748171 0.06076923076923077 0.03343782654127482
0 0.7446153846153846 0.12225705329153605 0.15307692307692308 0.06687565308254964
0 0.5565384615384615 0.10031347962382445 0.07692307692307693 0.06060606060606061
0 0.6315384615384615 0.109717868338558 0.07769230769230769 0.06060606060606061
0 0.2834615384615385 0.06948798328108673 0.15615384615384614 0.0741901776384535
0 0.10538461538461538 0.05276907001044932 0.08076923076923077 0.06060606060606061
0 0.17615384615384616 0.06165099268547544 0.06769230769230769 0.05642633228840126