0 0.3780769230769231 0.13218390804597702 0.1576923076923077 0.08463949843260188
0 0.205 0.06426332288401254 0.15615384615384614 0.054336468129571575
0 0.89 0.04754440961337513 0.07846153846153846 0.07001044932079414
0 0.8103846153846154 0.07628004179728318 0.08307692307692308 0.07314524555903866
0 0.6596153846153846 0.10553814002089865 0.07769230769230769 0.06269592476489028
0 0.735 0.09090909090909091 0.08076923076923077 0.06687565308254964
0 0.2703846153846154 0.18443051201671892 0.07846153846153846 0.06478578892371996
0 0.5388461538461539 0.13531870428422152 0.15692307692307692 0.0794148380355277
0 0.19384615384615383 0.20219435736677116 0.0823076923076923 0.06478578892371996
0 0.03423076923076923 0.10083594566353186 0.06846153846153846 0.047021943573667714
0 0.39884615384615385 0.03134796238244514 0.07538461538461538 0.047021943573667714
0 0.08576923076923076 0.23249738766980146 0.15307692307692308 0.07836990595611286
0 0.42923076923076925 0.17136886102403343 0.08 0.06478578892371996
0 0.3526923076923077 0.19070010449320793 0.08153846153846153 0.06896551724137931
0 0.32269230769230767 0.04649947753396029 0.08076923076923077 0.04911180773249739
0 0.008846153846153846 0.26227795193312436 0.01769230769230769 0.05642633228840126
0 0.8553846153846154 0.11180773249738767 0.16 0.0961337513061651
0 0.7069230769230769 0.14890282131661442 0.15692307692307692 0.0794148380355277
0 0.5142307692307693 0.18861024033437826 0.08 0.06687565308254964
0 0.5892307692307692 0.17763845350052246 0.07923076923076923 0.06060606060606061
0 0.24346153846153845 0.24399164054336467 0.15923076923076923 0.07732497387669801
0 0.09538461538461539 0.28108672936259144 0.14923076923076922 0.0794148380355277
0 0.10115384615384615 0.09299895506792058 0.06692307692307692 0.05329153605015674
0 0.4023076923076923 0.2309299895506792 0.15846153846153846 0.0877742946708464
0 0.013846153846153847 0.3113897596656217 0.027692307692307693 0.06060606060606061
0 0.9065384615384615 0.14472309299895506 0.08307692307692308 0.07210031347962383
0 0.8338461538461538 0.1703239289446186 0.07615384615384616 0.07105538140020899
0 0.7603846153846154 0.1891327063740857 0.07923076923076923 0.06165099268547544
0 0.6857692307692308 0.20376175548589343 0.07923076923076923 0.06583072100313479
0 0.565 0.22884012539184953 0.15692307692307692 0.08150470219435736
0 0.29307692307692307 0.2831765935214211 0.08076923076923077 0.06478578892371996
0 0.2153846153846154 0.3004179728317659 0.0823076923076923 0.06478578892371996
0 0.09653846153846155 0.33124346917450365 0.16923076923076924 0.08568443051201671
0 0.455 0.26854754440961337 0.0823076923076923 0.07314524555903866
0 0.38 0.2889237199582027 0.07846153846153846 0.06792058516196448
0 0.010769230769230769 0.36363636363636365 0.021538461538461538 0.05851619644723093
0 0.8861538461538462 0.20532915360501566 0.15153846153846154 0.0961337513061651
0 0.7376923076923076 0.24555903866248693 0.16230769230769232 0.08254963427377221
0 0.5392307692307692 0.28474399164054337 0.08538461538461538 0.06792058516196448
0 0.6165384615384616 0.2711598746081505 0.08153846153846153 0.06583072100313479
0 0.2673076923076923 0.34221525600835945 0.16 0.08045977011494253
0 0.1523076923076923 0.367816091954023 0.07692307692307693 0.06269592476489028
0 0.075 0.3881922675026123 0.08153846153846153 0.05956112852664577
0 0.4230769230769231 0.33124346917450365 0.15923076923076923 0.08672936259143156
0 0.020384615384615383 0.4101358411703239 0.040769230769230766 0.06374085684430512
0 0.9192307692307692 0.24869383490073146 0.08076923076923077 0.07001044932079414
0 0.8488461538461538 0.27011494252873564 0.07538461538461538 0.07001044932079414
0 0.7780769230769231 0.29153605015673983 0.07923076923076923 0.06165099268547544
0 0.7019230769230769 0.30616509926854757 0.08 0.06374085684430512
0 0.5773076923076923 0.33124346917450365 0.15307692307692308 0.0794148380355277
0 0.31076923076923074 0.3845350052246604 0.08076923076923077 0.06374085684430512
0 0.2296153846153846 0.40177638453500525 0.08307692307692308 0.06583072100313479
0 0.11153846153846154 0.42946708463949845 0.16538461538461538 0.09195402298850575
0 0.4623076923076923 0.3730407523510972 0.07769230769230769 0.06687565308254964
0 0.02 0.4587251828631139 0.04 0.06269592476489028
0 0.3892307692307692 0.39237199582027166 0.08076923076923077 0.06374085684430512
0 0.9034615384615384 0.30355276907001044 0.15 0.09195402298850575
0 0.7469230769230769 0.3490073145245559 0.15384615384615385 0.07732497387669801
0 0.6334615384615384 0.3709508881922675 0.08307692307692308 0.06374085684430512
0 0.553076923076923 0.3871473354231975 0.08692307692307692 0.06792058516196448
0 0.27615384615384614 0.44200626959247646 0.15846153846153846 0.08254963427377221
0 0.15653846153846154 0.46917450365726227 0.08307692307692308 0.07001044932079414
0 0.07538461538461538 0.49216300940438873 0.08076923076923077 0.06687565308254964
0 0.7838461538461539 0.007836990595611285 0.07846153846153846 0.01567398119122257
0 0.44 0.4315569487983281 0.15615384615384614 0.08986415882967608
0 0.026153846153846153 0.5114942528735632 0.052307692307692305 0.07001044932079414
0 0.9396153846153846 0.3443051201671891 0.07846153846153846 0.06792058516196448
0 0.8665384615384616 0.3667711598746082 0.07923076923076923 0.07105538140020899
0 0.25076923076923074 0.08725182863113898 0.07692307692307693 0.06374085684430512
0 0.7057692307692308 0.01567398119122257 0.07615384615384616 0.03134796238244514
0 0.7173076923076923 0.4054336468129572 0.07846153846153846 0.06792058516196448
0 0.7938461538461539 0.39237199582027166 0.07615384615384616 0.06374085684430512
0 0.5938461538461538 0.43103448275862066 0.16 0.08254963427377221
0 0.33076923076923076 0.48171368861024033 0.07692307692307693 0.06374085684430512
0 0.2569230769230769 0.49791013584117033 0.08076923076923077 0.06374085684430512
0 0.13346153846153846 0.5256008359456635 0.16307692307692306 0.08463949843260188
0 0.6261538461538462 0.024555903866248695 0.08 0.04911180773249739
0 0.48346153846153844 0.4696969696969697 0.07692307692307693 0.06165099268547544
0 0.17576923076923076 0.1044932079414838 0.08153846153846153 0.06478578892371996
0 0.4107692307692308 0.4890282131661442 0.07615384615384616 0.06060606060606061
0 0.5138461538461538 0.041274817136886105 0.15461538461538463 0.08150470219435736
0 0.9126923076923077 0.4070010449320794 0.1576923076923077 0.09299895506792058
0 0.02423076923076923 0.5903866248693835 0.04384615384615385 0.06060606060606061
0 0.7676923076923077 0.4498432601880878 0.14615384615384616 0.0741901776384535
0 0.6553846153846153 0.4723092998955068 0.08153846153846153 0.06478578892371996
0 0.3026923076923077 0.5397074190177639 0.15923076923076923 0.08150470219435736
0 0.5746153846153846 0.49059561128526646 0.08153846153846153 0.06478578892371996
0 0.18269230769230768 0.5658307210031348 0.08153846153846153 0.06583072100313479
0 0.105 0.5841170323928945 0.08307692307692308 0.06478578892371996
0 0.4523076923076923 0.5240334378265413 0.15 0.0794148380355277
0 0.9611538461538461 0.44932079414838033 0.07692307692307693 0.06478578892371996
0 0.8807692307692307 0.46917450365726227 0.07846153846153846 0.06687565308254964
0 0.81 0.4895506792058516 0.08 0.06165099268547544
0 0.7357692307692307 0.5047021943573667 0.07538461538461538 0.06060606060606061
0 0.3426923076923077 0.5804597701149425 0.07846153846153846 0.06478578892371996
0 0.26615384615384613 0.5982236154649948 0.08 0.06374085684430512
0 0.14615384615384616 0.6253918495297806 0.16307692307692306 0.08568443051201671
0 0.625 0.5344827586206896 0.15846153846153846 0.08254963427377221
0 0.03653846153846154 0.6468129571577848 0.05615384615384615 0.05956112852664577
0 0.5069230769230769 0.5705329153605015 0.07769230769230769 0.06165099268547544
0 0.4338461538461538 0.587251828631139 0.07692307692307693 0.06374085684430512
0 0.07192307692307692 0.13531870428422152 0.14384615384615385 0.06792058516196448
0 0.928076923076923 0.5067920585161965 0.14384615384615385 0.0877742946708464
0 0.7846153846153846 0.5459770114942529 0.15615384615384614 0.08045977011494253
0 0.3223076923076923 0.6363636363636364 0.15692307692307692 0.08254963427377221
0 0.04423076923076923 0.6912225705329154 0.06230769230769231 0.06165099268547544
0 0.20153846153846153 0.6614420062695925 0.08076923076923077 0.06896551724137931
0 0.6742307692307692 0.5768025078369906 0.07538461538461538 0.05956112852664577
0 0.12230769230769231 0.6844305120167189 0.08538461538461538 0.07105538140020899
0 0.5961538461538461 0.5940438871473355 0.0876923076923077 0.06583072100313479
0 0.4796153846153846 0.6269592476489029 0.15923076923076923 0.08359456635318704
0 0.36730769230769234 0.08411703239289446 0.16153846153846155 0.09090909090909091
0 0.9765384615384616 0.5475444096133751 0.04692307692307692 0.06687565308254964
0 0.921923076923077 0.5694879832810867 0.07846153846153846 0.07105538140020899
0 0.7638461538461538 0.6018808777429467 0.07769230769230769 0.06269592476489028
0 0.37038461538461537 0.6797283176593522 0.07615384615384616 0.05956112852664577
0 0.1753846153846154 0.7178683385579937 0.16307692307692306 0.0961337513061651
0 0.29115384615384615 0.6964472309299895 0.07615384615384616 0.06060606060606061
0 0.8376923076923077 0.5945663531870429 0.07615384615384616 0.06374085684430512
0 0.6492307692307693 0.6342737722048067 0.16307692307692306 0.08254963427377221
0 0.46 0.6954022988505747 0.08153846153846153 0.06583072100313479
0 0.5361538461538462 0.6818181818181818 0.07692307692307693 0.06374085684430512
0 0.9446153846153846 0.6076280041797283 0.11076923076923077 0.08463949843260188
0 0.33692307692307694 0.7345872518286312 0.15461538461538463 0.07732497387669801
0 0.7676923076923077 0.6541274817136886 0.07384615384615385 0.06165099268547544
0 0.1819230769230769 0.768025078369906 0.16076923076923078 0.08881922675026123
0 0.8480769230769231 0.644723092998955 0.07615384615384616 0.06269592476489028
0 0.05576923076923077 0.799373040752351 0.06384615384615384 0.06583072100313479
0 0.6961538461538461 0.6776384535005224 0.08153846153846153 0.06165099268547544
0 0.6203846153846154 0.6922675026123302 0.08153846153846153 0.06478578892371996
0 0.9838461538461538 0.642110762800418 0.03230769230769231 0.06583072100313479
0 0.5057692307692307 0.7403343782654127 0.16 0.08254963427377221
0 0.938076923076923 0.6650992685475444 0.07769230769230769 0.06896551724137931
0 0.3803846153846154 0.7774294670846394 0.07769230769230769 0.06478578892371996
0 0.30538461538461537 0.7920585161964472 0.08 0.06165099268547544
0 0.22653846153846155 0.8098223615464994 0.08153846153846153 0.07105538140020899
0 0.8188461538461539 0.6990595611285266 0.15923076923076923 0.08359456635318704
0 0.6638461538461539 0.7340647857889238 0.16 0.08150470219435736
0 0.06346153846153846 0.8490073145245559 0.06769230769230769 0.05642633228840126
0 0.14807692307692308 0.8359456635318704 0.08615384615384615 0.07732497387669801
0 0.4573076923076923 0.799373040752351 0.08307692307692308 0.06896551724137931
0 0.536923076923077 0.7863113897596656 0.08 0.06583072100313479
0 0.955 0.709508881922675 0.09 0.08986415882967608
0 0.31884615384615383 0.8396029258098223 0.10846153846153846 0.06896551724137931
0 0.7857692307692308 0.7554858934169278 0.08 0.06269592476489028
0 0.18884615384615386 0.874085684430512 0.16076923076923078 0.08881922675026123
0 0.8626923076923076 0.7476489028213166 0.08076923076923077 0.06478578892371996
0 0.8353846153846154 0.03239289446185998 0.1523076923076923 0.06478578892371996
0 0.615 0.7978056426332288 0.08384615384615385 0.07001044932079414
0 0.06423076923076923 0.9038662486938349 0.05846153846153846 0.05851619644723093
0 0.6946153846153846 0.7884012539184952 0.08307692307692308 0.06792058516196448
0 0.5365384615384615 0.8369905956112853 0.07076923076923076 0.05956112852664577
0 0.4623076923076923 0.8557993730407524 0.08153846153846153 0.06583072100313479
0 0.9484615384615385 0.7695924764890282 0.07692307692307693 0.06478578892371996
0 0.8126923076923077 0.8040752351097179 0.16076923076923078 0.08986415882967608
0 0.22192307692307692 0.9211076280041798 0.08076923076923077 0.06896551724137931
0 0.655 0.8411703239289446 0.16076923076923078 0.0794148380355277
0 0.07153846153846154 0.9535005224660397 0.06230769230769231 0.05642633228840126
0 0.29115384615384615 0.9174503657262278 0.06769230769230769 0.0741901776384535
0 0.375 0.9017763845350052 0.07846153846153846 0.07001044932079414
0 0.14846153846153845 0.9456635318704284 0.08 0.07210031347962383
0 0.5007692307692307 0.8897596656217346 0.16 0.07001044932079414
0 0.9873076923076923 0.7951933124346917 0.025384615384615384 0.04597701149425287
0 0.9296153846153846 0.8145245559038663 0.06153846153846154 0.03761755485893417
0 0.6757692307692308 0.05747126436781609 0.15384615384615385 0.07732497387669801
0 0.4888461538461538 0.09299895506792058 0.07846153846153846 0.06583072100313479
0 0.5634615384615385 0.07993730407523511 0.07923076923076923 0.06583072100313479
0 0.21807692307692308 0.14681295715778475 0.15692307692307692 0.08463949843260188
0 0.04153846153846154 0.18443051201671892 0.0823076923076923 0.06583072100313479
0 0.11153846153846154 0.17189132706374086 0.06923076923076923 0.06060606060606061