0 0.9623076923076923 0.12173458725182863 0.05923076923076923 0.11076280041797283
0 0.8476923076923077 0.13584117032392895 0.05923076923076923 0.11598746081504702
0 0.9034615384615384 0.13479623824451412 0.06230769230769231 0.11180773249738767
0 0.3842307692307692 0.1614420062695925 0.05615384615384615 0.11389759665621735
0 0.33 0.164576802507837 0.06230769230769231 0.11912225705329153
0 0.49961538461538463 0.1593521421107628 0.06153846153846154 0.12225705329153605
0 0.44153846153846155 0.16248693834900732 0.05692307692307692 0.11494252873563218
0 0.5592307692307692 0.15830721003134796 0.06230769230769231 0.12330198537095088
0 0.6734615384615384 0.15569487983281086 0.06153846153846154 0.11389759665621735
0 0.7323076923076923 0.15308254963427378 0.05923076923076923 0.11389759665621735
0 0.05576923076923077 0.18599791013584116 0.055384615384615386 0.11598746081504702
0 0.7911538461538462 0.15256008359456635 0.06769230769230769 0.11703239289446186
0 0.6146153846153846 0.1619644723092999 0.06 0.12016718913270637
0 0.11153846153846154 0.1891327063740857 0.06 0.11703239289446186
0 0.2753846153846154 0.1812957157784744 0.05615384615384615 0.1180773249738767
0 0.22153846153846155 0.18704284221525602 0.05692307692307692 0.11389759665621735
0 0.016923076923076923 0.1974921630094044 0.033846153846153845 0.11703239289446186
0 0.16692307692307692 0.19278996865203762 0.057692307692307696 0.11703239289446186
0 0.9646153846153847 0.2413793103448276 0.06076923076923077 0.1180773249738767
0 0.9161538461538462 0.24817136886102403 0.054615384615384614 0.12330198537095088
0 0.8484615384615385 0.25287356321839083 0.06 0.11703239289446186
0 0.38461538461538464 0.27899686520376177 0.055384615384615386 0.12225705329153605
0 0.43923076923076926 0.2779519331243469 0.05846153846153846 0.11912225705329153
0 0.3292307692307692 0.28422152560083597 0.05923076923076923 0.11912225705329153
0 0.6707692307692308 0.2690700104493208 0.06076923076923077 0.11494252873563218
0 0.4973076923076923 0.2779519331243469 0.05923076923076923 0.1180773249738767
0 0.553076923076923 0.2779519331243469 0.06153846153846154 0.11703239289446186
0 0.7319230769230769 0.26959247648902823 0.05846153846153846 0.11598746081504702
0 0.05884615384615385 0.3019853709508882 0.06 0.11598746081504702
0 0.7896153846153846 0.26854754440961337 0.06 0.1180773249738767
0 0.27692307692307694 0.2936259143155695 0.057692307692307696 0.11494252873563218
0 0.6126923076923076 0.2784743991640543 0.057692307692307696 0.11389759665621735
0 0.1123076923076923 0.30250783699059564 0.057692307692307696 0.11285266457680251
0 0.01730769230769231 0.3108672936259143 0.03461538461538462 0.11389759665621735
0 0.2230769230769231 0.3014629049111808 0.05846153846153846 0.11598746081504702
0 0.16692307692307692 0.3056426332288401 0.05692307692307692 0.11285266457680251
0 0.9634615384615385 0.3610240334378265 0.06076923076923077 0.11703239289446186
0 0.8515384615384616 0.36886102403343785 0.06461538461538462 0.12016718913270637
0 0.9069230769230769 0.3672936259143156 0.06 0.12225705329153605
0 0.3903846153846154 0.3944618599791014 0.05846153846153846 0.11598746081504702
0 0.4480769230769231 0.3939393939393939 0.05846153846153846 0.12121212121212122
0 0.33384615384615385 0.40177638453500525 0.05615384615384615 0.11703239289446186
0 0.5096153846153846 0.3939393939393939 0.06 0.12121212121212122
0 0.7369230769230769 0.3829676071055381 0.06230769230769231 0.11598746081504702
0 0.6784615384615384 0.38662486938349006 0.05692307692307692 0.12330198537095088
0 0.5661538461538461 0.39237199582027166 0.06230769230769231 0.12016718913270637
0 0.7926923076923077 0.3829676071055381 0.06076923076923077 0.11703239289446186
0 0.28 0.40856844305120166 0.05923076923076923 0.11598746081504702
0 0.07307692307692308 0.41901776384535006 0.05615384615384615 0.11703239289446186
0 0.6242307692307693 0.3955067920585162 0.06153846153846154 0.12016718913270637
0 0.22538461538461538 0.41431556948798326 0.05846153846153846 0.11494252873563218
0 0.17346153846153847 0.4200626959247649 0.05692307692307692 0.11180773249738767
0 0.023846153846153847 0.4278996865203762 0.047692307692307694 0.11598746081504702
0 0.12153846153846154 0.42371995820271685 0.05384615384615385 0.11703239289446186
0 0.9257692307692308 0.03187042842215256 0.06384615384615384 0.06374085684430512
0 0.9726923076923077 0.03239289446185998 0.03307692307692308 0.06478578892371996
0 0.8680769230769231 0.03761755485893417 0.06384615384615384 0.07523510971786834
0 0.81 0.04075235109717868 0.05846153846153846 0.08150470219435736
0 0.4646153846153846 0.050156739811912224 0.05846153846153846 0.10031347962382445
0 0.9638461538461538 0.477533960292581 0.057692307692307696 0.11494252873563218
0 0.40923076923076923 0.054336468129571575 0.057692307692307696 0.1013584117032393
0 0.29615384615384616 0.05956112852664577 0.05923076923076923 0.10344827586206896
0 0.35192307692307695 0.05747126436781609 0.05846153846153846 0.1044932079414838
0 0.5223076923076924 0.05067920585161965 0.06 0.1013584117032393
0 0.8507692307692307 0.4864158829676071 0.06307692307692307 0.1180773249738767
0 0.3946153846153846 0.509926854754441 0.055384615384615386 0.1180773249738767
0 0.9076923076923077 0.48693834900731453 0.05923076923076923 0.11703239289446186
0 0.5088461538461538 0.509926854754441 0.06153846153846154 0.12016718913270637
0 0.33653846153846156 0.5182863113897597 0.06307692307692307 0.12016718913270637
0 0.45153846153846156 0.5130616509926855 0.05846153846153846 0.11703239289446186
0 0.5815384615384616 0.050156739811912224 0.06461538461538462 0.10031347962382445
0 0.5661538461538461 0.5088819226750261 0.05923076923076923 0.11598746081504702
0 0.06769230769230769 0.5329153605015674 0.054615384615384614 0.109717868338558
0 0.7946153846153846 0.4994775339602926 0.05846153846153846 0.11494252873563218
0 0.681923076923077 0.5047021943573667 0.054615384615384614 0.11389759665621735
0 0.2826923076923077 0.5240334378265413 0.055384615384615386 0.11598746081504702
0 0.7396153846153846 0.5047021943573667 0.057692307692307696 0.11598746081504702
0 0.625 0.5104493207941484 0.06230769230769231 0.11180773249738767
0 0.22923076923076924 0.5292580982236155 0.05692307692307692 0.11703239289446186
0 0.17692307692307693 0.5344827586206896 0.05615384615384615 0.11494252873563218
0 0.12384615384615384 0.5381400208986415 0.057692307692307696 0.11598746081504702
0 0.021538461538461538 0.5475444096133751 0.043076923076923075 0.11076280041797283
0 0.64 0.051201671891327065 0.06307692307692307 0.10240334378265413
0 0.6965384615384616 0.050156739811912224 0.057692307692307696 0.10031347962382445
0 0.023846153846153847 0.0768025078369906 0.047692307692307694 0.11180773249738767
0 0.7538461538461538 0.04963427377220481 0.06 0.09926854754440961
0 0.0726923076923077 0.07523510971786834 0.05692307692307692 0.11180773249738767
0 0.1853846153846154 0.07210031347962383 0.05846153846153846 0.11285266457680251
0 0.23961538461538462 0.06948798328108673 0.06 0.11598746081504702
0 0.13076923076923078 0.07523510971786834 0.06076923076923077 0.1180773249738767
0 0.9638461538461538 0.5950888192267503 0.06 0.1180773249738767
0 0.8523076923076923 0.603448275862069 0.057692307692307696 0.11703239289446186
0 0.9107692307692308 0.6024033437826541 0.06461538461538462 0.11912225705329153
0 0.5126923076923077 0.6253918495297806 0.06 0.1180773249738767
0 0.4015384615384615 0.632183908045977 0.05615384615384615 0.11912225705329153
0 0.7992307692307692 0.6149425287356322 0.06076923076923077 0.11494252873563218
0 0.34192307692307694 0.6368861024033438 0.06 0.12434691745036573
0 0.4576923076923077 0.6316614420062696 0.05692307692307692 0.12434691745036573
0 0.06653846153846153 0.6504702194357367 0.057692307692307696 0.11389759665621735
0 0.6873076923076923 0.6217345872518286 0.06153846153846154 0.12121212121212122
0 0.5711538461538461 0.6274817136886103 0.05923076923076923 0.11912225705329153
0 0.27807692307692305 0.6442006269592476 0.055384615384615386 0.12016718913270637
0 0.22846153846153847 0.648380355276907 0.05307692307692308 0.11703239289446186
0 0.63 0.6295715778474399 0.06 0.11912225705329153
0 0.021538461538461538 0.6593521421107628 0.03769230769230769 0.11285266457680251
0 0.11807692307692308 0.6556948798328108 0.05153846153846154 0.11285266457680251
0 0.7457692307692307 0.6264367816091954 0.055384615384615386 0.12434691745036573
0 0.17038461538461538 0.658307210031348 0.05307692307692308 0.11703239289446186
0 0.9703846153846154 0.7136886102403344 0.05923076923076923 0.12539184952978055
0 0.8619230769230769 0.7236154649947754 0.05846153846153846 0.12539184952978055
0 0.5211538461538462 0.741901776384535 0.05846153846153846 0.12016718913270637
0 0.916923076923077 0.7241379310344828 0.06384615384615384 0.12121212121212122
0 0.07346153846153847 0.7648902821316614 0.05384615384615385 0.11494252873563218
0 0.4073076923076923 0.7502612330198537 0.05615384615384615 0.12016718913270637
0 0.35115384615384615 0.7539184952978056 0.06076923076923077 0.1180773249738767
0 0.8034615384615384 0.7330198537095088 0.05846153846153846 0.11912225705329153
0 0.6892307692307692 0.7382445141065831 0.06153846153846154 0.11703239289446186
0 0.5738461538461539 0.7450365726227796 0.05153846153846154 0.11180773249738767
0 0.4646153846153846 0.7507836990595611 0.06076923076923077 0.12225705329153605
0 0.29423076923076924 0.7617554858934169 0.05923076923076923 0.11703239289446186
0 0.23884615384615385 0.7648902821316614 0.05692307692307692 0.11598746081504702
0 0.027307692307692307 0.7758620689655172 0.043076923076923075 0.11389759665621735
0 0.7469230769230769 0.7434691745036572 0.06153846153846154 0.11494252873563218
0 0.63 0.7502612330198537 0.057692307692307696 0.11076280041797283
0 0.1819230769230769 0.7737722048066875 0.05384615384615385 0.11389759665621735
0 0.12230769230769231 0.776907001044932 0.054615384615384614 0.11703239289446186
0 0.9734615384615385 0.8301985370950888 0.05307692307692308 0.10762800417972831
0 0.8657692307692307 0.8364681295715779 0.055384615384615386 0.10553814002089865
0 0.5203846153846153 0.85423197492163 0.05923076923076923 0.10344827586206896
0 0.9203846153846154 0.835423197492163 0.055384615384615386 0.10344827586206896
0 0.5769230769230769 0.8521421107628004 0.05692307692307692 0.1044932079414838
0 0.34884615384615386 0.8631138975966562 0.06076923076923077 0.1013584117032393
0 0.40615384615384614 0.8605015673981191 0.05923076923076923 0.10240334378265413
0 0.6938461538461539 0.8474399164054337 0.05615384615384615 0.1013584117032393
0 0.07346153846153847 0.8766980146290491 0.05 0.1013584117032393
0 0.7492307692307693 0.8458725182863114 0.05846153846153846 0.10031347962382445
0 0.8092307692307692 0.8432601880877743 0.06153846153846154 0.09717868338557993
0 0.4634615384615385 0.8599791013584117 0.05923076923076923 0.09717868338557993
0 0.6330769230769231 0.851619644723093 0.05692307692307692 0.09717868338557993
0 0.02923076923076923 0.8808777429467085 0.04153846153846154 0.09717868338557993
0 0.23923076923076922 0.8714733542319749 0.054615384615384614 0.0961337513061651
0 0.29307692307692307 0.8699059561128527 0.055384615384615386 0.09508881922675026
0 0.18307692307692308 0.8756530825496343 0.057692307692307696 0.09404388714733543
0 0.12384615384615384 0.8787878787878788 0.05923076923076923 0.09299895506792058