0 0.9361538461538461 0.06844305120167189 0.06615384615384616 0.11703239289446186
0 0.823076923076923 0.0961337513061651 0.06615384615384616 0.12225705329153605
0 0.8784615384615385 0.08829676071055381 0.06846153846153846 0.1180773249738767
0 0.3630769230769231 0.17659352142110762 0.06307692307692307 0.11912225705329153
0 0.30923076923076925 0.18599791013584116 0.06923076923076923 0.12539184952978055
0 0.4776923076923077 0.16091954022988506 0.06923076923076923 0.12748171368861025
0 0.42 0.17084639498432602 0.06384615384615384 0.12121212121212122
0 0.536923076923077 0.15256008359456635 0.07 0.12957157784743992
0 0.6507692307692308 0.13636363636363635 0.06846153846153846 0.12016718913270637
0 0.7092307692307692 0.12695924764890282 0.06615384615384616 0.11912225705329153
0 0.037307692307692306 0.23981191222570533 0.06230769230769231 0.12121212121212122
0 0.7676923076923077 0.11964472309299895 0.07461538461538461 0.12330198537095088
0 0.5926923076923077 0.14942528735632185 0.06692307692307692 0.12643678160919541
0 0.09307692307692307 0.2361546499477534 0.06692307692307692 0.12330198537095088
0 0.25576923076923075 0.20950888192267503 0.06307692307692307 0.12330198537095088
0 0.2026923076923077 0.22100313479623823 0.06384615384615384 0.12016718913270637
0 0.009615384615384616 0.25653082549634276 0.019230769230769232 0.12016718913270637
0 0.14846153846153845 0.2330198537095089 0.06461538461538462 0.12225705329153605
0 0.9465384615384616 0.18756530825496343 0.06769230769230769 0.12434691745036573
0 0.8984615384615384 0.19958202716823406 0.06230769230769231 0.12852664576802508
0 0.8311538461538461 0.21212121212121213 0.06692307692307692 0.12330198537095088
0 0.3707692307692308 0.29310344827586204 0.06307692307692307 0.12852664576802508
0 0.425 0.2857889237199582 0.06615384615384616 0.12434691745036573
0 0.3161538461538462 0.3056426332288401 0.06692307692307692 0.12434691745036573
0 0.6553846153846153 0.2497387669801463 0.06692307692307692 0.12121212121212122
0 0.48307692307692307 0.27899686520376177 0.06615384615384616 0.12330198537095088
0 0.5388461538461539 0.2722048066875653 0.06846153846153846 0.12330198537095088
0 0.7161538461538461 0.24294670846394983 0.06538461538461539 0.12225705329153605
0 0.04807692307692308 0.3547544409613375 0.06692307692307692 0.12225705329153605
0 0.7734615384615384 0.23510971786833856 0.06692307692307692 0.12434691745036573
0 0.26461538461538464 0.3207941483803553 0.06461538461538462 0.12016718913270637
0 0.5980769230769231 0.2664576802507837 0.06461538461538462 0.12016718913270637
0 0.10115384615384615 0.3490073145245559 0.06461538461538462 0.11912225705329153
0 0.013846153846153847 0.36938349007314525 0.027692307692307693 0.1180773249738767
0 0.21153846153846154 0.335423197492163 0.06538461538461539 0.12225705329153605
0 0.15576923076923077 0.3458725182863114 0.06384615384615384 0.11912225705329153
0 0.9526923076923077 0.306687565308255 0.06769230769230769 0.12330198537095088
0 0.8419230769230769 0.3275862068965517 0.07230769230769231 0.12643678160919541
0 0.8969230769230769 0.31974921630094044 0.06692307692307692 0.12748171368861025
0 0.3842307692307692 0.40804597701149425 0.06538461538461539 0.12121212121212122
0 0.44153846153846155 0.4007314524555904 0.06538461538461539 0.12748171368861025
0 0.3280769230769231 0.4216300940438871 0.06307692307692307 0.12225705329153605
0 0.5030769230769231 0.3928944618599791 0.06692307692307692 0.12643678160919541
0 0.7284615384615385 0.3552769070010449 0.06923076923076923 0.12225705329153605
0 0.6703846153846154 0.3657262277951933 0.06461538461538462 0.12852664576802508
0 0.5588461538461539 0.3850574712643678 0.06923076923076923 0.12643678160919541
0 0.7842307692307692 0.3484848484848485 0.06769230769230769 0.12330198537095088
0 0.275 0.4346917450365726 0.06538461538461539 0.12121212121212122
0 0.06923076923076923 0.4696969696969697 0.06307692307692307 0.12225705329153605
0 0.6173076923076923 0.38140020898641586 0.06846153846153846 0.12643678160919541
0 0.22115384615384615 0.44723092998955066 0.06538461538461539 0.12016718913270637
0 0.16923076923076924 0.4592476489028213 0.06384615384615384 0.1180773249738767
0 0.02423076923076923 0.48484848484848486 0.04846153846153846 0.12121212121212122
0 0.11807692307692308 0.46917450365726227 0.06076923076923077 0.12225705329153605
0 0.8369230769230769 0.018286311389759665 0.06923076923076923 0.03657262277951933
0 0.7788461538461539 0.025078369905956112 0.06384615384615384 0.050156739811912224
0 0.43615384615384617 0.05590386624869383 0.06461538461538462 0.10553814002089865
0 0.9607692307692308 0.422675026123302 0.06461538461538462 0.12121212121212122
0 0.38076923076923075 0.06687565308254964 0.06384615384615384 0.10762800417972831
0 0.26884615384615385 0.0851619644723093 0.06538461538461539 0.10867293625914315
0 0.3242307692307692 0.0768025078369906 0.06461538461538462 0.11076280041797283
0 0.4930769230769231 0.05172413793103448 0.06615384615384616 0.10344827586206896
0 0.8484615384615385 0.445141065830721 0.07 0.12434691745036573
0 0.39576923076923076 0.522466039707419 0.06230769230769231 0.12330198537095088
0 0.9053846153846153 0.438871473354232 0.06615384615384616 0.12330198537095088
0 0.5092307692307693 0.5088819226750261 0.06846153846153846 0.12643678160919541
0 0.3384615384615385 0.5376175548589341 0.07 0.12643678160919541
0 0.45269230769230767 0.5188087774294671 0.06538461538461539 0.12330198537095088
0 0.5523076923076923 0.04806687565308255 0.07076923076923076 0.0961337513061651
0 0.5661538461538461 0.5010449320794148 0.06615384615384616 0.12225705329153605
0 0.07153846153846154 0.5841170323928945 0.06076923076923077 0.11494252873563218
0 0.7934615384615384 0.4644723092998955 0.06538461538461539 0.12121212121212122
0 0.6815384615384615 0.4832810867293626 0.06153846153846154 0.12016718913270637
0 0.285 0.5496342737722049 0.06230769230769231 0.12121212121212122
0 0.7388461538461538 0.47648902821316613 0.06461538461538462 0.12121212121212122
0 0.625 0.49582027168234066 0.06846153846153846 0.1180773249738767
0 0.23192307692307693 0.5611285266457681 0.06384615384615384 0.12225705329153605
0 0.1803846153846154 0.5726227795193313 0.06230769230769231 0.12016718913270637
0 0.1276923076923077 0.5825496342737722 0.06461538461538462 0.12225705329153605
0 0.026153846153846153 0.6039707419017764 0.05 0.11494252873563218
0 0.61 0.045454545454545456 0.06923076923076923 0.09090909090909091
0 0.666923076923077 0.04075235109717868 0.06461538461538462 0.08150470219435736
0 0.013076923076923076 0.13636363636363635 0.026153846153846153 0.1180773249738767
0 0.7234615384615385 0.03709508881922675 0.06692307692307692 0.0741901776384535
0 0.04692307692307692 0.12748171368861025 0.06384615384615384 0.11703239289446186
0 0.15923076923076923 0.11076280041797283 0.06538461538461539 0.11912225705329153
0 0.21307692307692308 0.10240334378265413 0.06692307692307692 0.12225705329153605
0 0.10461538461538461 0.1206896551724138 0.06769230769230769 0.12330198537095088
0 0.9673076923076923 0.5397074190177639 0.06538461538461539 0.12434691745036573
0 0.8576923076923076 0.5616509926854755 0.06461538461538462 0.12225705329153605
0 0.9157692307692308 0.5532915360501567 0.07153846153846154 0.12643678160919541
0 0.5207692307692308 0.6233019853709509 0.06692307692307692 0.12434691745036573
0 0.4103846153846154 0.6436781609195402 0.06307692307692307 0.12434691745036573
0 0.8053846153846154 0.5788923719958202 0.06769230769230769 0.12121212121212122
0 0.35115384615384615 0.6551724137931034 0.06692307692307692 0.12957157784743992
0 0.46615384615384614 0.635841170323929 0.06461538461538462 0.12957157784743992
0 0.07807692307692307 0.7016718913270638 0.06461538461538462 0.11912225705329153
0 0.6942307692307692 0.5987460815047022 0.06923076923076923 0.12748171368861025
0 0.5788461538461539 0.6185997910135841 0.06615384615384616 0.12434691745036573
0 0.28846153846153844 0.6698014629049112 0.06230769230769231 0.12539184952978055
0 0.23884615384615385 0.6802507836990596 0.06 0.12225705329153605
0 0.6376923076923077 0.61337513061651 0.06769230769230769 0.12539184952978055
0 0.03346153846153846 0.7152560083594567 0.04461538461538461 0.11598746081504702
0 0.1296153846153846 0.7001044932079414 0.05846153846153846 0.11703239289446186
0 0.7526923076923077 0.5966562173458725 0.06307692307692307 0.12957157784743992
0 0.18153846153846154 0.696969696969697 0.06 0.12225705329153605
0 0.9746153846153847 0.6562173458725182 0.05076923076923077 0.13166144200626959
0 0.8746153846153846 0.6797283176593522 0.06615384615384616 0.13166144200626959
0 0.5365384615384615 0.7387669801462905 0.06538461538461539 0.12539184952978055
0 0.93 0.6739811912225705 0.07076923076923076 0.12748171368861025
0 0.09230769230769231 0.8145245559038663 0.06076923076923077 0.12121212121212122
0 0.4238461538461539 0.7601880877742947 0.06384615384615384 0.12539184952978055
0 0.3680769230769231 0.7706374085684431 0.06769230769230769 0.12434691745036573
0 0.8173076923076923 0.6959247648902821 0.06615384615384616 0.12539184952978055
0 0.7038461538461539 0.7152560083594567 0.06846153846153846 0.12330198537095088
0 0.5892307692307692 0.735632183908046 0.05846153846153846 0.11703239289446186
0 0.48115384615384615 0.754440961337513 0.06769230769230769 0.12748171368861025
0 0.3119230769230769 0.7847439916405433 0.06615384615384616 0.12330198537095088
0 0.25653846153846155 0.7946708463949843 0.06384615384615384 0.12225705329153605
0 0.04692307692307692 0.8307210031347962 0.05 0.1180773249738767
0 0.7619230769230769 0.713166144200627 0.06846153846153846 0.12121212121212122
0 0.6453846153846153 0.7335423197492164 0.06461538461538462 0.11703239289446186
0 0.20076923076923076 0.8103448275862069 0.06 0.11912225705329153
0 0.14153846153846153 0.8207941483803552 0.06153846153846154 0.12225705329153605
0 0.9811538461538462 0.7727272727272727 0.03769230769230769 0.11389759665621735
0 0.8861538461538462 0.7920585161964472 0.06153846153846154 0.11076280041797283
0 0.5430769230769231 0.8505747126436781 0.06538461538461539 0.109717868338558
0 0.9403846153846154 0.7847439916405433 0.06153846153846154 0.10867293625914315
0 0.5992307692307692 0.841692789968652 0.06307692307692307 0.109717868338558
0 0.3726923076923077 0.8793103448275862 0.06615384615384616 0.10762800417972831
0 0.4296153846153846 0.8704284221525601 0.06538461538461539 0.10867293625914315
0 0.7153846153846154 0.822884012539185 0.06153846153846154 0.10658307210031348
0 0.09923076923076923 0.9258098223615465 0.05615384615384615 0.10658307210031348
0 0.7703846153846153 0.8150470219435737 0.06461538461538462 0.10553814002089865
0 0.83 0.8051201671891327 0.06692307692307692 0.10344827586206896
0 0.48653846153846153 0.8625914315569488 0.06461538461538462 0.10344827586206896
0 0.655 0.8343782654127482 0.06307692307692307 0.10344827586206896
0 0.05576923076923077 0.93521421107628 0.047692307692307694 0.1013584117032393
0 0.26384615384615384 0.9012539184952978 0.06 0.1013584117032393
0 0.3176923076923077 0.8928944618599791 0.06153846153846154 0.10031347962382445
0 0.20846153846153845 0.9117032392894462 0.06307692307692307 0.10031347962382445
0 0.14923076923076922 0.9221525600835946 0.06461538461538462 0.09926854754440961