0 0.9715999999999999 0.14369905956112855 0.056800000000000114 0.10798328108672935
0 0.8567846153846154 0.1527063740856844 0.05656923076923074 0.11333333333333331
0 0.9126846153846154 0.1539289446185998 0.05940769230769232 0.108944618599791
0 0.3929461538461539 0.15638453500522465 0.0536769230769231 0.11094043887147337
0 0.33883076923076927 0.15687565308254964 0.05943846153846152 0.11678160919540229
0 0.5083615384615384 0.15951933124346918 0.058684615384615356 0.11916405433646815
0 0.4501076923076923 0.15979101358411701 0.05401538461538464 0.11288401253918497
0 0.5678461538461539 0.16147335423197492 0.05937692307692312 0.12013584117032391
0 0.6823923076923077 0.1641483803552769 0.05906153846153844 0.11089864158829675
0 0.7409846153846154 0.1641483803552769 0.05653076923076924 0.11089864158829675
0 0.06416923076923077 0.16509926854754442 0.05257692307692307 0.11306165099268546
0 0.7999846153846154 0.16658307210031348 0.0648307692307693 0.11380355276907002
0 0.6232615384615384 0.16755485893416927 0.05693846153846152 0.11771159874608153
0 0.11984615384615385 0.17076280041797282 0.05693846153846152 0.11484848484848487
0 0.2838307692307692 0.17105538140020898 0.05336153846153847 0.11544409613375133
0 0.2299 0.1740334378265413 0.05426153846153843 0.11187042842215256
0 0.020323076923076923 0.17493207941483804 0.04032307692307693 0.11483803552769072
0 0.17509230769230769 0.17701149425287357 0.05516153846153847 0.11424242424242423
0 0.9710615384615385 0.2637408568443051 0.057869230769230784 0.11531870428422152
0 0.9225461538461538 0.2678787878787879 0.051884615384615244 0.12066875653082551
0 0.8546384615384616 0.26934169278996867 0.057292307692307705 0.11482758620689654
0 0.3902692307692308 0.2734900731452456 0.052630769230769245 0.12019853709508879
0 0.4449153846153846 0.2749529780564263 0.05583076923076918 0.11630094043887146
0 0.33490000000000003 0.27641588296760705 0.05659230769230764 0.11630094043887146
0 0.6766538461538462 0.2773876698014629 0.057623076923076985 0.11240334378265415
0 0.5031538461538462 0.27786833855799375 0.05616153846153846 0.11532915360501568
0 0.5589307692307692 0.28054336468129576 0.058753846153846066 0.11483803552769067
0 0.7377615384615385 0.2807941483803553 0.05580769230769227 0.11337513061650993
0 0.06438461538461539 0.28094043887147335 0.05740000000000001 0.11359456635318706
0 0.795323076923077 0.2824869383490073 0.056961538461538515 0.11578892371995823
0 0.2823846153846154 0.2831974921630094 0.05480000000000001 0.11234064785788923
0 0.618423076923077 0.2842006269592477 0.05513846153846159 0.11142110762800418
0 0.11766153846153847 0.28422152560083597 0.055184615384615394 0.11061650992685478
0 0.019446153846153846 0.28815047021943574 0.03856923076923077 0.11252873563218393
0 0.22836923076923077 0.2886833855799373 0.05557692307692308 0.11359456635318706
0 0.17202307692307692 0.29017763845350053 0.054284615384615355 0.11061650992685478
0 0.9666307692307692 0.38324973876698015 0.05760000000000008 0.1147648902821317
0 0.8548153846153846 0.3854440961337513 0.06195384615384612 0.1171995820271682
0 0.9100076923076923 0.3869070010449321 0.05690769230769232 0.11914315569487981
0 0.3933153846153846 0.3893521421107628 0.055853846153846164 0.11332288401253923
0 0.45083076923076926 0.3915360501567398 0.055469230769230694 0.11867293625914321
0 0.33633076923076927 0.39373040752351096 0.05300769230769228 0.11429467084639498
0 0.5124692307692308 0.39421107628004176 0.05687692307692312 0.11819226750261234
0 0.7399076923076923 0.39421107628004176 0.05939230769230772 0.1133124346917451
0 0.6813153846153847 0.3949425287356322 0.054038461538461535 0.1206165099268547
0 0.5687846153846153 0.3956739811912226 0.05910769230769224 0.11721003134796235
0 0.7956846153846154 0.39688610240334377 0.05767692307692309 0.1147648902821317
0 0.2825153846153846 0.3980355276907001 0.05599230769230767 0.11307210031347967
0 0.07534615384615385 0.3986311389759666 0.053007692307692304 0.11426332288401256
0 0.6270230769230769 0.4015151515151515 0.05872307692307686 0.11721003134796235
0 0.22793076923076924 0.40160919540229884 0.05557692307692308 0.11188087774294676
0 0.17553076923076924 0.40458725182863114 0.0542846153846154 0.1094879832810867
0 0.024484615384615382 0.40518286311389756 0.047769230769230765 0.11425287356321842
0 0.1237923076923077 0.40608150470219434 0.05080000000000002 0.11484848484848481
0 0.9383153846153846 0.04142110762800418 0.06190769230769232 0.08284221525600836
0 0.9846153846153847 0.04336468129571578 0.03076923076923077 0.08672936259143156
0 0.8804384615384615 0.04579937304075235 0.061576923076923216 0.0915987460815047
0 0.8216615384615386 0.04774294670846395 0.05586153846153838 0.0954858934169279
0 0.47628461538461536 0.048777429467084646 0.05619230769230766 0.09731452455590386
0 0.9642923076923077 0.4994252873563218 0.05508461538461548 0.11241379310344832
0 0.4205615384615385 0.05024033437826541 0.05513846153846159 0.09926854754440961
0 0.3076923076923077 0.050156739811912224 0.05692307692307692 0.10031347962382445
0 0.3634 0.05090909090909091 0.05552307692307688 0.10181818181818182
0 0.5338 0.05090909090909091 0.057246153846153905 0.10181818181818182
0 0.8508692307692308 0.503312434691745 0.05979230769230771 0.11532915360501568
0 0.3943923076923077 0.5050156739811912 0.0522769230769231 0.11582027168234069
0 0.9078538461538462 0.5062382445141066 0.056184615384615354 0.11435736677115993
0 0.5085307692307692 0.5101358411703238 0.058315384615384575 0.11727272727272724
0 0.33615384615384614 0.5103761755485893 0.05982307692307691 0.11776384535005223
0 0.45136923076923074 0.5108568443051201 0.05583076923076918 0.11483803552769073
0 0.5935153846153847 0.051891327063740854 0.06196923076923073 0.10377220480668757
0 0.5657384615384615 0.5120794148380355 0.05659999999999994 0.11338557993730412
0 0.06723076923076923 0.51239289446186 0.05169999999999998 0.1070532915360502
0 0.7944230769230769 0.5132915360501568 0.05587692307692307 0.11288401253918492
0 0.6816769230769231 0.513301985370951 0.051892307692307724 0.11192267502612326
0 0.28207692307692306 0.513876698014629 0.0524846153846154 0.11360501567398122
0 0.7391923076923077 0.5159770114942529 0.05509230769230761 0.11338557993730412
0 0.6245153846153846 0.5164576802507836 0.05943846153846152 0.1094879832810867
0 0.2285846153846154 0.5165621734587252 0.05426153846153843 0.11420062695924761
0 0.1761923076923077 0.5192371995820272 0.05296923076923078 0.11241379310344832
0 0.12313846153846154 0.52042842215256 0.05474615384615386 0.11360501567398117
0 0.02046153846153846 0.5245977011494253 0.04091538461538461 0.1088401253918495
0 0.6513923076923076 0.054075235109717866 0.06014615384615389 0.10815047021943573
0 0.708376923076923 0.05437826541274818 0.055107692307692385 0.10851619644723093
0 0.029007692307692307 0.05492163009404389 0.058015384615384614 0.10954022988505746
0 0.7658923076923077 0.05510971786833857 0.05759230769230778 0.1099791013584117
0 0.08389999999999999 0.055214211076280044 0.054323076923076925 0.108944618599791
0 0.1965769230769231 0.05730407523510972 0.05603076923076925 0.11073145245559038
0 0.2507307692307692 0.05759665621734588 0.05732307692307691 0.11370950888192267
0 0.1417692307692308 0.058192267502612326 0.05780769230769229 0.11490073145245557
0 0.9610692307692309 0.6169801462904911 0.057238461538461426 0.11575757575757573
0 0.8494384615384615 0.6201462904911181 0.054776923076923105 0.1142946708463951
0 0.9080307692307693 0.6218495297805643 0.06156153846153862 0.1167293625914316
0 0.5096076923076923 0.6259874608150471 0.05688461538461542 0.11526645768025073
0 0.3981538461538462 0.6276907001044932 0.05334615384615382 0.1167293625914316
0 0.7962153846153845 0.6289132706374085 0.058023076923076886 0.11234064785788923
0 0.3384846153846154 0.629153605015674 0.05660000000000003 0.12159874608150482
0 0.45423846153846154 0.6293939393939394 0.05368461538461536 0.12207941483803546
0 0.06306923076923077 0.6300940438871473 0.054776923076923084 0.11131661442006267
0 0.684 0.6303761755485893 0.05869999999999996 0.11819226750261222
0 0.5677153846153846 0.6308568443051202 0.05623846153846146 0.11624869383490073
0 0.2746230769230769 0.633667711598746 0.0524923076923077 0.11727272727272729
0 0.2246384615384615 0.6354545454545455 0.0498769230769231 0.11489028213166148
0 0.6266615384615385 0.6354858934169278 0.057292307692307705 0.1167293625914316
0 0.01769230769230769 0.6366457680250783 0.03506153846153846 0.11131661442006267
0 0.11436923076923078 0.6372413793103449 0.04861538461538461 0.11012539184952988
0 0.7422384615384615 0.6379205851619645 0.052584615384615306 0.12159874608150459
0 0.16633076923076923 0.642601880877743 0.049907692307692306 0.11487983281086735
0 0.9673461538461539 0.7360606060606061 0.06047692307692299 0.12213166144200614
0 0.8558769230769232 0.7404388714733543 0.05547692307692299 0.12311389759665615
0 0.5149846153846154 0.7428735632183907 0.05544615384615379 0.11727272727272729
0 0.9110692307692309 0.7436050156739812 0.060469230769230865 0.11872518286311402
0 0.06701538461538462 0.7447439916405434 0.05126153846153845 0.11305120167189138
0 0.401023076923077 0.7457993730407524 0.05334615384615382 0.11727272727272729
0 0.34475384615384613 0.7465308254963426 0.05766923076923079 0.11580982236154642
0 0.7972846153846154 0.7470114942528735 0.05586153846153838 0.11678160919540229
0 0.6829307692307692 0.7472518286311389 0.05869999999999996 0.11434691745036579
0 0.5675384615384615 0.7484743991640543 0.048715384615384556 0.10995820271682342
0 0.4583615384615385 0.7492058516196447 0.057615384615384686 0.11921630094043878
0 0.2877769230769231 0.7515882967607105 0.05599230769230767 0.11482758620689666
0 0.2320923076923077 0.752183908045977 0.05426153846153843 0.11363636363636363
0 0.020538461538461537 0.75337513061651 0.039884615384615386 0.11244514106583062
0 0.7406615384615385 0.7550470219435738 0.058753846153846066 0.11239289446185992
0 0.6234384615384616 0.7560188087774294 0.055146153846153886 0.10849529780564256
0 0.17509230769230769 0.758735632183908 0.05077692307692307 0.11125391849529784
0 0.11546923076923078 0.7590386624869383 0.051684615384615384 0.11423197492163002
0 0.9696307692307692 0.8528944618599791 0.06073846153846157 0.10455590386624863
0 0.8569538461538462 0.8538662486938349 0.05260769230769221 0.10261233019853715
0 0.5112153846153846 0.8550888192267503 0.05652307692307694 0.10114942528735628
0 0.9116076923076922 0.8553291536050156 0.05294615384615379 0.10065830721003127
0 0.5678923076923077 0.8553291536050156 0.054453846153846124 0.10163009404388713
0 0.33956153846153847 0.855569487983281 0.058030769230769184 0.09823406478578892
0 0.39690000000000003 0.8560606060606061 0.05656923076923074 0.1001776384535004
0 0.6849 0.8563009404388715 0.053323076923076876 0.09871473354231977
0 0.06394615384615385 0.8564681295715778 0.047761538461538466 0.09939393939393952
0 0.7400923076923077 0.8575130616509927 0.056169230769230756 0.0972518286311389
0 0.8003307692307693 0.8577638453500522 0.05908461538461534 0.09481713688610241
0 0.45406153846153846 0.8577638453500522 0.05690769230769232 0.09482758620689655
0 0.6239769230769231 0.8577638453500522 0.054784615384615404 0.09481713688610241
0 0.019884615384615386 0.8585579937304075 0.039446153846153846 0.09522466039707407
0 0.22968461538461538 0.858944618599791 0.05207692307692311 0.09363636363636353
0 0.2838307692307692 0.86 0.053369230769230766 0.09216300940438876
0 0.17356153846153846 0.8603030303030302 0.0556076923076923 0.09156739811912237
0 0.11415384615384616 0.8607523510971787 0.056946153846153855 0.0907314524555903