0 0.2465625 0.8806201550387597 0.45 0.09534883720930233
0 0.7040625 0.8825581395348837 0.445 0.09689922480620156
0 0.1196875 0.09767441860465116 0.239375 0.16744186046511628
0 0.4746875 0.1 0.4625 0.17286821705426356
0 0.8540625 0.1065891472868217 0.291875 0.16434108527131783
0 0.2259375 0.2689922480620155 0.451875 0.16589147286821707
0 0.693125 0.27286821705426356 0.45625 0.16589147286821707
0 0.1159375 0.43333333333333335 0.23125 0.162015503875969
0 0.8475 0.43449612403100774 0.305 0.16434108527131783
0 0.4628125 0.43643410852713177 0.458125 0.16589147286821707
0 0.2515625 0.5961240310077519 0.451875 0.16124031007751938
0 0.7078125 0.5980620155038759 0.45625 0.1697674418604651
0 0.1225 0.7523255813953489 0.245 0.1635658914728682
0 0.850625 0.7542635658914729 0.29875 0.15503875968992248
0 0.4715625 0.7565891472868217 0.454375 0.162015503875969