0 0.24670625000000002 0.8806124031007752 0.44969375 0.09562790697674428
0 0.70391875 0.8824263565891473 0.4447812500000001 0.09683720930232564
0 0.1196875 0.09767441860465116 0.239375 0.16744186046511628
0 0.4745375 0.09986046511627907 0.46228125000000003 0.17309302325581394
0 0.8539687499999999 0.10651937984496124 0.29205624999999996 0.1646201550387597
0 0.2259375 0.2689922480620155 0.451875 0.16589147286821707
0 0.69318125 0.2729612403100775 0.45648750000000005 0.16582945736434104
0 0.11598125 0.4333410852713178 0.23118125 0.1622015503875969
0 0.8476250000000001 0.43455813953488376 0.3047437500000001 0.16462015503875965
0 0.46283124999999997 0.4363720930232558 0.45838750000000006 0.1658294573643411
0 0.2515875 0.5961550387596899 0.45164375 0.16099224806201556
0 0.7078187499999999 0.597968992248062 0.4564937499999999 0.16946511627906968
0 0.12261875 0.7523023255813953 0.24523125 0.16341085271317835
0 0.85055625 0.7541162790697674 0.29888749999999986 0.15493798449612395
0 0.47161250000000005 0.7565348837209301 0.4544812499999999 0.1622015503875969