0 0.2575 0.8914728682170543 0.451875 0.11472868217054263
0 0.7146875 0.8732558139534884 0.4475 0.11627906976744186
0 0.1153125 0.11434108527131782 0.230625 0.17751937984496124
0 0.4634375 0.10116279069767442 0.466875 0.1930232558139535
0 0.8428125 0.09147286821705426 0.29625 0.17751937984496124
0 0.22375 0.2810077519379845 0.4475 0.18527131782945735
0 0.6865625 0.26472868217054263 0.460625 0.18527131782945735
0 0.1159375 0.4496124031007752 0.231875 0.17209302325581396
0 0.8453125 0.4189922480620155 0.309375 0.17751937984496124
0 0.4609375 0.437984496124031 0.4625 0.18527131782945735
0 0.254375 0.6069767441860465 0.455625 0.1806201550387597
0 0.7103125 0.5887596899224806 0.46125 0.18914728682170542
0 0.13 0.7686046511627908 0.249375 0.17364341085271318
0 0.8528125 0.7387596899224806 0.294375 0.16744186046511628
0 0.47875 0.7577519379844961 0.45875 0.1813953488372093