0 0.6721875 0.12093227792436236 0.074375 0.13280562884784522
0 0.73 0.11433597185576078 0.073125 0.13368513632365875
0 0.609375 0.13852242744063326 0.06625 0.12313104661389622
0 0.7965625 0.11521547933157432 0.08 0.13368513632365875
0 0.4884375 0.16490765171503957 0.06875 0.1310466138962181
0 0.9278125 0.10246262093227793 0.073125 0.13280562884784522
0 0.5509375 0.16402814423922604 0.07 0.12752858399296393
0 0.863125 0.1218117854001759 0.076875 0.13808267370272648
0 0.4253125 0.19041336851363236 0.075625 0.13808267370272648
0 0.0446875 0.25021987686895336 0.0725 0.12928759894459102
0 0.0175 0.2590149516270888 0.035 0.1345646437994723
0 0.175 0.23526824978012312 0.085 0.13720316622691292
0 0.2990625 0.21723834652594548 0.071875 0.1345646437994723
0 0.2390625 0.22955145118733508 0.0675 0.1345646437994723
0 0.364375 0.21152154793315744 0.070625 0.13280562884784522
0 0.110625 0.24890061565523308 0.083125 0.13016710642040458
0 0.700625 0.2515391380826737 0.07 0.1363236587510994
0 0.6328125 0.2620932277924362 0.0775 0.14160070360598065
0 0.76875 0.2418645558487247 0.06375 0.13544415127528583
0 0.834375 0.24274406332453827 0.06875 0.13808267370272648
0 0.4965625 0.29331574318381703 0.069375 0.13984168865435356
0 0.95875 0.2260334212840809 0.05625 0.13368513632365875
0 0.8934375 0.24538258575197888 0.070625 0.13016710642040458
0 0.435 0.3197009674582234 0.06875 0.14160070360598065
0 0.56625 0.3007915567282322 0.074375 0.14072119613016712
0 0.059375 0.3808267370272647 0.0675 0.13720316622691292
0 0.23875 0.35532102022867196 0.06875 0.13896218117854
0 0.118125 0.3737906772207564 0.07125 0.13808267370272648
0 0.0190625 0.39006156552330695 0.038125 0.12928759894459102
0 0.3675 0.3386103781882146 0.07 0.13544415127528583
0 0.3046875 0.351363236587511 0.07125 0.13896218117854
0 0.1765625 0.3702726473175022 0.076875 0.13192612137203166
0 0.779375 0.37159190853122254 0.078125 0.14511873350923482
0 0.7259375 0.025065963060686015 0.061875 0.05013192612137203
0 0.635 0.3940193491644679 0.078125 0.14335971855760773
0 0.70375 0.38786279683377306 0.08125 0.1468777484608619
0 0.848125 0.3733509234828496 0.06625 0.13192612137203166
0 0.9696875 0.3575197889182058 0.05375 0.13984168865435356
0 0.66625 0.0316622691292876 0.06625 0.0633245382585752
0 0.5115625 0.4291996481970097 0.07375 0.1363236587510994
0 0.9246875 0.3702726473175022 0.0725 0.1345646437994723
0 0.445625 0.4525065963060686 0.074375 0.13720316622691292
0 0.5728125 0.4340369393139842 0.0725 0.1424802110817942
0 0.1225 0.503957783641161 0.073125 0.13808267370272648
0 0.0603125 0.5153913808267371 0.085 0.1442392260334213
0 0.3825 0.47185576077396657 0.075 0.14599824098504838
0 0.4740625 0.048812664907651716 0.068125 0.09762532981530343
0 0.185625 0.503957783641161 0.081875 0.1363236587510994
0 0.31125 0.4872471416007036 0.080625 0.14775725593667546
0 0.2471875 0.5013192612137203 0.075 0.1468777484608619
0 0.60125 0.04221635883905013 0.06375 0.08443271767810026
0 0.789375 0.030782761653474055 0.06875 0.06156552330694811
0 0.95125 0.01802990325417766 0.0325 0.03605980650835532
0 0.90625 0.023746701846965697 0.0575 0.047493403693931395
0 0.8534375 0.5035180299032542 0.076875 0.14335971855760773
0 0.7878125 0.5158311345646438 0.079375 0.1424802110817942
0 0.7178125 0.5281442392260334 0.080625 0.1547933157431838
0 0.6453125 0.5404573438874231 0.075 0.14511873350923482
0 0.974375 0.4938434476693052 0.05125 0.13984168865435356
0 0.9175 0.5043975373790677 0.07 0.13984168865435356
0 0.53625 0.054969217238346524 0.06625 0.10993843447669305
0 0.1271875 0.6310466138962181 0.08625 0.1442392260334213
0 0.518125 0.5747581354441513 0.0825 0.1503957783641161
0 0.413125 0.06860158311345646 0.06625 0.12401055408970976
0 0.584375 0.5712401055408971 0.069375 0.13984168865435356
0 0.0634375 0.6495162708883025 0.078125 0.14335971855760773
0 0.45 0.5936675461741425 0.07 0.13808267370272648
0 0.1890625 0.6328056288478452 0.080625 0.13544415127528583
0 0.8484375 0.03386103781882146 0.068125 0.06772207563764292
0 0.3846875 0.6116974494283202 0.0775 0.14599824098504838
0 0.2534375 0.635004397537379 0.076875 0.14160070360598065
0 0.3146875 0.6270888302550571 0.0725 0.1424802110817942
0 0.0125 0.13280562884784522 0.025 0.1284080914687775
0 0.2334375 0.09850483729111698 0.0675 0.13016710642040458
0 0.3521875 0.0839929639401935 0.068125 0.13720316622691292
0 0.049375 0.1297273526824978 0.06625 0.12576956904133685
0 0.29125 0.09454705364995603 0.064375 0.12576956904133685
0 0.796875 0.6402814423922604 0.070625 0.11785400175901495
0 0.1721875 0.11477572559366754 0.07375 0.11785400175901495
0 0.8646875 0.6402814423922604 0.073125 0.14599824098504838
0 0.9740625 0.6270888302550571 0.051875 0.1424802110817942
0 0.7340625 0.6662269129287599 0.074375 0.14335971855760773
0 0.666875 0.6789797713280563 0.0775 0.14775725593667546
0 0.9265625 0.6420404573438874 0.07 0.1345646437994723
0 0.045625 0.7801231310466139 0.06375 0.13544415127528583
0 0.1603125 0.7647317502198768 0.07625 0.14160070360598065
0 0.1034375 0.7752858399296394 0.065625 0.13280562884784522
0 0.545 0.7119613016710642 0.071875 0.1468777484608619
0 0.6078125 0.702726473175022 0.07375 0.14511873350923482
0 0.48125 0.7255936675461742 0.073125 0.14335971855760773
0 0.2246875 0.7673702726473175 0.08 0.1442392260334213
0 0.41625 0.7519788918205804 0.07125 0.13368513632365875
0 0.285625 0.7757255936675461 0.075625 0.12225153913808268
0 0.3515625 0.7678100263852242 0.075 0.14335971855760773
0 0.108125 0.1310466138962181 0.081875 0.13984168865435356
0 0.80375 0.7088830255057168 0.06625 0.051011433597185574
0 0.951875 0.7647317502198768 0.071875 0.13368513632365875
0 0.89625 0.7766051011433597 0.079375 0.13544415127528583
0 0.8334375 0.7880386983289358 0.07875 0.1424802110817942
0 0.693125 0.8104661389621812 0.075 0.1424802110817942
0 0.7640625 0.8051890941072999 0.07625 0.14160070360598065
0 0.0565625 0.9120492524186455 0.065625 0.14335971855760773
0 0.1071875 0.9050131926121372 0.073125 0.1442392260334213
0 0.6278125 0.8337730870712401 0.073125 0.13808267370272648
0 0.5609375 0.8460861917326298 0.0775 0.14160070360598065
0 0.4965625 0.8570800351802991 0.075625 0.13896218117854
0 0.1703125 0.9058927000879508 0.074375 0.13808267370272648
0 0.4275 0.8698328935795955 0.07875 0.1266490765171504
0 0.235625 0.899736147757256 0.068125 0.13192612137203166
0 0.363125 0.8909410729991205 0.075625 0.11345646437994723
0 0.2971875 0.9063324538258575 0.073125 0.10026385224274406