0 0.69936875 0.148117854001759 0.06533125000000012 0.12377308707124007
0 0.75750625 0.15045734388742305 0.06405624999999987 0.12494283201407212
0 0.63560625 0.156622691292876 0.05785625000000003 0.1149692172383465
0 0.8236125 0.1610202286719437 0.07121250000000004 0.12377308707124007
0 0.51323125 0.16512752858399296 0.05988124999999997 0.12259454705364994
0 0.95489375 0.16747581354441513 0.06448749999999989 0.12377308707124007
0 0.57559375 0.17334212840809143 0.06121250000000003 0.11907651715039574
0 0.88925625 0.1774406332453826 0.06743750000000005 0.12846086191732628
0 0.4486375 0.18125769569041336 0.06658124999999998 0.12905013192612133
0 0.065825 0.18484608619173262 0.06368125 0.12079155672823216
0 0.02565 0.18789797713280562 0.0513 0.12810905892700086
0 0.19650625000000002 0.18881266490765172 0.07619374999999998 0.12627968337730874
0 0.32111874999999995 0.18912049252418647 0.06270624999999999 0.12567282321899736
0 0.2604375 0.19247141600703607 0.058399999999999966 0.1262796833773087
0 0.38653750000000003 0.19299032541776606 0.06160624999999996 0.12435356200527703
0 0.131275 0.1930782761653474 0.07491875000000002 0.12018469656992087
0 0.7179125000000001 0.2824450307827616 0.060737499999999896 0.12846086191732628
0 0.6497750000000001 0.2827352682497801 0.06784999999999997 0.13256816182937556
0 0.78651875 0.2827352682497801 0.054550000000000126 0.12788038698328935
0 0.8515312500000001 0.2932981530343008 0.05952499999999986 0.13021987686895334
0 0.5119812499999999 0.2938786279683377 0.05988749999999996 0.13139841688654352
0 0.9765625 0.29507475813544415 0.046875 0.12752858399296393
0 0.9103 0.30473175021987686 0.06199999999999989 0.1214248021108179
0 0.44884375 0.3111873350923483 0.05949375000000003 0.1331574318381706
0 0.5808 0.31177660510114336 0.06495625000000003 0.13197889182058042
0 0.07059375000000001 0.316622691292876 0.05847500000000001 0.12933157431838166
0 0.2509 0.31783641160949866 0.05926875000000002 0.1305540897097626
0 0.12954375 0.3181442392260334 0.061918749999999995 0.12993843447669307
0 0.0227 0.31875109938434476 0.044187500000000005 0.12384344766930525
0 0.38008125 0.3199824098504837 0.061187500000000054 0.1272911169744943
0 0.31673124999999996 0.32350923482849603 0.06204999999999998 0.13080914687774847
0 0.18805624999999998 0.32363236587510996 0.06796250000000001 0.12262093227792432
0 0.7875187499999999 0.4132541776605101 0.06821875000000005 0.13550571679859275
0 0.761875 0.04133685136323659 0.05625 0.08267370272647317
0 0.64206875 0.41442392260334204 0.06828125 0.13432717678100262
0 0.7108312499999999 0.4185312225153914 0.07158749999999997 0.13667546174142484
0 0.8554937499999999 0.42527704485488127 0.05743750000000006 0.12435356200527703
0 0.9778125 0.42744063324538256 0.044375 0.13368513632365875
0 0.7016625000000001 0.04311345646437995 0.05991250000000008 0.0862269129287599
0 0.516775 0.43144239226033415 0.06446875000000006 0.12729111697449425
0 0.93196875 0.43349164467897977 0.06365624999999994 0.12553210202286721
0 0.44946875 0.444934036939314 0.06491249999999994 0.12846086191732625
0 0.5772625 0.444934036939314 0.06288750000000007 0.13432717678100264
0 0.1243375 0.4483905013192612 0.06365000000000003 0.12933157431838177
0 0.061706250000000004 0.4508267370272648 0.075375 0.13421284080914686
0 0.3852875 0.45460861917326295 0.06493750000000005 0.13726473175021983
0 0.50781875 0.04605101143359718 0.061550000000000014 0.09209322779243624
0 0.18718125 0.4578452066842569 0.07315624999999999 0.1262796833773087
0 0.31309375 0.4593755496921723 0.07093750000000004 0.1378715919085312
0 0.2485125 0.4642480211081794 0.06489375000000003 0.1378715919085312
0 0.63560625 0.04927000879507476 0.057018750000000014 0.0973702726473175
0 0.8248624999999999 0.05161829375549692 0.06121250000000003 0.10323658751099384
0 0.9875 0.051890941072999124 0.025 0.10378188214599825
0 0.9417687499999999 0.05484608619173263 0.049906249999999944 0.10499560246262093
0 0.8513187499999999 0.5555057167985928 0.06743124999999991 0.13374670184696563
0 0.7850562499999999 0.5581442392260334 0.06996250000000004 0.1331574318381707
0 0.7145874999999999 0.560193491644679 0.06991874999999993 0.14547053649956032
0 0.64165 0.5616622691292876 0.06494374999999998 0.1366754617414249
0 0.9759125000000001 0.5643007915567283 0.048174999999999954 0.13374670184696563
0 0.914875 0.5657695690413368 0.060318750000000136 0.13197889182058042
0 0.56996875 0.057194371152154797 0.058299999999999984 0.11321020228671941
0 0.11956875 0.5755848724714161 0.07665 0.1336059806508356
0 0.5124062500000001 0.5769129287598945 0.07240624999999995 0.14019349164467906
0 0.44571875 0.05807387862796834 0.05824375000000003 0.11614775725593668
0 0.578675 0.5833685136323659 0.05987499999999997 0.13197889182058042
0 0.05476875 0.5844327176781002 0.06844375 0.1342128408091468
0 0.443225 0.58570800351803 0.06076875000000001 0.12963940193491652
0 0.1809 0.5862620932277924 0.07185625000000001 0.12567282321899745
0 0.88341875 0.05924362357080036 0.05993750000000006 0.11731750219876867
0 0.3769625 0.594221635883905 0.06746250000000004 0.13726473175021983
0 0.2446125 0.5981618293755497 0.0675 0.13238346525945469
0 0.306325 0.5991996481970097 0.06290625000000002 0.13432717678100264
0 0.0253125 0.06068601583113457 0.050625 0.12137203166226913
0 0.26455625 0.061618293755496927 0.058831249999999995 0.12201407211961303
0 0.38403750000000003 0.06452946350043975 0.05910624999999996 0.1290501319261214
0 0.0792625 0.06527704485488127 0.05760625000000001 0.11834652594547054
0 0.32256875 0.06598944591029024 0.05621250000000003 0.11790677220756376
0 0.78480625 0.683377308707124 0.06279374999999987 0.10910290237467014
0 0.202575 0.06862796833773087 0.0657875 0.10919964819700968
0 0.8521562500000001 0.6930606860158312 0.06326249999999987 0.13784520668425684
0 0.9704937499999999 0.6974582233948988 0.059012500000000044 0.1349164467897978
0 0.72041875 0.699806508355321 0.06490624999999994 0.1349164467897978
0 0.652675 0.7027352682497802 0.06781875000000007 0.13843447669305198
0 0.913625 0.7039138082673703 0.06115624999999994 0.12670184696569917
0 0.027450000000000002 0.7118293755496922 0.05456875 0.12846086191732625
0 0.142475 0.7132981530343008 0.06702499999999999 0.13256816182937556
0 0.085175 0.7153474054529464 0.05663125000000001 0.12494283201407207
0 0.52910625 0.71740545294635 0.06161874999999995 0.13843447669305198
0 0.59205625 0.71740545294635 0.06412499999999995 0.13608619173262973
0 0.464675 0.7215039577836412 0.06364374999999996 0.1349164467897978
0 0.20624375 0.7256112576956903 0.07033749999999998 0.1349164467897978
0 0.39799375 0.7382233948988567 0.06200000000000003 0.12494283201407207
0 0.26629375 0.7426209322779244 0.06789375 0.11262972735268245
0 0.33256250000000004 0.7443887423043096 0.06536249999999999 0.1349164467897978
0 0.137775 0.07533861037818822 0.07231875 0.12993843447669307
0 0.78668125 0.7523043095866315 0.06321249999999992 0.04164467897977125
0 0.92966875 0.8297361477572559 0.06323125000000004 0.12494283201407207
0 0.9909375 0.8324538258575198 0.018125 0.12928759894459102
0 0.87361875 0.8332541776605101 0.07033749999999998 0.12612137203166235
0 0.8102687500000001 0.8353034300791556 0.06953125 0.13256816182937556
0 0.6691374999999999 0.8370624450307828 0.06573125000000005 0.13374670184696574
0 0.73979375 0.8423482849604221 0.06698125000000005 0.13256816182937556
0 0.02849375 0.8443975373790678 0.05581875 0.13550571679859275
0 0.07913125 0.8449868073878628 0.06371875 0.13550571679859283
0 0.6022500000000001 0.8505540897097624 0.06367499999999993 0.12905013192612128
0 0.5349437499999999 0.8532014072119615 0.0682875 0.13197889182058054
0 0.47009375 0.8546613896218118 0.06613749999999996 0.13021987686895334
0 0.14185 0.8549604221635884 0.06494375000000002 0.12963940193491644
0 0.40049375 0.8572999120492524 0.07033749999999998 0.11672823218997354
0 0.20749375 0.8584784520668425 0.059500000000000025 0.12377308707124002
0 0.33485 0.8684520668425681 0.06828125 0.10382585751978887
0 0.26813125 0.8743183817062445 0.06655625000000001 0.09092348284960412