0 0.695 0.14335971855760773 0.066875 0.12576956904133685
0 0.753125 0.1442392260334213 0.065625 0.1266490765171504
0 0.63125 0.1534740545294635 0.059375 0.11609498680738786
0 0.819375 0.15303430079155672 0.0725 0.12576956904133685
0 0.5090625 0.16490765171503957 0.06125 0.12401055408970976
0 0.950625 0.1565523306948109 0.06625 0.12576956904133685
0 0.5715625 0.17150395778364116 0.0625 0.12049252418645559
0 0.8853125 0.167985927880387 0.06875 0.13016710642040458
0 0.4446875 0.18249780123131046 0.068125 0.1310466138962181
0 0.061875 0.19569041336851364 0.065 0.12225153913808268
0 0.0240625 0.19920844327176782 0.048125 0.12928759894459102
0 0.1928125 0.1961301671064204 0.0775 0.1284080914687775
0 0.3171875 0.19349164467897978 0.064375 0.12752858399296393
0 0.2565625 0.19832893579595426 0.06 0.12752858399296393
0 0.3828125 0.19569041336851364 0.063125 0.12576956904133685
0 0.1275 0.2022867194371152 0.07625 0.12225153913808268
0 0.7153125 0.2770448548812665 0.0625 0.13016710642040458
0 0.6471875 0.27924362357080035 0.069375 0.1345646437994723
0 0.78375 0.2757255936675462 0.05625 0.12928759894459102
0 0.8490625 0.28452066842568163 0.06125 0.13192612137203166
0 0.509375 0.2937554969217238 0.06125 0.13280562884784522
0 0.9740625 0.2832014072119613 0.04875 0.1284080914687775
0 0.9078125 0.29463500439753737 0.06375 0.12313104661389622
0 0.4465625 0.31266490765171506 0.06125 0.1345646437994723
0 0.5784375 0.3100263852242744 0.066875 0.13368513632365875
0 0.0684375 0.32717678100263853 0.06 0.1310466138962181
0 0.24875 0.32409850483729113 0.060625 0.13192612137203166
0 0.1275 0.32717678100263853 0.06375 0.1310466138962181
0 0.0215625 0.3306948109058927 0.043125 0.1248900615655233
0 0.3778125 0.3227792436235708 0.0625 0.1284080914687775
0 0.3146875 0.3280562884784521 0.06375 0.13192612137203166
0 0.1859375 0.3311345646437995 0.069375 0.12401055408970976
0 0.78625 0.40633245382585753 0.07 0.13720316622691292
0 0.75625 0.03869832893579595 0.0575 0.0773966578715919
0 0.6409375 0.41072999120492526 0.07 0.1363236587510994
0 0.7096875 0.4133685136323659 0.073125 0.13808267370272648
0 0.854375 0.41644678979771327 0.05875 0.12576956904133685
0 0.976875 0.4155672823218997 0.04625 0.1345646437994723
0 0.695625 0.040897097625329816 0.06125 0.08179419525065963
0 0.5159375 0.4309586631486368 0.06625 0.12928759894459102
0 0.9309375 0.4230430958663149 0.065 0.1266490765171504
0 0.44875 0.4463500439753738 0.06625 0.13016710642040458
0 0.5765625 0.44283201407211964 0.064375 0.13544415127528583
0 0.12375 0.4577836411609499 0.065 0.1310466138962181
0 0.06125 0.46174142480211083 0.076875 0.1363236587510994
0 0.3846875 0.4573438874230431 0.066875 0.13896218117854
0 0.501875 0.04617414248021108 0.0625 0.09234828496042216
0 0.1865625 0.4656992084432718 0.075 0.1284080914687775
0 0.3125 0.46394019349164467 0.0725 0.13984168865435356
0 0.248125 0.47053649956024624 0.066875 0.13984168865435356
0 0.6296875 0.047493403693931395 0.058125 0.09498680738786279
0 0.819375 0.04793315743183817 0.0625 0.09586631486367635
0 0.981875 0.04617414248021108 0.02625 0.09234828496042216
0 0.93625 0.048372911169744945 0.05125 0.09674582233948989
0 0.851875 0.5470536499560247 0.069375 0.13544415127528583
0 0.785625 0.5510114335971856 0.071875 0.1345646437994723
0 0.7153125 0.5549692172383466 0.071875 0.1468777484608619
0 0.6425 0.558047493403694 0.066875 0.13808267370272648
0 0.975625 0.5527704485488126 0.04875 0.1345646437994723
0 0.915625 0.5554089709762533 0.061875 0.13368513632365875
0 0.564375 0.056288478452066845 0.06 0.11257695690413369
0 0.120625 0.5848724714160071 0.078125 0.13544415127528583
0 0.5134375 0.5765171503957783 0.074375 0.14160070360598065
0 0.4403125 0.059366754617414245 0.059375 0.11785400175901495
0 0.5796875 0.5813544415127528 0.06125 0.13368513632365875
0 0.0559375 0.5954265611257695 0.07 0.13544415127528583
0 0.444375 0.5870712401055409 0.0625 0.1310466138962181
0 0.181875 0.5941072999120492 0.073125 0.12752858399296393
0 0.8775 0.05452946350043975 0.06125 0.1090589270008795
0 0.378125 0.5971855760773966 0.069375 0.13896218117854
0 0.2459375 0.604221635883905 0.069375 0.13368513632365875
0 0.3075 0.6037818821459983 0.064375 0.13544415127528583
0 0.0228125 0.07255936675461741 0.045625 0.12225153913808268
0 0.2590625 0.06728232189973615 0.060625 0.12313104661389622
0 0.37875 0.06728232189973615 0.060625 0.13016710642040458
0 0.0740625 0.07563764291996482 0.059375 0.11961301671064203
0 0.3171875 0.07036059806508356 0.0575 0.11961301671064203
0 0.7871875 0.6763412489006156 0.064375 0.11081794195250659
0 0.1971875 0.0760773966578716 0.066875 0.11081794195250659
0 0.854375 0.6842568161829375 0.065 0.13896218117854
0 0.97125 0.6855760773966578 0.0575 0.1363236587510994
0 0.7228125 0.6943711521547933 0.066875 0.1363236587510994
0 0.6553125 0.6987686895338611 0.069375 0.13984168865435356
0 0.9159375 0.6939313984168866 0.0625 0.1284080914687775
0 0.03 0.7233948988566403 0.05625 0.13016710642040458
0 0.1453125 0.7220756376429199 0.06875 0.1345646437994723
0 0.0878125 0.7255936675461742 0.058125 0.1266490765171504
0 0.531875 0.7167985927880387 0.063125 0.13984168865435356
0 0.5946875 0.7150395778364116 0.065625 0.13720316622691292
0 0.4675 0.7225153913808268 0.065 0.1363236587510994
0 0.2090625 0.7326297273526825 0.071875 0.1363236587510994
0 0.4009375 0.7405452946350044 0.06375 0.1266490765171504
0 0.269375 0.7484608619173263 0.069375 0.11433597185576078
0 0.335625 0.7484608619173263 0.066875 0.1363236587510994
0 0.1325 0.08443271767810026 0.07375 0.13192612137203166
0 0.7896875 0.7453825857519789 0.06375 0.04309586631486367
0 0.93375 0.8192612137203166 0.065 0.1266490765171504
0 0.9925 0.8201407211961301 0.015 0.12928759894459102
0 0.8778125 0.8240985048372911 0.071875 0.12752858399296393
0 0.814375 0.8276165347405453 0.07125 0.1345646437994723
0 0.6734375 0.8328935795954265 0.0675 0.13544415127528583
0 0.7440625 0.8364116094986808 0.06875 0.1345646437994723
0 0.0328125 0.8557607739665787 0.0575 0.13720316622691292
0 0.0834375 0.855321020228672 0.065625 0.13720316622691292
0 0.6065625 0.8478452066842568 0.065 0.13016710642040458
0 0.539375 0.8522427440633246 0.07 0.13368513632365875
0 0.474375 0.855321020228672 0.0675 0.13192612137203166
0 0.14625 0.8636763412489006 0.06625 0.1310466138962181
0 0.405 0.8597185576077396 0.071875 0.11873350923482849
0 0.211875 0.8654353562005277 0.06125 0.1248900615655233
0 0.339375 0.872471416007036 0.069375 0.10554089709762533
0 0.2728125 0.8799472295514512 0.0675 0.09234828496042216