0 0.6365384615384615 0.10919540229885058 0.03769230769230769 0.12330198537095088
0 0.43423076923076925 0.109717868338558 0.18923076923076923 0.12016718913270637
0 0.5957692307692307 0.109717868338558 0.04 0.12330198537095088
0 0.6765384615384615 0.109717868338558 0.038461538461538464 0.12225705329153605
0 0.5534615384615384 0.11076280041797283 0.03769230769230769 0.12225705329153605
0 0.791923076923077 0.11180773249738767 0.1853846153846154 0.12748171368861025
0 0.9842307692307692 0.11598746081504702 0.031538461538461536 0.11389759665621735
0 0.9034615384615384 0.11912225705329153 0.04461538461538461 0.11389759665621735
0 0.9492307692307692 0.12173458725182863 0.038461538461538464 0.12016718913270637
0 0.11653846153846154 0.2225705329153605 0.04230769230769231 0.11912225705329153
0 0.07692307692307693 0.22622779519331243 0.04230769230769231 0.12434691745036573
0 0.35923076923076924 0.22675026123301986 0.040769230769230766 0.12539184952978055
0 0.4026923076923077 0.22675026123301986 0.040769230769230766 0.1180773249738767
0 0.4869230769230769 0.22675026123301986 0.04 0.12121212121212122
0 0.7257692307692307 0.2283176593521421 0.04 0.1180773249738767
0 0.44384615384615383 0.22936259143155696 0.03923076923076923 0.12539184952978055
0 0.24423076923076922 0.2304075235109718 0.18461538461538463 0.11598746081504702
0 0.03653846153846154 0.2304075235109718 0.04230769230769231 0.12121212121212122
0 0.6073076923076923 0.23563218390804597 0.1930769230769231 0.12330198537095088
0 0.7692307692307693 0.2361546499477534 0.04153846153846154 0.12121212121212122
0 0.8530769230769231 0.23667711598746083 0.04 0.12016718913270637
0 0.8126923076923077 0.23772204806687566 0.03769230769230769 0.12016718913270637
0 0.9384615384615385 0.2392894461859979 0.12307692307692308 0.12016718913270637
0 0.1626923076923077 0.3490073145245559 0.04153846153846154 0.12225705329153605
0 0.2073076923076923 0.3505747126436782 0.04153846153846154 0.12225705329153605
0 0.25 0.3510971786833856 0.03923076923076923 0.12225705329153605
0 0.295 0.35370950888192265 0.04230769230769231 0.12434691745036573
0 0.4157692307692308 0.3542319749216301 0.19384615384615383 0.12643678160919541
0 0.07038461538461538 0.3552769070010449 0.14076923076923076 0.12225705329153605
0 0.6646153846153846 0.3557993730407524 0.043076923076923075 0.12121212121212122
0 0.9803846153846154 0.3568443051201672 0.03923076923076923 0.1180773249738767
0 0.5384615384615384 0.35841170323928945 0.04 0.12643678160919541
0 0.7823076923076923 0.35841170323928945 0.18846153846153846 0.12121212121212122
0 0.5803846153846154 0.3599791013584117 0.03923076923076923 0.12330198537095088
0 0.9373076923076923 0.3620689655172414 0.036153846153846154 0.12016718913270637
0 0.6226923076923077 0.3620689655172414 0.040769230769230766 0.12016718913270637
0 0.8969230769230769 0.36363636363636365 0.03923076923076923 0.12225705329153605
0 0.12153846153846154 0.4723092998955068 0.04153846153846154 0.12016718913270637
0 0.24461538461538462 0.47648902821316613 0.1946153846153846 0.12330198537095088
0 0.07769230769230769 0.47701149425287354 0.043076923076923075 0.12434691745036573
0 0.40923076923076923 0.47701149425287354 0.04230769230769231 0.12016718913270637
0 0.36423076923076925 0.477533960292581 0.043076923076923075 0.12434691745036573
0 0.7688461538461538 0.47962382445141066 0.04 0.12016718913270637
0 0.03461538461538462 0.47962382445141066 0.04230769230769231 0.12121212121212122
0 0.4519230769230769 0.48066875653082547 0.03923076923076923 0.1180773249738767
0 0.8103846153846154 0.48066875653082547 0.03923076923076923 0.11703239289446186
0 0.9388461538461539 0.48066875653082547 0.12230769230769231 0.12330198537095088
0 0.8511538461538461 0.48171368861024033 0.040769230769230766 0.1180773249738767
0 0.4926923076923077 0.48223615464994773 0.04230769230769231 0.11598746081504702
0 0.6088461538461538 0.4832810867293626 0.19 0.12434691745036573
0 0.7261538461538461 0.4832810867293626 0.038461538461538464 0.11912225705329153
0 0.18884615384615386 0.5977011494252874 0.04 0.12121212121212122
0 0.2296153846153846 0.5992685475444096 0.04153846153846154 0.12016718913270637
0 0.275 0.5992685475444096 0.03923076923076923 0.1180773249738767
0 0.31653846153846155 0.6003134796238244 0.04230769230769231 0.12121212121212122
0 0.085 0.6008359456635318 0.16846153846153847 0.13375130616509928
0 0.9896153846153846 0.6018808777429467 0.02076923076923077 0.1180773249738767
0 0.8011538461538461 0.6018808777429467 0.18692307692307691 0.12330198537095088
0 0.9592307692307692 0.603448275862069 0.03769230769230769 0.12016718913270637
0 0.686923076923077 0.6039707419017764 0.04153846153846154 0.11389759665621735
0 0.43846153846153846 0.6044932079414838 0.18923076923076923 0.1180773249738767
0 0.9188461538461539 0.6050156739811913 0.03769230769230769 0.1180773249738767
0 0.5596153846153846 0.6065830721003135 0.04 0.12330198537095088
0 0.6426923076923077 0.6081504702194357 0.04 0.12016718913270637
0 0.6 0.6118077324973876 0.04230769230769231 0.12121212121212122
0 0.2453846153846154 0.722048066875653 0.1946153846153846 0.12330198537095088
0 0.8523076923076923 0.7225705329153606 0.03769230769230769 0.1180773249738767
0 0.9365384615384615 0.7236154649947754 0.12692307692307692 0.11703239289446186
0 0.8146153846153846 0.7236154649947754 0.038461538461538464 0.11912225705329153
0 0.7734615384615384 0.7241379310344828 0.04 0.12121212121212122
0 0.7319230769230769 0.7246603970741902 0.038461538461538464 0.12121212121212122
0 0.45153846153846156 0.7283176593521421 0.04153846153846154 0.12330198537095088
0 0.49346153846153845 0.7293625914315569 0.04230769230769231 0.12434691745036573
0 0.6111538461538462 0.7309299895506792 0.18923076923076923 0.12121212121212122
0 0.41 0.7309299895506792 0.043076923076923075 0.12330198537095088
0 0.11076923076923077 0.7324973876698014 0.04230769230769231 0.12121212121212122
0 0.3638461538461538 0.7340647857889238 0.04 0.12643678160919541
0 0.06884615384615385 0.735632183908046 0.045384615384615384 0.12434691745036573
0 0.02846153846153846 0.7377220480668757 0.045384615384615384 0.12121212121212122
0 0.9853846153846154 0.8396029258098223 0.02923076923076923 0.11598746081504702
0 0.7923076923076923 0.8427377220480669 0.18307692307692308 0.11598746081504702
0 0.95 0.8432601880877743 0.036923076923076927 0.11389759665621735
0 0.6373076923076924 0.8474399164054337 0.04 0.11389759665621735
0 0.19615384615384615 0.8479623824451411 0.04153846153846154 0.11494252873563218
0 0.23884615384615385 0.8479623824451411 0.040769230769230766 0.11703239289446186
0 0.2815384615384615 0.8479623824451411 0.04 0.11389759665621735
0 0.68 0.8484848484848485 0.040769230769230766 0.11703239289446186
0 0.5965384615384616 0.8484848484848485 0.04153846153846154 0.11389759665621735
0 0.9111538461538462 0.8484848484848485 0.03923076923076923 0.11285266457680251
0 0.3223076923076923 0.8490073145245559 0.03923076923076923 0.11494252873563218
0 0.0876923076923077 0.8490073145245559 0.1753846153846154 0.11389759665621735
0 0.5553846153846154 0.8490073145245559 0.03769230769230769 0.11285266457680251
0 0.4380769230769231 0.8500522466039707 0.19076923076923077 0.11285266457680251
0 0.3076923076923077 0.09665621734587251 0.04692307692307692 0.12016718913270637
0 0.2603846153846154 0.09979101358411703 0.04230769230769231 0.12434691745036573
0 0.21884615384615386 0.10031347962382445 0.04153846153846154 0.12225705329153605
0 0.17692307692307693 0.10083594566353186 0.04230769230769231 0.12643678160919541
0 0.07807692307692307 0.1013584117032393 0.15615384615384614 0.12957157784743992