0 0.6364384615384615 0.1093521421107628 0.037384615384615315 0.12303030303030305
0 0.43418461538461545 0.10968652037617554 0.18951538461538459 0.11971786833855799
0 0.5957461538461538 0.10968652037617554 0.03983846153846151 0.12368861024033438
0 0.6766384615384615 0.10968652037617554 0.038823076923076946 0.1223719958202717
0 0.5535923076923076 0.11101358411703238 0.03741538461538469 0.12237199582027167
0 0.7919538461538461 0.11201671891327065 0.18560769230769228 0.12702194357366772
0 0.9843461538461539 0.11598746081504702 0.03130769230769217 0.1137826541274817
0 0.9035615384615385 0.11929989550679206 0.044238461538461706 0.11378265412748173
0 0.9493692307692309 0.12160919540229885 0.03836923076923085 0.11973876698014631
0 0.1167076923076923 0.2223301985370951 0.0425076923076923 0.1190177638453501
0 0.07686923076923077 0.22605015673981194 0.04209999999999999 0.12416927899686518
0 0.3593692307692308 0.2265203761755486 0.04040769230769228 0.12531870428422154
0 0.4027384615384615 0.2265203761755486 0.041007692307692266 0.11853709508881922
0 0.4870692307692308 0.22688610240334378 0.03987692307692301 0.12106583072100315
0 0.7259307692307693 0.22819226750261232 0.03992307692307699 0.11835945663531869
0 0.4439461538461538 0.2292058516196447 0.039407692307692324 0.12569487983281089
0 0.24421538461538464 0.23033437826541275 0.18461538461538463 0.11599791013584117
0 0.036392307692307696 0.23063740856844306 0.04211538461538462 0.1207314524555904
0 0.6071769230769231 0.23549634273772205 0.19333076923076917 0.12370950888192266
0 0.7690615384615385 0.2361337513061651 0.04136923076923084 0.12100313479623825
0 0.8531230769230769 0.2364576802507837 0.03986923076923071 0.12034482758620692
0 0.8126769230769231 0.23778474399164054 0.037938461538461664 0.12034482758620689
0 0.9382846153846154 0.23943573667711598 0.12343076923076926 0.11967607105538138
0 0.16266923076923076 0.3489341692789969 0.04166153846153848 0.1224764890282132
0 0.20736153846153846 0.3506478578892372 0.04164615384615383 0.1224764890282132
0 0.25015384615384617 0.3512225705329154 0.03951538461538462 0.12246603970741907
0 0.29483846153846155 0.3535109717868339 0.04203076923076922 0.12476489028213164
0 0.41590769230769226 0.35398119122257055 0.19389999999999996 0.12629049111807733
0 0.07046923076923077 0.35551724137931034 0.14093076923076925 0.12189132706374084
0 0.6644769230769231 0.3560083594566353 0.0427615384615384 0.12105538140020901
0 0.9804461538461537 0.3570114942528736 0.03910769230769242 0.11778474399164057
0 0.5385 0.3586520376175549 0.04037692307692308 0.12635318704284218
0 0.7822 0.35867293625914315 0.18853076923076917 0.12109717868338557
0 0.5804076923076923 0.3599791013584117 0.03938461538461542 0.12370950888192266
0 0.9374307692307693 0.3619749216300941 0.03593076923076926 0.11977011494252875
0 0.6225615384615385 0.3622884012539185 0.04083076923076918 0.12039707419017767
0 0.8969846153846154 0.36363636363636365 0.03887692307692305 0.1217554858934169
0 0.12135384615384615 0.47210031347962383 0.041676923076923084 0.12018808777429466
0 0.24446923076923077 0.47638453500522465 0.19430000000000003 0.12305120167189132
0 0.0775076923076923 0.4769592476489028 0.04338461538461539 0.12420062695924766
0 0.4093307692307692 0.477251828631139 0.042453846153846196 0.12018808777429466
0 0.3642230769230769 0.477533960292581 0.043315384615384575 0.12419017763845347
0 0.7688230769230769 0.4798223615464995 0.039907692307692394 0.11973876698014632
0 0.03450769230769231 0.4798328108672936 0.04256153846153846 0.12076280041797288
0 0.452 0.4804493207941485 0.03895384615384623 0.1183490073145246
0 0.8104846153846155 0.48048066875653084 0.039407692307692324 0.11709508881922681
0 0.9387692307692308 0.48048066875653084 0.12245384615384619 0.12370950888192266
0 0.851176923076923 0.4814733542319749 0.040846153846153775 0.11775339602925816
0 0.4926923076923077 0.482110762800418 0.04234615384615381 0.11636363636363632
0 0.6089 0.4834273772204807 0.1899538461538462 0.12430512016718917
0 0.726176923076923 0.4834587251828631 0.03846923076923076 0.11908045977011492
0 0.18902307692307693 0.5975130616509927 0.04038461538461541 0.12127481713688605
0 0.2297076923076923 0.5992267502612331 0.041630769230769235 0.12012539184952982
0 0.27483846153846153 0.5995193312434692 0.03913846153846153 0.11840125391849524
0 0.31636923076923074 0.6003761755485892 0.04206923076923081 0.1212643678160919
0 0.08487692307692309 0.6006583072100314 0.1685923076923077 0.1333019853709508
0 0.9897076923076922 0.601619644723093 0.020584615384615552 0.11835945663531869
0 0.8012153846153846 0.6019540229885058 0.18657692307692314 0.12298850574712648
0 0.9593615384615385 0.6032810867293626 0.03787692307692291 0.12034482758620697
0 0.6869076923076923 0.6039811912225705 0.04180769230769224 0.11379310344827595
0 0.43856153846153845 0.6043155694879834 0.18949230769230768 0.1184430512016718
0 0.9189153846153846 0.604932079414838 0.03789999999999999 0.11834900731452455
0 0.5597153846153846 0.60662486938349 0.03991538461538469 0.12306165099268546
0 0.6428076923076923 0.6082758620689656 0.04036153846153848 0.11974921630094035
0 0.5999230769230769 0.6115882967607105 0.04233076923076921 0.12106583072100303
0 0.24534615384615382 0.7220271682340648 0.19476923076923075 0.12358411703239287
0 0.8521538461538462 0.7228213166144201 0.03793076923076919 0.11841170323928937
0 0.9365769230769231 0.7234796238244514 0.12683846153846143 0.11708463949843255
0 0.8145846153846155 0.7237931034482759 0.038830769230769245 0.11902821316614429
0 0.7736461538461539 0.7241170323928945 0.03982307692307691 0.12101358411703234
0 0.7319846153846155 0.7244514106583072 0.038376923076923156 0.1216718913270638
0 0.45149230769230775 0.7281086729362591 0.04183076923076932 0.12367816091954012
0 0.49364615384615385 0.7291013584117032 0.042300000000000004 0.12433646812957158
0 0.6111153846153846 0.7310762800417973 0.18949999999999992 0.1216718913270638
0 0.4100692307692308 0.7310867293625914 0.042823076923076936 0.1230198537095089
0 0.11086923076923076 0.7322884012539185 0.04203846153846153 0.12171368861024036
0 0.3637769230769231 0.7340647857889238 0.03992307692307691 0.12632183908045988
0 0.06878461538461539 0.7357053291536051 0.04571538461538462 0.12481713688610245
0 0.0283 0.7378787878787878 0.045276923076923076 0.12171368861024036
0 0.985323076923077 0.8396551724137931 0.029353846153846043 0.11636363636363625
0 0.7924461538461539 0.8429676071055382 0.18269230769230768 0.11636363636363625
0 0.9501076923076924 0.8433019853709508 0.03691538461538445 0.1143782654127482
0 0.6371615384615384 0.8475862068965517 0.03980000000000001 0.11368861024033433
0 0.1961846153846154 0.8478683385579937 0.04154615384615386 0.11544409613375133
0 0.23895384615384616 0.8478683385579937 0.04106923076923076 0.11668756530825504
0 0.2815 0.8478683385579937 0.0401384615384615 0.11420062695924761
0 0.6800846153846154 0.8485684430512017 0.040838461538461476 0.11698014629049117
0 0.5964692307692308 0.8485788923719959 0.04128461538461544 0.11434691745036579
0 0.9111230769230769 0.84858934169279 0.038884615384615524 0.11305120167189138
0 0.3222153846153846 0.8491118077324974 0.039200000000000026 0.11544409613375133
0 0.08766923076923076 0.8491222570532916 0.17533076923076923 0.11422152560083589
0 0.5555384615384615 0.8492476489028213 0.03739999999999992 0.1130303030303031
0 0.4380769230769231 0.8499059561128527 0.19046923076923084 0.1130303030303031
0 0.30756923076923076 0.09682340647857889 0.04666923076923074 0.1203030303030303
0 0.26045384615384615 0.09979101358411703 0.04232307692307691 0.1245350052246604
0 0.21895384615384614 0.10020898641588297 0.041715384615384626 0.12199582027168233
0 0.17683076923076924 0.10063740856844305 0.04235384615384613 0.1262382445141066
0 0.07812307692307692 0.10149425287356321 0.15593076923076926 0.12938349007314523