0 0.6611538461538462 0.12695924764890282 0.045384615384615384 0.12748171368861025
0 0.4596153846153846 0.10344827586206896 0.19615384615384615 0.14211076280041798
0 0.6203846153846154 0.12225705329153605 0.047692307692307694 0.12748171368861025
0 0.7011538461538461 0.13218390804597702 0.046153846153846156 0.12643678160919541
0 0.5784615384615385 0.11859979101358412 0.045384615384615384 0.12643678160919541
0 0.8157692307692308 0.14785788923719959 0.1930769230769231 0.148380355276907
0 0.9938461538461538 0.17450365726227796 0.012307692307692308 0.11703239289446186
0 0.9265384615384615 0.16875653082549635 0.05153846153846154 0.1180773249738767
0 0.9719230769230769 0.17607105538140022 0.046153846153846156 0.12434691745036573
0 0.13615384615384615 0.1781609195402299 0.05 0.12330198537095088
0 0.09615384615384616 0.17711598746081506 0.05 0.12852664576802508
0 0.3773076923076923 0.2110762800417973 0.04846153846153846 0.12957157784743992
0 0.4207692307692308 0.21630094043887146 0.04846153846153846 0.12330198537095088
0 0.5046153846153846 0.22622779519331243 0.047692307692307694 0.12539184952978055
0 0.7426923076923077 0.2560083594566353 0.047692307692307694 0.12225705329153605
0 0.46153846153846156 0.22361546499477533 0.047692307692307694 0.12957157784743992
0 0.2623076923076923 0.20114942528735633 0.19153846153846155 0.13793103448275862
0 0.055384615384615386 0.17659352142110762 0.05 0.12539184952978055
0 0.6238461538461538 0.24921630094043887 0.20076923076923076 0.14629049111807732
0 0.785 0.2690700104493208 0.04923076923076923 0.12539184952978055
0 0.8688461538461538 0.27951933124346917 0.047692307692307694 0.12434691745036573
0 0.8284615384615385 0.27586206896551724 0.045384615384615384 0.12434691745036573
0 0.9438461538461539 0.29153605015673983 0.1123076923076923 0.13375130616509928
0 0.17346153846153847 0.3098223615464995 0.04923076923076923 0.12643678160919541
0 0.21807692307692308 0.3166144200626959 0.04923076923076923 0.12643678160919541
0 0.26076923076923075 0.3223615464994775 0.04692307692307692 0.12643678160919541
0 0.305 0.3296760710553814 0.05 0.12957157784743992
0 0.4257692307692308 0.3448275862068966 0.20153846153846153 0.148380355276907
0 0.08153846153846153 0.3051201671891327 0.14846153846153845 0.13793103448275862
0 0.6730769230769231 0.3761755485893417 0.05 0.12539184952978055
0 0.9823076923076923 0.41431556948798326 0.03538461538461538 0.12225705329153605
0 0.5473076923076923 0.36363636363636365 0.04846153846153846 0.13061650992685475
0 0.7903846153846154 0.39237199582027166 0.19538461538461538 0.14315569487983282
0 0.5892307692307692 0.36990595611285265 0.04692307692307692 0.12748171368861025
0 0.9446153846153846 0.41431556948798326 0.04384615384615385 0.12330198537095088
0 0.6307692307692307 0.3772204806687565 0.04846153846153846 0.12434691745036573
0 0.9042307692307693 0.4111807732497388 0.04692307692307692 0.12539184952978055
0 0.12461538461538461 0.42737722048066873 0.04923076923076923 0.12434691745036573
0 0.2469230769230769 0.44618599791013586 0.20153846153846153 0.1452455590386625
0 0.08076923076923077 0.4268547544409613 0.05153846153846154 0.12852664576802508
0 0.41115384615384615 0.4665621734587252 0.05 0.12434691745036573
0 0.36615384615384616 0.461337513061651 0.05076923076923077 0.12852664576802508
0 0.7692307692307693 0.5114942528735632 0.047692307692307694 0.12434691745036573
0 0.03769230769230769 0.42476489028213166 0.05 0.12539184952978055
0 0.45346153846153847 0.47492163009404387 0.046153846153846156 0.12225705329153605
0 0.8103846153846154 0.5172413793103449 0.04692307692307692 0.12121212121212122
0 0.9365384615384615 0.5318704284221526 0.12692307692307692 0.13793103448275862
0 0.8511538461538461 0.5229885057471264 0.04846153846153846 0.12225705329153605
0 0.4938461538461538 0.48119122257053293 0.05 0.12121212121212122
0 0.6096153846153847 0.49634273772204807 0.19692307692307692 0.14629049111807732
0 0.7265384615384616 0.5104493207941484 0.046153846153846156 0.12330198537095088
0 0.18384615384615385 0.5600835945663531 0.047692307692307694 0.12539184952978055
0 0.22423076923076923 0.5668756530825496 0.04923076923076923 0.12434691745036573
0 0.2692307692307692 0.5726227795193313 0.04692307692307692 0.12225705329153605
0 0.31076923076923074 0.5783699059561128 0.05 0.12539184952978055
0 0.08384615384615385 0.5506792058516197 0.1676923076923077 0.15256008359456635
0 0.9811538461538462 0.6593521421107628 0.02846153846153846 0.12016718913270637
0 0.7934615384615384 0.6374085684430512 0.19384615384615383 0.14420062695924765
0 0.9511538461538461 0.6572622779519331 0.045384615384615384 0.12434691745036573
0 0.6796153846153846 0.625914315569488 0.04923076923076923 0.1180773249738767
0 0.4319230769230769 0.5966562173458725 0.19615384615384615 0.1400208986415883
0 0.9107692307692308 0.6541274817136886 0.045384615384615384 0.12225705329153605
0 0.5526923076923077 0.61337513061651 0.047692307692307694 0.12748171368861025
0 0.6353846153846154 0.6248693834900731 0.047692307692307694 0.12434691745036573
0 0.5923076923076923 0.6227795193312434 0.05 0.12539184952978055
0 0.23192307692307693 0.6912225705329154 0.2023076923076923 0.14629049111807732
0 0.8365384615384616 0.7638453500522466 0.045384615384615384 0.12225705329153605
0 0.9207692307692308 0.774294670846395 0.13384615384615384 0.13166144200626959
0 0.7988461538461539 0.7601880877742947 0.046153846153846156 0.12330198537095088
0 0.7580769230769231 0.7554858934169278 0.047692307692307694 0.12539184952978055
0 0.7165384615384616 0.7513061650992685 0.046153846153846156 0.12539184952978055
0 0.4369230769230769 0.7215256008359456 0.04923076923076923 0.12852664576802508
0 0.47884615384615387 0.7272727272727273 0.05 0.12852664576802508
0 0.5957692307692307 0.7434691745036572 0.19692307692307692 0.14315569487983282
0 0.39576923076923076 0.719435736677116 0.05076923076923077 0.12748171368861025
0 0.0973076923076923 0.6854754440961337 0.05 0.12643678160919541
0 0.34923076923076923 0.7168234064785789 0.047692307692307694 0.13061650992685475
0 0.055384615384615386 0.6839080459770115 0.05384615384615385 0.12957157784743992
0 0.02076923076923077 0.680773249738767 0.04153846153846154 0.12643678160919541
0 0.9615384615384616 0.8960292580982236 0.036923076923076927 0.11912225705329153
0 0.7692307692307693 0.8761755485893417 0.18923076923076923 0.13793103448275862
0 0.9265384615384615 0.8955067920585162 0.04384615384615385 0.1180773249738767
0 0.6142307692307692 0.8625914315569488 0.04692307692307692 0.1180773249738767
0 0.175 0.8103448275862069 0.04846153846153846 0.12016718913270637
0 0.21769230769230768 0.8155694879832811 0.04846153846153846 0.12121212121212122
0 0.26 0.8207941483803552 0.047692307692307694 0.1180773249738767
0 0.6569230769230769 0.8683385579937304 0.04846153846153846 0.12121212121212122
0 0.5738461538461539 0.8589341692789969 0.04846153846153846 0.11912225705329153
0 0.8873076923076924 0.8960292580982236 0.046153846153846156 0.11703239289446186
0 0.30038461538461536 0.8265412748171369 0.046153846153846156 0.12016718913270637
0 0.07884615384615384 0.7988505747126436 0.1576923076923077 0.13479623824451412
0 0.5330769230769231 0.8547544409613375 0.04461538461538461 0.11703239289446186
0 0.4157692307692308 0.8411703239289446 0.19692307692307692 0.13479623824451412
0 0.3342307692307692 0.07575757575757576 0.05384615384615385 0.12539184952978055
0 0.28692307692307695 0.07314524555903866 0.05 0.12957157784743992
0 0.24576923076923077 0.06844305120167189 0.04923076923076923 0.12643678160919541
0 0.20346153846153847 0.06426332288401254 0.05 0.12852664576802508
0 0.105 0.06321839080459771 0.16384615384615384 0.12643678160919541