0 0.5580846153846154 0.43609603340292274 0.0497615384615385 0.041565762004175416
0 0.513 0.4411482254697286 0.05407692307692304 0.03846555323590817
0 0.6161846153846153 0.45863256784968687 0.06690769230769232 0.045459290187891396
0 0.33686923076923075 0.459937369519833 0.04847692307692306 0.034102296450939415
0 0.4122384615384615 0.4713048016701461 0.04786923076923078 0.038016701461377825
0 0.569123076923077 0.47314196242171186 0.048230769230769265 0.03908141962421718
0 0.6750076923076923 0.47397703549060544 0.049423076923076924 0.042734864300626244
0 0.4655153846153846 0.47463465553235906 0.05564615384615378 0.04781837160751572
0 0.5194384615384615 0.480187891440501 0.05149230769230773 0.04350730688935277
0 0.3409076923076923 0.4963883089770355 0.10103076923076926 0.04114822546972856
0 0.6190538461538462 0.5001983298538623 0.04859230769230775 0.0423486430062631
0 0.41815384615384615 0.5091231732776618 0.05104615384615381 0.043110647181628346
0 0.5685307692307693 0.5132150313152402 0.047184615384615325 0.039624217118997954
0 0.6668538461538461 0.5136012526096033 0.04800000000000007 0.041179540709812154
0 0.4688307692307692 0.51598121085595 0.05016153846153849 0.042724425887265084
0 0.5204384615384616 0.5176826722338205 0.047776923076923 0.03535490605427975
0 0.3166538461538461 0.5346033402922755 0.04790769230769229 0.03997912317327761
0 0.36863076923076926 0.5348016701461378 0.04904615384615384 0.04036534446764094
0 0.6144692307692308 0.5415762004175366 0.04687692307692312 0.04273486430062636
0 0.4198846153846154 0.5459707724425887 0.05162307692307685 0.03683716075156573
0 0.6615538461538462 0.5479853862212944 0.050576923076923075 0.04079331941544884
0 0.4669538461538461 0.5512630480167015 0.047561538461538405 0.03801670146137789
0 0.5673846153846154 0.5518684759916493 0.04833076923076918 0.038465553235908105
0 0.516576923076923 0.5563361169102297 0.0474923076923077 0.03885177453027143
0 0.33816153846153846 0.5734029227557412 0.09901538461538463 0.03763048016701457
0 0.638223076923077 0.5819832985386221 0.09552307692307697 0.04273486430062636
0 0.4398076923076923 0.5853549060542798 0.09896923076923078 0.05134655532359087
0 0.538323076923077 0.5942171189979123 0.09556153846153848 0.0415657620041753
0 0.36054615384615385 0.6139665970772442 0.04904615384615384 0.0356680584551149
0 0.31029999999999996 0.6141649269311065 0.04676153846153843 0.036054279749478044
0 0.7179538461538462 0.6179853862212943 0.051761538461538435 0.037045929018789156
0 0.6126076923076923 0.6192797494780793 0.05173846153846153 0.03885177453027143
0 0.6629846153846154 0.6219937369519833 0.04656153846153844 0.039624217118997954
0 0.4109384615384616 0.6235699373695198 0.04700769230769227 0.04625260960334023
0 0.46219230769230774 0.6302296450939457 0.047853846153846184 0.03919624217118993
0 0.5596538461538462 0.630929018789144 0.0477538461538461 0.035741127348643015
0 0.5115692307692308 0.6328705636743215 0.048915384615384555 0.03263048016701461
0 0.3130461538461538 0.6515970772442589 0.05109230769230766 0.03801670146137795
0 0.3635769230769231 0.652964509394572 0.049915384615384605 0.03997912317327761
0 0.7115 0.6586847599164927 0.047899999999999984 0.039091858037578336
0 0.6090307692307693 0.6591022964509394 0.04630000000000004 0.03923799582463457
0 0.41396923076923076 0.6617849686847599 0.04902307692307694 0.04194154488517752
0 0.6584076923076922 0.6624008350730689 0.04943076923076922 0.035741127348643015
0 0.5616615384615384 0.6688100208768267 0.045461538461538394 0.03612734864300616
0 0.46363846153846155 0.6698225469728601 0.04784615384615388 0.03763048016701457
0 0.5134307692307692 0.670365344467641 0.047484615384615396 0.03691022964509384
0 0.36169999999999997 0.6911795407098121 0.051930769230769225 0.04036534446764099
0 0.3126076923076923 0.6927453027139875 0.04848461538461536 0.03645093945720258
0 0.713223076923077 0.6983507306889353 0.04617692307692305 0.03850730688935292
0 0.6654230769230769 0.6987265135699373 0.049138461538461624 0.043121085594989506
0 0.6144692307692308 0.6994989561586639 0.05087692307692315 0.045459290187891396
0 0.41757692307692307 0.7013674321503132 0.0487307692307692 0.04663883089770362
0 0.4684 0.7066597077244259 0.047553846153846106 0.03919624217118993
0 0.5633769230769231 0.7084342379958246 0.04832307692307687 0.040793319415448774
0 0.5151461538461539 0.7092171189979123 0.04576923076923077 0.03691022964509384
0 0.36386153846153846 0.7305741127348643 0.04875384615384615 0.03763048016701457
0 0.3064 0.7307620041753654 0.0476230769230769 0.0427244258872652
0 0.7095692307692308 0.73321503131524 0.047899999999999984 0.038215031315239976
0 0.4126692307692308 0.7378183716075157 0.04757692307692305 0.04194154488517752
0 0.6611230769230769 0.7383507306889353 0.048569230769230844 0.03379958246346567
0 0.6117461538461538 0.7385490605427975 0.04716153846153842 0.035741127348643015
0 0.4662307692307692 0.7407620041753653 0.04322307692307697 0.03683716075156573
0 0.5125692307692308 0.7457306889352818 0.048061538461538475 0.03612734864300616
0 0.5630923076923077 0.7465135699373695 0.04889999999999995 0.035354906054279635
0 0.2968692307692308 0.7664300626304802 0.04473846153846151 0.04429018789144057
0 0.35563076923076925 0.7691753653444676 0.053669230769230754 0.03958246346555331
0 0.6579769230769231 0.7725365344467642 0.04685384615384622 0.03457202505219195
0 0.7062384615384616 0.773027139874739 0.04897692307692313 0.04083507306889341
0 0.4595923076923077 0.7762317327766179 0.0449615384615385 0.034885177453027216
0 0.41150769230769235 0.7766283924843423 0.04757692307692305 0.038799582463465626
0 0.6085999999999999 0.7770041753653445 0.047730769230769195 0.03263048016701461
0 0.5598 0.7783716075156576 0.0474692307692308 0.02991649269311073
0 0.7480153846153846 0.7798643006263049 0.03419230769230773 0.037787056367432195
0 0.5085615384615385 0.7806993736951983 0.05035384615384618 0.030688935281837255