0 0.8837384615384615 0.10833855799373042 0.07756923076923088 0.07482758620689657
0 0.047823076923076926 0.11587251828631139 0.09531538461538461 0.0742737722048067
0 0.756523076923077 0.11699059561128526 0.17092307692307687 0.07539184952978056
0 0.4523 0.13039707419017765 0.08209230769230771 0.06980146290491117
0 0.3696923076923077 0.13681295715778474 0.07883846153846155 0.0692476489028213
0 0.5859153846153846 0.151337513061651 0.16843846153846156 0.08599791013584118
0 0.18776153846153845 0.1583176593521421 0.17540000000000003 0.07650992685475445
0 0.9212461538461537 0.1700417972831766 0.1575076923076925 0.09214211076280042
0 0.043715384615384614 0.18707419017763846 0.08134615384615385 0.07594566353187043
0 0.7203692307692308 0.18819226750261234 0.08133846153846154 0.06812957157784742
0 0.8021538461538461 0.18931034482758619 0.07719230769230762 0.0692476489028213
0 0.5742307692307692 0.02037617554858934 0.17 0.04075235109717868
0 0.39865384615384614 0.19963427377220483 0.1762384615384616 0.07427377220480667
0 0.6416153846153846 0.21890282131661443 0.07840769230769236 0.07818181818181817
0 0.2449 0.22756530825496343 0.08413846153846154 0.0776175548589342
0 0.5483153846153845 0.2281191222570533 0.07926923076923073 0.07203761755485893
0 0.9705769230769231 0.24040752351097178 0.05884615384615385 0.07761755485893414
0 0.15016153846153846 0.24152560083594565 0.07800769230769233 0.06756530825496339
0 0.9016230769230769 0.2549216300940439 0.08126153846153836 0.07650992685475441
0 0.049053846153846156 0.2593939393939394 0.09696153846153846 0.07539184952978054
0 0.7680307692307693 0.25966562173458724 0.16680769230769224 0.0692476489028213
0 0.19475384615384617 0.027084639498432605 0.18445384615384613 0.05416927899686521
0 0.36126923076923073 0.2744723092998955 0.07926153846153844 0.0653396029258098
0 0.45394615384615383 0.2769801462904911 0.08045384615384608 0.07036572622779523
0 0.5945461538461538 0.301828631138976 0.1774769230769231 0.07539184952978054
0 0.18447692307692307 0.30239289446185996 0.16800769230769227 0.06980146290491117
0 0.9233 0.3196969696969697 0.15340000000000006 0.08655172413793108
0 0.8035923076923077 0.3247230929989551 0.07760000000000009 0.06756530825496339
0 0.7207769230769231 0.32640543364681296 0.07886923076923075 0.06868338557993732
0 0.05337692307692308 0.33198537095088815 0.0718846153846154 0.07539184952978054
0 0.39886923076923075 0.340919540229885 0.1651461538461539 0.0653396029258098
0 0.7976923076923077 0.03657262277951933 0.07384615384615385 0.07314524555903866
0 0.6253846153846154 0.37107628004179727 0.07800000000000007 0.06980146290491113
0 0.5456461538461539 0.37471264367816093 0.08132307692307694 0.08153605015673979
0 0.9258615384615384 0.037690700104493206 0.1478307692307691 0.0686833855799373
0 0.13951538461538462 0.3795402298850575 0.07690769230769232 0.07101358411703243
0 0.22843846153846156 0.3798119122257054 0.08456923076923079 0.07376175548589345
0 0.9705769230769231 0.38336468129571577 0.05884615384615385 0.07873563218390807
0 0.7561230769230769 0.39565308254963427 0.16929230769230763 0.07427377220480673
0 0.8905307692307692 0.39956112852664577 0.07963846153846169 0.06980146290491113
0 0.04633076923076923 0.4065099268547544 0.09233846153846155 0.0732079414838035
0 0.7077846153846153 0.04132706374085684 0.08330769230769228 0.07706374085684431
0 0.4381230769230769 0.4079310344827586 0.07758461538461531 0.06980146290491113
0 0.35983076923076923 0.41156739811912224 0.07556153846153847 0.06701149425287356
0 0.19237692307692308 0.437889237199582 0.17209230769230768 0.07981191222570533
0 0.06796153846153846 0.04411703239289446 0.07804615384615383 0.06812957157784742
0 0.5824230769230769 0.44478578892372 0.17789230769230768 0.08097178683385581
0 0.7142076923076923 0.4601462904911181 0.07888461538461534 0.0692476489028213
0 0.9239153846153846 0.46461859979101355 0.15216153846153843 0.07594566353187049
0 0.7976384615384616 0.469080459770115 0.07966923076923081 0.06701149425287356
0 0.39188461538461533 0.47187042842215254 0.1684384615384615 0.06253918495297808
0 0.056869230769230776 0.4788923719958203 0.0737 0.07045977011494248
0 0.14843076923076923 0.5152246603970742 0.08014615384615384 0.06825496342737727
0 0.2505230769230769 0.5157784743991641 0.08091538461538457 0.07596656217345878
0 0.5723307692307692 0.5201776384535005 0.16429230769230763 0.08208986415882974
0 0.7409153846153846 0.5313479623824452 0.15860769230769234 0.070919540229885
0 0.43648461538461536 0.5372100313479624 0.07347692307692306 0.0692476489028213
0 0.9490999999999999 0.5374921630094044 0.07344615384615386 0.06645768025078366
0 0.8705923076923077 0.5391640543364682 0.0825153846153846 0.07203761755485899
0 0.047469230769230764 0.5410971786833856 0.09493076923076922 0.06495297805642636
0 0.35736153846153845 0.5450261233019854 0.08049999999999999 0.07370950888192264
0 0.3957769230769231 0.0583594566353187 0.17706153846153852 0.08208986415882968
0 0.5667846153846154 0.5804911180773249 0.16881538461538464 0.06980146290491113
0 0.20311538461538461 0.5873354231974922 0.16925384615384614 0.07155694879832812
0 0.6938615384615384 0.5944514106583072 0.07353846153846147 0.06980146290491113
0 0.7742076923076924 0.5997596656217347 0.07885384615384623 0.06701149425287367
0 0.8977076923076923 0.6056217345872519 0.1647000000000001 0.06868338557993732
0 0.032676923076923076 0.6074294670846394 0.06534615384615385 0.06880877742946699
0 0.3822230769230769 0.6106478578892371 0.1639230769230769 0.07650992685475447
0 0.12208461538461539 0.6294461859979101 0.07527692307692309 0.10073145245559048
0 0.501423076923077 0.6405224660397074 0.0800307692307692 0.08153605015673979
0 0.22174615384615384 0.6525600835945663 0.07928461538461536 0.06660397074190179
0 0.6007 0.6542006269592477 0.0779692307692307 0.06198537095088812
0 0.7191307692307691 0.6639707419017763 0.15860769230769226 0.0692476489028213
0 0.9388153846153846 0.66760710553814 0.0800153846153846 0.06756530825496351
0 0.03713076923076923 0.6765099268547544 0.07426153846153846 0.06605015673981195
0 0.8523000000000001 0.6801671891327064 0.0779923076923076 0.07259143155694883
0 0.33763846153846155 0.6857575757575758 0.07804615384615388 0.0703657262277951
0 0.4219 0.6879832810867293 0.07800769230769233 0.06701149425287344
0 0.5460307692307692 0.7041797283176593 0.16512307692307698 0.07482758620689645
0 0.15975384615384616 0.7194461859979101 0.16276923076923078 0.07155694879832812
0 0.7612615384615383 0.7307105538140021 0.08419999999999994 0.06868338557993732
0 0.6669 0.7368547544409613 0.08210000000000002 0.0731556948798328
0 0.8845538461538462 0.7404806687565308 0.16059230769230767 0.07818181818181812
0 0.03307692307692308 0.7434691745036572 0.06615384615384616 0.06165099268547544
0 0.3661923076923077 0.7538871473354233 0.17297692307692308 0.07594566353187049
0 0.501423076923077 0.762257053291536 0.08085384615384608 0.06812957157784749
0 0.5814076923076923 0.7759456635318704 0.0772076923076924 0.079853709508882
0 0.6099692307692308 0.07929989550679206 0.07923846153846154 0.0703657262277952
0 0.22073846153846152 0.7877011494252874 0.07969230769230772 0.05834900731452447
0 0.12512307692307692 0.7893521421107628 0.08297692307692309 0.06605015673981195
0 0.9079846153846155 0.8025600835945663 0.07644615384615393 0.0704597701149426
0 0.7067538461538462 0.8069383490073145 0.16593076923076927 0.07370950888192264
0 0.0372076923076923 0.8094461859979101 0.07328461538461538 0.06880877742946699
0 0.8318153846153845 0.8099895506792059 0.07647692307692314 0.06550679205851626
0 0.4147 0.8222884012539184 0.08006923076923075 0.060867293625914316
0 0.5281769230769231 0.08320794148380355 0.07927692307692304 0.06812957157784742
0 0.33476153846153844 0.8287147335423198 0.07722307692307691 0.06701149425287344
0 0.5382461538461538 0.834858934169279 0.16517692307692308 0.0848798328108673
0 0.1619846153846154 0.8510031347962382 0.1712846153846154 0.06715778474399162
0 0.9027153846153846 0.8672413793103448 0.07644615384615393 0.06220480668756528
0 0.03814615384615385 0.8724660397074191 0.0762923076923077 0.06605015673981195
0 0.8273615384615384 0.875496342737722 0.07566923076923068 0.06109717868338561
0 0.7485615384615385 0.8760501567398119 0.07610769230769235 0.057795193312434635
0 0.6621692307692308 0.8761755485893417 0.07676153846153844 0.058077324973876625
0 0.2373 0.08878787878787879 0.07715384615384611 0.0692476489028213
0 0.36804615384615386 0.881274817136886 0.1627846153846154 0.048443051201671784
0 0.14543846153846154 0.09074190177638454 0.08335384615384617 0.07539184952978056
0 0.9635846153846155 0.0935423197492163 0.07282307692307698 0.06756530825496343