0 0.6126923076923076 0.11494252873563218 0.12 0.06374085684430512
0 0.8896153846153846 0.14106583072100312 0.14153846153846153 0.07001044932079414
0 0.7476923076923077 0.1290491118077325 0.14615384615384616 0.07105538140020899
0 0.31653846153846155 0.08934169278996865 0.13 0.07001044932079414
0 0.8996153846153846 0.1896551724137931 0.15538461538461537 0.08568443051201671
0 0.4503846153846154 0.15464994775339602 0.15307692307692308 0.08359456635318704
0 0.30153846153846153 0.14211076280041798 0.15153846153846154 0.08254963427377221
0 0.5992307692307692 0.1703239289446186 0.14923076923076922 0.08254963427377221
0 0.7488461538461538 0.18495297805642633 0.15 0.08150470219435736
0 0.15384615384615385 0.13009404388714735 0.14692307692307693 0.07836990595611286
0 0.8926923076923077 0.25444096133751304 0.15307692307692308 0.07836990595611286
0 0.44846153846153847 0.2168234064785789 0.15076923076923077 0.0794148380355277
0 0.5980769230769231 0.23145245559038663 0.14846153846153845 0.07836990595611286
0 0.7438461538461538 0.2476489028213166 0.1476923076923077 0.07732497387669801
0 0.2996153846153846 0.20637408568443052 0.14692307692307693 0.07628004179728318
0 0.1519230769230769 0.19278996865203762 0.14615384615384616 0.0741901776384535
0 0.8896153846153846 0.31347962382445144 0.1523076923076923 0.0794148380355277
0 0.5946153846153847 0.29205851619644724 0.1476923076923077 0.07628004179728318
0 0.44769230769230767 0.2784743991640543 0.15 0.07628004179728318
0 0.7411538461538462 0.3077324973876698 0.1476923076923077 0.08045977011494253
0 0.1473076923076923 0.25391849529780564 0.15076923076923077 0.07523510971786834
0 0.29615384615384616 0.26802507836990597 0.14461538461538462 0.07314524555903866
0 0.8846153846153846 0.3766980146290491 0.1523076923076923 0.07523510971786834
0 0.4423076923076923 0.032915360501567396 0.06307692307692307 0.06583072100313479
0 0.5796153846153846 0.35318704284221525 0.1476923076923077 0.07523510971786834
0 0.43 0.3390804597701149 0.15153846153846154 0.07732497387669801
0 0.7280769230769231 0.3672936259143156 0.14846153846153845 0.07628004179728318
0 0.14076923076923076 0.312957157784744 0.15307692307692308 0.07523510971786834
0 0.2846153846153846 0.3281086729362591 0.13230769230769232 0.06896551724137931
0 0.8715384615384615 0.4373040752351097 0.14846153846153845 0.0741901776384535
0 0.12115384615384615 0.3704284221525601 0.1423076923076923 0.07210031347962383
0 0.5673076923076923 0.41327063740856845 0.14692307692307693 0.07210031347962383
0 0.7223076923076923 0.4278996865203762 0.15076923076923077 0.07523510971786834
0 0.26692307692307693 0.3845350052246604 0.14307692307692307 0.07210031347962383
0 0.415 0.3996865203761755 0.15076923076923077 0.07628004179728318
0 0.8688461538461538 0.5 0.1523076923076923 0.07523510971786834
0 0.2703846153846154 0.4456635318704284 0.13923076923076924 0.0741901776384535
0 0.12461538461538461 0.4320794148380355 0.14846153846153845 0.0741901776384535
0 0.5657692307692308 0.47439916405433646 0.14846153846153845 0.0741901776384535
0 0.7176923076923077 0.49007314524555906 0.15076923076923077 0.07523510971786834
0 0.4173076923076923 0.46342737722048066 0.14923076923076922 0.07523510971786834
0 0.9026923076923077 0.08934169278996865 0.13384615384615384 0.08150470219435736
0 0.8761538461538462 0.5595611285266457 0.14846153846153845 0.07836990595611286
0 0.5807692307692308 0.5355276907001045 0.1476923076923077 0.07836990595611286
0 0.2907692307692308 0.5083594566353187 0.14153846153846153 0.07523510971786834
0 0.13923076923076924 0.4942528735632184 0.14923076923076922 0.07523510971786834
0 0.7276923076923076 0.5517241379310345 0.14923076923076922 0.0794148380355277
0 0.43423076923076925 0.5245559038662487 0.1476923076923077 0.0794148380355277
0 0.28307692307692306 0.03187042842215256 0.05923076923076923 0.06060606060606061
0 0.7353846153846154 0.07836990595611286 0.1423076923076923 0.07732497387669801
0 0.6034615384615385 0.06583072100313479 0.12538461538461537 0.07314524555903866
0 0.8726923076923077 0.622257053291536 0.14923076923076922 0.07628004179728318
0 0.14307692307692307 0.5553814002089864 0.1523076923076923 0.07836990595611286
0 0.585 0.5977011494252874 0.1476923076923077 0.08045977011494253
0 0.2923076923076923 0.5705329153605015 0.14153846153846153 0.07628004179728318
0 0.43653846153846154 0.5856844305120167 0.15076923076923077 0.08045977011494253
0 0.7303846153846154 0.6154649947753396 0.13923076923076924 0.07523510971786834
0 0.1296153846153846 0.6144200626959248 0.15538461538461537 0.08254963427377221
0 0.8680769230769231 0.6849529780564263 0.14923076923076922 0.0794148380355277
0 0.28115384615384614 0.6306165099268548 0.1453846153846154 0.08150470219435736
0 0.573076923076923 0.658307210031348 0.14923076923076922 0.08359456635318704
0 0.7207692307692307 0.6745036572622779 0.15 0.08463949843260188
0 0.42538461538461536 0.6478578892371996 0.1476923076923077 0.08359456635318704
0 0.8673076923076923 0.7450365726227796 0.15076923076923077 0.08150470219435736
0 0.27192307692307693 0.6896551724137931 0.14076923076923076 0.07523510971786834
0 0.12153846153846154 0.6765935214211076 0.15461538461538463 0.08463949843260188
0 0.5684615384615385 0.7215256008359456 0.1476923076923077 0.0794148380355277
0 0.7188461538461538 0.7377220480668757 0.1476923076923077 0.08045977011494253
0 0.4153846153846154 0.709508881922675 0.14923076923076922 0.08463949843260188
0 0.8634615384615385 0.8040752351097179 0.15538461538461537 0.08672936259143156
0 0.26692307692307693 0.7492163009404389 0.13923076923076924 0.07523510971786834
0 0.1226923076923077 0.7361546499477534 0.14692307692307693 0.08150470219435736
0 0.5565384615384615 0.7789968652037618 0.14846153846153845 0.08568443051201671
0 0.7061538461538461 0.7946708463949843 0.1476923076923077 0.08463949843260188
0 0.4065384615384615 0.7727272727272727 0.14923076923076922 0.08045977011494253
0 0.8511538461538461 0.8615464994775339 0.15307692307692308 0.09508881922675026
0 0.26153846153846155 0.8056426332288401 0.14384615384615385 0.08359456635318704
0 0.11153846153846154 0.7946708463949843 0.15538461538461537 0.08568443051201671
0 0.556923076923077 0.841692789968652 0.1476923076923077 0.08254963427377221
0 0.703076923076923 0.8563218390804598 0.1476923076923077 0.08463949843260188
0 0.40615384615384614 0.8307210031347962 0.14692307692307693 0.08045977011494253
0 0.10730769230769231 0.8437826541274818 0.1576923076923077 0.06478578892371996
0 0.5515384615384615 0.8861024033437827 0.1523076923076923 0.06269592476489028
0 0.2569230769230769 0.857889237199582 0.14 0.06583072100313479
0 0.7034615384615385 0.9007314524555904 0.15 0.06374085684430512
0 0.8511538461538461 0.9153605015673981 0.14692307692307693 0.06269592476489028
0 0.39884615384615385 0.8751306165099269 0.14846153846153845 0.05956112852664577
0 0.17038461538461538 0.06844305120167189 0.16076923076923078 0.08359456635318704
0 0.46384615384615385 0.09822361546499478 0.14846153846153845 0.08359456635318704