0 0.2903125 0.25432525951557095 0.04 0.04152249134948097
0 0.3296875 0.25994809688581316 0.0375 0.03806228373702422
0 0.369375 0.2681660899653979 0.039375 0.03892733564013841
0 0.405625 0.2867647058823529 0.038125 0.03806228373702422
0 0.295 0.2867647058823529 0.04 0.039792387543252594
0 0.2565625 0.2867647058823529 0.04375 0.037197231833910036
0 0.2171875 0.2837370242214533 0.036875 0.03633217993079585
0 0.333125 0.29498269896193774 0.038125 0.03546712802768166
0 0.14125 0.2768166089965398 0.038125 0.03633217993079585
0 0.1803125 0.2820069204152249 0.03875 0.03460207612456748
0 0.36875 0.3023356401384083 0.036875 0.03633217993079585
0 0.4059375 0.3209342560553633 0.03875 0.037197231833910036
0 0.6103125 0.3421280276816609 0.076875 0.04671280276816609
0 0.67375 0.3499134948096886 0.05 0.03200692041522491
0 0.2975 0.3222318339100346 0.03625 0.03633217993079585
0 0.2615625 0.3209342560553633 0.035625 0.03633217993079585
0 0.225625 0.3187716262975779 0.038125 0.03806228373702422
0 0.3328125 0.3295847750865052 0.0375 0.03806228373702422
0 0.169375 0.3153114186851211 0.0775 0.04152249134948097
0 0.3696875 0.3369377162629758 0.036875 0.037197231833910036
0 0.5934375 0.3719723183391003 0.03625 0.03806228373702422
0 0.6296875 0.38019031141868515 0.039375 0.03892733564013841
0 0.6678125 0.3884083044982699 0.036875 0.04152249134948097
0 0.5521875 0.3810553633217993 0.03625 0.04325259515570934
0 0.7021875 0.3961937716262976 0.03875 0.039792387543252594
0 0.2725 0.3546712802768166 0.075625 0.04152249134948097
0 0.34625 0.36505190311418684 0.075 0.04152249134948097
0 0.140625 0.34645328719723184 0.03625 0.037197231833910036
0 0.196875 0.3538062283737024 0.078125 0.04065743944636678
0 0.740625 0.4087370242214533 0.036875 0.04325259515570934
0 0.5128125 0.3905709342560554 0.03875 0.039792387543252594
0 0.619375 0.4100346020761246 0.080625 0.045847750865051905
0 0.7734375 0.42603806228373703 0.038125 0.03806228373702422
0 0.8103125 0.435121107266436 0.035 0.04065743944636678
0 0.26 0.3866782006920415 0.036875 0.03546712802768166
0 0.2959375 0.39100346020761245 0.038125 0.03546712802768166
0 0.694375 0.4312283737024221 0.075 0.04757785467128028
0 0.5428125 0.4186851211072664 0.07375 0.052768166089965395
0 0.1721875 0.38451557093425603 0.075 0.04152249134948097
0 0.2275 0.39100346020761245 0.03625 0.03546712802768166
0 0.4559375 0.42430795847750863 0.07875 0.04325259515570934
0 0.6275 0.4476643598615917 0.0375 0.03806228373702422
0 0.7665625 0.46280276816608995 0.07875 0.04844290657439446
0 0.84125 0.47145328719723184 0.07375 0.04411764705882353
0 0.6640625 0.45501730103806226 0.03875 0.03806228373702422
0 0.5890625 0.44809688581314877 0.03875 0.04152249134948097
0 0.2615625 0.41998269896193774 0.035625 0.03546712802768166
0 0.70125 0.4641003460207612 0.036875 0.039792387543252594
0 0.548125 0.45285467128027684 0.04 0.04411764705882353
0 0.1509375 0.416522491349481 0.038125 0.03460207612456748
0 0.2078125 0.4234429065743945 0.07625 0.04152249134948097
0 0.495 0.4623702422145329 0.071875 0.039792387543252594
0 0.6221875 0.47794117647058826 0.03875 0.04238754325259515
0 0.4403125 0.4610726643598616 0.03875 0.03806228373702422
0 0.403125 0.45761245674740486 0.03625 0.03546712802768166
0 0.730625 0.49178200692041524 0.036875 0.03806228373702422
0 0.6584375 0.4870242214532872 0.038125 0.04065743944636678
0 0.8746875 0.5099480968858131 0.03625 0.03806228373702422
0 0.8396875 0.5073529411764706 0.039375 0.03892733564013841
0 0.7665625 0.5004325259515571 0.0375 0.04065743944636678
0 0.8034375 0.5038927335640139 0.036875 0.03633217993079585
0 0.58375 0.4835640138408305 0.039375 0.04411764705882353
0 0.69375 0.4969723183391003 0.036875 0.03892733564013841
0 0.54625 0.4870242214532872 0.035625 0.04238754325259515
0 0.1884375 0.45285467128027684 0.036875 0.03546712802768166
0 0.1503125 0.44939446366782004 0.040625 0.03546712802768166
0 0.225625 0.45761245674740486 0.036875 0.03460207612456748
0 0.4734375 0.49480968858131485 0.03875 0.037197231833910036
0 0.50875 0.4995674740484429 0.034375 0.037197231833910036
0 0.4175 0.49264705882352944 0.074375 0.03892733564013841
0 0.7228125 0.523356401384083 0.039375 0.039792387543252594
0 0.6515625 0.5207612456747405 0.0775 0.04671280276816609
0 0.7615625 0.5337370242214533 0.04 0.04065743944636678
0 0.8534375 0.5428200692041523 0.0725 0.039792387543252594
0 0.8009375 0.5384948096885813 0.04 0.039792387543252594
0 0.57625 0.5177335640138409 0.075 0.056228373702422146
0 0.16375 0.4844290657439446 0.07125 0.03806228373702422
0 0.3728125 0.5181660899653979 0.04 0.04152249134948097
0 0.5003125 0.5311418685121108 0.075625 0.03892733564013841
0 0.445625 0.5268166089965398 0.034375 0.03633217993079585
0 0.4103125 0.5268166089965398 0.0375 0.039792387543252594
0 0.7259375 0.5588235294117647 0.078125 0.04844290657439446
0 0.624375 0.551038062283737 0.075625 0.04065743944636678
0 0.8015625 0.5700692041522492 0.074375 0.04152249134948097
0 0.8553125 0.5756920415224913 0.035 0.03633217993079585
0 0.3321875 0.5263840830449827 0.04375 0.04325259515570934
0 0.1453125 0.5173010380622838 0.0375 0.03633217993079585
0 0.5440625 0.5657439446366782 0.078125 0.04325259515570934
0 0.695 0.5808823529411765 0.076875 0.045847750865051905
0 0.4665625 0.5622837370242214 0.075625 0.039792387543252594
0 0.39125 0.5575259515570934 0.0775 0.04498269896193772
0 0.8465625 0.6081314878892734 0.075 0.03892733564013841
0 0.615625 0.5865051903114187 0.074375 0.04411764705882353
0 0.7703125 0.601643598615917 0.0775 0.04152249134948097
0 0.333125 0.5592560553633218 0.0375 0.039792387543252594
0 0.54 0.6003460207612457 0.07625 0.045847750865051905
0 0.6934375 0.615916955017301 0.07625 0.05190311418685121
0 0.2165625 0.5700692041522492 0.040625 0.03892733564013841
0 0.295625 0.5778546712802768 0.036875 0.037197231833910036
0 0.2578125 0.5761245674740484 0.0375 0.037197231833910036
0 0.175625 0.5683391003460208 0.039375 0.039792387543252594
0 0.46625 0.596885813148789 0.075 0.04152249134948097
0 0.37375 0.5886678200692042 0.041875 0.03892733564013841
0 0.410625 0.5964532871972318 0.03875 0.03892733564013841
0 0.598125 0.6180795847750865 0.036875 0.03546712802768166
0 0.7646875 0.634083044982699 0.076875 0.04152249134948097
0 0.3328125 0.592560553633218 0.0375 0.04152249134948097
0 0.841875 0.6418685121107266 0.078125 0.04238754325259515
0 0.6353125 0.6237024221453287 0.039375 0.039792387543252594
0 0.558125 0.6371107266435986 0.038125 0.039792387543252594
0 0.670625 0.6487889273356401 0.0375 0.039792387543252594
0 0.2728125 0.610726643598616 0.076875 0.03892733564013841
0 0.383125 0.6219723183391004 0.0775 0.04498269896193772
0 0.705 0.6544117647058824 0.04 0.04065743944636678
0 0.189375 0.6055363321799307 0.07875 0.04325259515570934
0 0.486875 0.634515570934256 0.0375 0.037197231833910036
0 0.5221875 0.6379757785467128 0.035 0.03633217993079585
0 0.449375 0.6332179930795848 0.035625 0.03373702422145329
0 0.74375 0.6647923875432526 0.03875 0.039792387543252594
0 0.5965625 0.6513840830449827 0.035625 0.03546712802768166
0 0.78 0.6691176470588235 0.038125 0.03460207612456748
0 0.32875 0.6258650519031141 0.03625 0.04065743944636678
0 0.8171875 0.6738754325259516 0.036875 0.03373702422145329
0 0.6334375 0.6596020761245674 0.03875 0.0328719723183391
0 0.5478125 0.671280276816609 0.03625 0.039792387543252594
0 0.2253125 0.6405709342560554 0.080625 0.04238754325259515
0 0.6675 0.6833910034602076 0.040625 0.037197231833910036
0 0.36 0.6548442906574394 0.035625 0.03806228373702422
0 0.70625 0.6890138408304498 0.03625 0.039792387543252594
0 0.43875 0.6643598615916955 0.039375 0.03460207612456748
0 0.47875 0.6686851211072664 0.035 0.03460207612456748
0 0.5121875 0.6725778546712803 0.034375 0.037197231833910036
0 0.3940625 0.66219723183391 0.039375 0.037197231833910036
0 0.1634375 0.6405709342560554 0.035625 0.037197231833910036
0 0.5984375 0.6838235294117647 0.073125 0.04238754325259515
0 0.814375 0.7063148788927336 0.035625 0.03460207612456748
0 0.7421875 0.6993944636678201 0.0375 0.03633217993079585
0 0.7771875 0.7028546712802768 0.03625 0.03460207612456748
0 0.8503125 0.7097750865051903 0.035625 0.03460207612456748
0 0.324375 0.6613321799307958 0.035625 0.03806228373702422
0 0.67625 0.7158304498269896 0.078125 0.04325259515570934
0 0.23625 0.6738754325259516 0.0375 0.03200692041522491
0 0.445 0.6955017301038062 0.075 0.037197231833910036
0 0.9009375 0.7400519031141869 0.071875 0.04152249134948097
0 0.523125 0.703719723183391 0.075 0.04238754325259515
0 0.1775 0.6734429065743944 0.0775 0.04325259515570934
0 0.3903125 0.6942041522491349 0.0375 0.03460207612456748
0 0.3415625 0.6898788927335641 0.055625 0.04411764705882353
0 0.825625 0.7387543252595156 0.070625 0.03633217993079585
0 0.7521875 0.7318339100346021 0.07625 0.04065743944636678
0 0.59875 0.7179930795847751 0.075625 0.04152249134948097
0 0.6740625 0.7478373702422145 0.078125 0.045847750865051905
0 0.215 0.7041522491349481 0.075625 0.04411764705882353
0 0.524375 0.736159169550173 0.0775 0.04152249134948097
0 0.4475 0.7309688581314879 0.075625 0.039792387543252594
0 0.3903125 0.7270761245674741 0.03875 0.03633217993079585
0 0.1559375 0.7045847750865052 0.03625 0.03027681660899654
0 0.9203125 0.7785467128027682 0.036875 0.03633217993079585
0 0.3521875 0.7236159169550173 0.036875 0.04325259515570934
0 0.8821875 0.7759515570934256 0.039375 0.03546712802768166
0 0.82375 0.7703287197231834 0.074375 0.03806228373702422
0 0.749375 0.7651384083044983 0.075 0.03633217993079585
0 0.3215625 0.7253460207612457 0.02375 0.03546712802768166
0 0.5984375 0.7521626297577855 0.07375 0.04065743944636678
0 0.96125 0.8079584775086506 0.05 0.03806228373702422
0 0.67 0.7798442906574394 0.07875 0.04411764705882353
0 0.523125 0.7677335640138409 0.0775 0.03892733564013841
0 0.4471875 0.7621107266435986 0.074375 0.039792387543252594
0 0.8990625 0.8079584775086506 0.0725 0.039792387543252594
0 0.8209375 0.8023356401384083 0.0725 0.037197231833910036
0 0.7465625 0.7958477508650519 0.07625 0.039792387543252594
0 0.3925 0.7616782006920415 0.03625 0.03546712802768166
0 0.5890625 0.7811418685121108 0.039375 0.03892733564013841
0 0.66 0.8127162629757786 0.036875 0.03200692041522491
0 0.8425 0.8313148788927336 0.036875 0.025951557093425604
0 0.6959375 0.8179065743944637 0.03625 0.03373702422145329
0 0.6246875 0.8118512110726643 0.035 0.02162629757785467
0 0.8059375 0.8308823529411765 0.036875 0.03200692041522491
0 0.7325 0.8252595155709342 0.038125 0.031141868512110725
0 0.7696875 0.8291522491349481 0.03625 0.031141868512110725