0 0.5573076923076923 0.43475991649269313 0.05 0.04279749478079332
0 0.5123076923076924 0.4410229645093946 0.054615384615384614 0.03966597077244259
0 0.6157692307692307 0.45563674321503134 0.06769230769230769 0.04697286012526096
0 0.33653846153846156 0.4639874739039666 0.04923076923076923 0.03549060542797495
0 0.41192307692307695 0.4733820459290188 0.04846153846153846 0.03966597077244259
0 0.5688461538461539 0.471294363256785 0.04846153846153846 0.0407098121085595
0 0.6746153846153846 0.4697286012526096 0.05 0.04384133611691023
0 0.4653846153846154 0.4754697286012526 0.05615384615384615 0.049060542797494784
0 0.5192307692307693 0.47964509394572025 0.052307692307692305 0.04488517745302714
0 0.34076923076923077 0.5 0.10153846153846154 0.04384133611691023
0 0.6188461538461538 0.49739039665970775 0.04923076923076923 0.04384133611691023
0 0.41846153846153844 0.5109603340292276 0.05153846153846154 0.04384133611691023
0 0.5688461538461539 0.511482254697286 0.047692307692307694 0.0407098121085595
0 0.666923076923077 0.5093945720250522 0.04846153846153846 0.04279749478079332
0 0.46923076923076923 0.5167014613778705 0.05076923076923077 0.04384133611691023
0 0.5207692307692308 0.517223382045929 0.04846153846153846 0.03653444676409186
0 0.3173076923076923 0.5391440501043842 0.04846153846153846 0.0407098121085595
0 0.36923076923076925 0.5381002087682673 0.04923076923076923 0.04175365344467641
0 0.615 0.5386221294363257 0.047692307692307694 0.04384133611691023
0 0.4203846153846154 0.5480167014613778 0.052307692307692305 0.037578288100208766
0 0.6623076923076923 0.5443632567849687 0.05076923076923077 0.04175365344467641
0 0.4676923076923077 0.5521920668058455 0.047692307692307694 0.038622129436325675
0 0.568076923076923 0.5501043841336117 0.04846153846153846 0.03966597077244259
0 0.5173076923076924 0.5558455114822547 0.047692307692307694 0.03966597077244259
0 0.3392307692307692 0.5772442588726514 0.09923076923076923 0.03966597077244259
0 0.6392307692307693 0.5788100208768268 0.09615384615384616 0.04488517745302714
0 0.44076923076923075 0.5866388308977035 0.09923076923076923 0.05323590814196242
0 0.5396153846153846 0.5934237995824635 0.09615384615384616 0.04384133611691023
0 0.3619230769230769 0.6174321503131524 0.04923076923076923 0.03653444676409186
0 0.3119230769230769 0.6184759916492694 0.04692307692307692 0.037578288100208766
0 0.7196153846153847 0.6127348643006263 0.052307692307692305 0.038622129436325675
0 0.6142307692307692 0.6163883089770354 0.052307692307692305 0.03966597077244259
0 0.6646153846153846 0.6179540709812108 0.04692307692307692 0.0407098121085595
0 0.4126923076923077 0.6257828810020877 0.047692307692307694 0.04697286012526096
0 0.46384615384615385 0.6310020876826722 0.04846153846153846 0.0407098121085595
0 0.5611538461538461 0.6294363256784968 0.04846153846153846 0.03653444676409186
0 0.5134615384615384 0.6325678496868476 0.04923076923076923 0.033402922755741124
0 0.315 0.656054279749478 0.05153846153846154 0.03966597077244259
0 0.36538461538461536 0.656054279749478 0.05076923076923077 0.0407098121085595
0 0.7134615384615385 0.6534446764091858 0.04846153846153846 0.0407098121085595
0 0.6111538461538462 0.6565762004175365 0.04692307692307692 0.0407098121085595
0 0.41615384615384615 0.6638830897703549 0.04923076923076923 0.04279749478079332
0 0.6603846153846153 0.6586638830897703 0.05 0.03653444676409186
0 0.5638461538461539 0.6675365344467641 0.046153846153846156 0.037578288100208766
0 0.46576923076923077 0.6706680584551148 0.04846153846153846 0.038622129436325675
0 0.5157692307692308 0.6701461377870563 0.047692307692307694 0.037578288100208766
0 0.36423076923076925 0.6946764091858038 0.052307692307692305 0.04175365344467641
0 0.315 0.697286012526096 0.04923076923076923 0.037578288100208766
0 0.7157692307692308 0.6931106471816284 0.04692307692307692 0.03966597077244259
0 0.6680769230769231 0.6946764091858038 0.05 0.04384133611691023
0 0.6169230769230769 0.6967640918580376 0.05153846153846154 0.04697286012526096
0 0.42 0.7035490605427975 0.04923076923076923 0.04801670146137787
0 0.47115384615384615 0.7072025052192067 0.047692307692307694 0.0407098121085595
0 0.5661538461538461 0.7066805845511482 0.04846153846153846 0.04175365344467641
0 0.5176923076923077 0.708768267223382 0.046153846153846156 0.037578288100208766
0 0.3669230769230769 0.7338204592901879 0.04923076923076923 0.038622129436325675
0 0.30923076923076925 0.7353862212943633 0.04846153846153846 0.04384133611691023
0 0.7126923076923077 0.7280793319415448 0.04846153846153846 0.03966597077244259
0 0.4157692307692308 0.7400835073068893 0.04846153846153846 0.04279749478079332
0 0.6642307692307692 0.7343423799582464 0.04923076923076923 0.03444676409185804
0 0.6146153846153846 0.7359081419624217 0.047692307692307694 0.03653444676409186
0 0.46923076923076923 0.7416492693110647 0.04384615384615385 0.037578288100208766
0 0.5157692307692308 0.7453027139874739 0.04846153846153846 0.037578288100208766
0 0.5661538461538461 0.7447807933194155 0.04923076923076923 0.03653444676409186
0 0.30038461538461536 0.7713987473903967 0.045384615384615384 0.04488517745302714
0 0.35923076923076924 0.7724425887265136 0.05384615384615385 0.0407098121085595
0 0.6615384615384615 0.7687891440501043 0.04692307692307692 0.03549060542797495
0 0.7096153846153846 0.7682672233820459 0.04923076923076923 0.04175365344467641
0 0.46307692307692305 0.7771398747390397 0.045384615384615384 0.03549060542797495
0 0.415 0.778705636743215 0.047692307692307694 0.03966597077244259
0 0.6123076923076923 0.7745302713987474 0.04846153846153846 0.033402922755741124
0 0.5634615384615385 0.7771398747390397 0.047692307692307694 0.031315240083507306
0 0.7515384615384615 0.774008350730689 0.03461538461538462 0.038622129436325675
0 0.5123076923076924 0.7802713987473904 0.05076923076923077 0.032359081419624215