0 0.615 0.18835257082896117 0.04384615384615385 0.16054564533053514
0 0.6996153846153846 0.1930745015739769 0.043076923076923075 0.16054564533053514
0 0.5726923076923077 0.18992654774396642 0.043076923076923075 0.15949632738719832
0 0.48653846153846153 0.1888772298006296 0.043076923076923075 0.15739769150052466
0 0.6573076923076923 0.1930745015739769 0.043076923076923075 0.1626442812172088
0 0.8257692307692308 0.19727177334732424 0.04461538461538461 0.15949632738719832
0 0.91 0.1993704092339979 0.043076923076923075 0.15949632738719832
0 0.8673076923076923 0.19884575026232948 0.04384615384615385 0.16054564533053514
0 0.7423076923076923 0.19622245540398742 0.043076923076923075 0.1584470094438615
0 0.3173076923076923 0.1862539349422875 0.04384615384615385 0.1584470094438615
0 0.3596153846153846 0.18730325288562436 0.04692307692307692 0.161594963273872
0 0.5296153846153846 0.19150052465897166 0.04461538461538461 0.16369359916054566
0 0.40076923076923077 0.1888772298006296 0.04230769230769231 0.161594963273872
0 0.4442307692307692 0.19045120671563484 0.04461538461538461 0.1584470094438615
0 0.7834615384615384 0.19832109129066108 0.04461538461538461 0.15949632738719832
0 0.2753846153846154 0.18677859391395593 0.04230769230769231 0.161594963273872
0 0.022307692307692306 0.18100734522560336 0.03923076923076923 0.16054564533053514
0 0.9515384615384616 0.2030430220356768 0.04692307692307692 0.15739769150052466
0 0.9873076923076923 0.20356768100734524 0.025384615384615384 0.15739769150052466
0 0.06192307692307692 0.1825813221406086 0.04461538461538461 0.1626442812172088
0 0.23423076923076924 0.18835257082896117 0.043076923076923075 0.1584470094438615
0 0.19230769230769232 0.18730325288562436 0.04230769230769231 0.15739769150052466
0 0.14961538461538462 0.18677859391395593 0.046153846153846156 0.16054564533053514
0 0.105 0.18677859391395593 0.045384615384615384 0.1626442812172088
0 0.6007692307692307 0.34889821615949634 0.04461538461538461 0.1626442812172088
0 0.7288461538461538 0.35362014690451204 0.04384615384615385 0.161594963273872
0 0.5584615384615385 0.34942287513116477 0.043076923076923075 0.1584470094438615
0 0.4753846153846154 0.3483735571878279 0.04461538461538461 0.16054564533053514
0 0.39 0.34679958027282265 0.04384615384615385 0.161594963273872
0 0.6453846153846153 0.3530954879328437 0.04384615384615385 0.161594963273872
0 0.8142307692307692 0.35729275970619095 0.04461538461538461 0.1584470094438615
0 0.9007692307692308 0.35991605456453307 0.043076923076923075 0.161594963273872
0 0.8588461538461538 0.35939139559286465 0.045384615384615384 0.1626442812172088
0 0.7719230769230769 0.35729275970619095 0.04461538461538461 0.16054564533053514
0 0.43153846153846154 0.34942287513116477 0.04461538461538461 0.15949632738719832
0 0.686923076923077 0.35624344176285416 0.04230769230769231 0.15949632738719832
0 0.686923076923077 0.35624344176285416 0.043076923076923075 0.1584470094438615
0 0.9411538461538461 0.36253934942287513 0.04230769230769231 0.15739769150052466
0 0.34615384615384615 0.3483735571878279 0.04692307692307692 0.15949632738719832
0 0.98 0.363588667366212 0.04 0.1584470094438615
0 0.5173076923076924 0.35362014690451204 0.04461538461538461 0.161594963273872
0 0.30346153846153845 0.34889821615949634 0.047692307692307694 0.15634837355718784
0 0.25961538461538464 0.3478488982161595 0.05 0.1584470094438615
0 0.046153846153846156 0.34365162644281216 0.04461538461538461 0.15424973767051417
0 0.1723076923076923 0.3478488982161595 0.04846153846153846 0.15949632738719832
0 0.21653846153846154 0.34942287513116477 0.04846153846153846 0.161594963273872
0 0.08923076923076922 0.3473242392444911 0.047692307692307694 0.1584470094438615
0 0.13038461538461538 0.34942287513116477 0.047692307692307694 0.15949632738719832
0 0.5911538461538461 0.5104931794333684 0.04461538461538461 0.1626442812172088
0 0.7188461538461538 0.5152151101783841 0.04461538461538461 0.15739769150052466
0 0.8453846153846154 0.5183630640083945 0.04230769230769231 0.1584470094438615
0 0.8880769230769231 0.521511017838405 0.045384615384615384 0.1584470094438615
0 0.8038461538461539 0.5199370409233998 0.04384615384615385 0.161594963273872
0 0.7603846153846154 0.5188877229800629 0.04230769230769231 0.15949632738719832
0 0.335 0.5083945435466947 0.043076923076923075 0.15739769150052466
0 0.3773076923076923 0.5099685204616999 0.045384615384615384 0.1584470094438615
0 0.5046153846153846 0.5131164742917104 0.045384615384615384 0.15949632738719832
0 0.9273076923076923 0.5230849947534103 0.04384615384615385 0.15739769150052466
0 0.9680769230769231 0.5241343126967472 0.040769230769230766 0.15110178384050368
0 0.546923076923077 0.5141657922350472 0.047692307692307694 0.161594963273872
0 0.46192307692307694 0.5125918153200419 0.04384615384615385 0.1626442812172088
0 0.4207692307692308 0.5115424973767051 0.04230769230769231 0.15739769150052466
0 0.2926923076923077 0.5094438614900315 0.047692307692307694 0.15739769150052466
0 0.6757692307692308 0.5188877229800629 0.043076923076923075 0.1584470094438615
0 0.04 0.5036726128016789 0.043076923076923075 0.1584470094438615
0 0.20923076923076922 0.5083945435466947 0.04230769230769231 0.15739769150052466
0 0.6330769230769231 0.5188877229800629 0.04461538461538461 0.16054564533053514
0 0.25038461538461537 0.5099685204616999 0.04692307692307692 0.15634837355718784
0 0.12576923076923077 0.5078698845750262 0.04384615384615385 0.15634837355718784
0 0.1673076923076923 0.5099685204616999 0.045384615384615384 0.1584470094438615
0 0.08153846153846153 0.5089192025183631 0.04692307692307692 0.16054564533053514
0 0.6853846153846154 0.057187827911857295 0.04153846153846154 0.10598111227701994
0 0.6019230769230769 0.055613850996852045 0.043076923076923075 0.10703043022035677
0 0.7269230769230769 0.05876180482686254 0.045384615384615384 0.1080797481636936
0 0.5173076923076924 0.0540398740818468 0.04230769230769231 0.1080797481636936
0 0.6442307692307693 0.057187827911857295 0.043076923076923075 0.1080797481636936
0 0.8546153846153847 0.06243441762854145 0.04230769230769231 0.1080797481636936
0 0.8134615384615385 0.061385099685204614 0.04461538461538461 0.10912906610703044
0 0.5607692307692308 0.055613850996852045 0.043076923076923075 0.1080797481636936
0 0.34884615384615386 0.05299055613850997 0.04230769230769231 0.10598111227701994
0 0.8953846153846153 0.06400839454354669 0.04153846153846154 0.11017838405036726
0 0.3923076923076923 0.05299055613850997 0.04 0.10598111227701994
0 0.045384615384615384 0.04931794333683106 0.04461538461538461 0.09863588667366212
0 0.4338461538461538 0.0540398740818468 0.043076923076923075 0.1080797481636936
0 0.305 0.05246589716684155 0.045384615384615384 0.1049317943336831
0 0.47615384615384615 0.05508919202518363 0.043076923076923075 0.11017838405036726
0 0.7696153846153846 0.061385099685204614 0.04461538461538461 0.11122770199370409
0 0.08807692307692308 0.05089192025183631 0.04384615384615385 0.10178384050367262
0 0.9376923076923077 0.06663168940188877 0.04461538461538461 0.11332633788037776
0 0.13423076923076924 0.05246589716684155 0.04384615384615385 0.1049317943336831
0 0.2611538461538462 0.0540398740818468 0.045384615384615384 0.1080797481636936
0 0.9780769230769231 0.06820566631689402 0.04384615384615385 0.11542497376705142
0 0.21884615384615386 0.0540398740818468 0.04692307692307692 0.1080797481636936
0 0.17576923076923076 0.0540398740818468 0.04384615384615385 0.1080797481636936
0 0.595 0.6747114375655824 0.045384615384615384 0.155299055613851
0 0.8892307692307693 0.6825813221406086 0.04384615384615385 0.15739769150052466
0 0.38653846153846155 0.6720881427072403 0.046153846153846156 0.15005246589716684
0 0.8473076923076923 0.683105981112277 0.04384615384615385 0.15949632738719832
0 0.9338461538461539 0.6857292759706191 0.04692307692307692 0.15320041972717732
0 0.551923076923077 0.6773347324239245 0.046153846153846156 0.15739769150052466
0 0.42730769230769233 0.6752360965372508 0.04692307692307692 0.15424973767051417
0 0.34384615384615386 0.6736621196222455 0.04384615384615385 0.15320041972717732
0 0.7211538461538461 0.6825813221406086 0.04153846153846154 0.155299055613851
0 0.2611538461538462 0.6720881427072403 0.04384615384615385 0.1521511017838405
0 0.51 0.6778593913955928 0.043076923076923075 0.1521511017838405
0 0.014615384615384615 0.6663168940188877 0.02923076923076923 0.15949632738719832
0 0.7634615384615384 0.6846799580272823 0.04461538461538461 0.15110178384050368
0 0.9738461538461538 0.689401888772298 0.045384615384615384 0.15320041972717732
0 0.46923076923076923 0.6778593913955928 0.04384615384615385 0.15110178384050368
0 0.6380769230769231 0.6820566631689402 0.04461538461538461 0.15110178384050368
0 0.17615384615384616 0.6715634837355718 0.043076923076923075 0.1626442812172088
0 0.21923076923076923 0.6726128016789087 0.04461538461538461 0.15424973767051417
0 0.68 0.6841552990556139 0.04230769230769231 0.15320041972717732
0 0.8061538461538461 0.6873032528856243 0.04384615384615385 0.15424973767051417
0 0.30230769230769233 0.6757607555089192 0.04230769230769231 0.1521511017838405
0 0.05346153846153846 0.6699895068205667 0.04230769230769231 0.15320041972717732
0 0.09384615384615384 0.6715634837355718 0.04153846153846154 0.15320041972717732
0 0.135 0.6726128016789087 0.04230769230769231 0.15424973767051417
0 0.9223076923076923 0.8394543546694648 0.04923076923076923 0.1521511017838405
0 0.8796153846153846 0.8394543546694648 0.043076923076923075 0.1521511017838405
0 0.7511538461538462 0.8368310598111228 0.04230769230769231 0.15005246589716684
0 0.5834615384615385 0.8331584470094439 0.04846153846153846 0.15005246589716684
0 0.7103846153846154 0.8363064008394544 0.04230769230769231 0.14900314795383002
0 0.9623076923076923 0.8431269674711438 0.045384615384615384 0.14690451206715635
0 0.7942307692307692 0.8389296956977964 0.043076923076923075 0.14690451206715635
0 0.2453846153846154 0.825813221406086 0.04153846153846154 0.14690451206715635
0 0.5388461538461539 0.8331584470094439 0.04461538461538461 0.14690451206715635
0 0.8361538461538461 0.8405036726128017 0.043076923076923075 0.14795383001049317
0 0.6692307692307692 0.8363064008394544 0.04230769230769231 0.14795383001049317
0 0.45692307692307693 0.8310598111227702 0.04461538461538461 0.14690451206715635
0 0.41346153846153844 0.8305351521511017 0.04230769230769231 0.1458551941238195
0 0.4976923076923077 0.8331584470094439 0.045384615384615384 0.14480587618048268
0 0.20346153846153847 0.8263378803777545 0.046153846153846156 0.14480587618048268
0 0.07615384615384616 0.8231899265477439 0.043076923076923075 0.1458551941238195
0 0.28692307692307695 0.8284365162644282 0.04384615384615385 0.14480587618048268
0 0.37115384615384617 0.8305351521511017 0.04230769230769231 0.14480587618048268
0 0.3303846153846154 0.8300104931794333 0.04153846153846154 0.14480587618048268
0 0.16038461538461538 0.8263378803777545 0.045384615384615384 0.14375655823714587
0 0.6261538461538462 0.8378803777544596 0.043076923076923075 0.1416579223504722
0 0.012307692307692308 0.8226652675760755 0.024615384615384615 0.14270724029380902
0 0.040769230769230766 0.8247639034627492 0.02846153846153846 0.14060860440713535
0 0.11807692307692308 0.8284365162644282 0.046153846153846156 0.13746065057712487