0 0.012692307692307692 0.14106583072100312 0.025384615384615384 0.09822361546499478
0 0.04269230769230769 0.14158829676071055 0.04384615384615385 0.09926854754440961
0 0.21076923076923076 0.14054336468129572 0.047692307692307694 0.08568443051201671
0 0.9423076923076923 0.1238244514106583 0.045384615384615384 0.07732497387669801
0 0.8965384615384615 0.12539184952978055 0.04 0.08045977011494253
0 0.4230769230769231 0.13688610240334378 0.04230769230769231 0.08150470219435736
0 0.4626923076923077 0.13584117032392895 0.03923076923076923 0.07001044932079414
0 0.6811538461538461 0.13061650992685475 0.04230769230769231 0.08463949843260188
0 0.8546153846153847 0.12695924764890282 0.047692307692307694 0.09508881922675026
0 0.1676923076923077 0.14315569487983282 0.04461538461538461 0.09195402298850575
0 0.08538461538461538 0.1452455590386625 0.04461538461538461 0.08881922675026123
0 0.6373076923076924 0.13218390804597702 0.04384615384615385 0.08254963427377221
0 0.98 0.12486938349007315 0.031538461538461536 0.07314524555903866
0 0.7234615384615385 0.13270637408568442 0.04461538461538461 0.10031347962382445
0 0.7657692307692308 0.13218390804597702 0.04384615384615385 0.10344827586206896
0 0.81 0.13166144200626959 0.043076923076923075 0.09822361546499478
0 0.3819230769230769 0.14211076280041798 0.04230769230769231 0.08254963427377221
0 0.5046153846153846 0.14054336468129572 0.040769230769230766 0.08359456635318704
0 0.1276923076923077 0.14994775339602925 0.046153846153846156 0.09299895506792058
0 0.546923076923077 0.14106583072100312 0.04230769230769231 0.08150470219435736
0 0.3376923076923077 0.14681295715778475 0.046153846153846156 0.0877742946708464
0 0.25769230769230766 0.14994775339602925 0.04692307692307692 0.08881922675026123
0 0.2946153846153846 0.1509926854754441 0.043076923076923075 0.06896551724137931
0 0.9788461538461538 0.23249738766980146 0.036923076923076927 0.14106583072100312
0 0.6369230769230769 0.24085684430512017 0.06 0.14942528735632185
0 0.9376923076923077 0.23406478578892373 0.05692307692307692 0.15047021943573669
0 0.4430769230769231 0.24555903866248693 0.06461538461538462 0.15256008359456635
0 0.05346153846153846 0.2549634273772205 0.05384615384615385 0.14106583072100312
0 0.5869230769230769 0.24242424242424243 0.05923076923076923 0.14733542319749215
0 0.49346153846153845 0.24608150470219436 0.05923076923076923 0.14942528735632185
0 0.19846153846153847 0.25444096133751304 0.06153846153846154 0.1452455590386625
0 0.013846153846153847 0.25862068965517243 0.027692307692307693 0.14315569487983282
0 0.686923076923077 0.24294670846394983 0.052307692307692305 0.14420062695924765
0 0.8842307692307693 0.2387669801462905 0.05153846153846154 0.1452455590386625
0 0.10307692307692308 0.25757575757575757 0.05846153846153846 0.14106583072100312
0 0.5407692307692308 0.24817136886102403 0.05692307692307692 0.14315569487983282
0 0.39576923076923076 0.25235109717868337 0.06076923076923077 0.14420062695924765
0 0.7830769230769231 0.2445141065830721 0.05384615384615385 0.1452455590386625
0 0.1476923076923077 0.2607105538140021 0.054615384615384614 0.14315569487983282
0 0.2953846153846154 0.25862068965517243 0.06307692307692307 0.15047021943573669
0 0.7361538461538462 0.24921630094043887 0.057692307692307696 0.14420062695924765
0 0.2473076923076923 0.26436781609195403 0.06153846153846154 0.148380355276907
0 0.34692307692307695 0.26227795193312436 0.06538461538461539 0.15256008359456635
0 0.8315384615384616 0.25391849529780564 0.05615384615384615 0.148380355276907
0 0.9784615384615385 0.37513061650992685 0.04153846153846154 0.14211076280041798
0 0.48115384615384615 0.3876698014629049 0.06153846153846154 0.1536050156739812
0 0.041923076923076924 0.3986415882967607 0.04923076923076923 0.14420062695924765
0 0.08615384615384615 0.3991640543364681 0.05153846153846154 0.148380355276907
0 0.5819230769230769 0.3876698014629049 0.055384615384615386 0.15047021943573669
0 0.4338461538461538 0.39132706374085685 0.06 0.15151515151515152
0 0.6307692307692307 0.3876698014629049 0.054615384615384614 0.148380355276907
0 0.935 0.3819226750261233 0.054615384615384614 0.14211076280041798
0 0.5346153846153846 0.39184952978056425 0.054615384615384614 0.14420062695924765
0 0.6803846153846154 0.3881922675026123 0.05307692307692308 0.14420062695924765
0 0.135 0.40177638453500525 0.05615384615384615 0.14315569487983282
0 0.18923076923076923 0.4007314524555904 0.06230769230769231 0.1536050156739812
0 0.39076923076923076 0.3981191222570533 0.057692307692307696 0.14420062695924765
0 0.011923076923076923 0.05067920585161965 0.023846153846153847 0.08045977011494253
0 0.04230769230769231 0.05067920585161965 0.043076923076923075 0.08045977011494253
0 0.7761538461538462 0.39080459770114945 0.05692307692307692 0.14733542319749215
0 0.8853846153846154 0.3881922675026123 0.06307692307692307 0.14629049111807732
0 0.7280769230769231 0.3934169278996865 0.04846153846153846 0.14420062695924765
0 0.2857692307692308 0.4043887147335423 0.06230769230769231 0.148380355276907
0 0.23692307692307693 0.40752351097178685 0.06461538461538462 0.15256008359456635
0 0.8246153846153846 0.3986415882967607 0.057692307692307696 0.14733542319749215
0 0.3373076923076923 0.4111807732497388 0.06692307692307692 0.15151515151515152
0 0.77 0.03970741901776385 0.043076923076923075 0.0794148380355277
0 0.17076923076923076 0.05067920585161965 0.040769230769230766 0.08672936259143156
0 0.8553846153846154 0.03918495297805643 0.043076923076923075 0.07836990595611286
0 0.813076923076923 0.040229885057471264 0.046153846153846156 0.08045977011494253
0 0.725 0.04179728317659352 0.04384615384615385 0.08359456635318704
0 0.08576923076923076 0.054858934169279 0.045384615384615384 0.09090909090909091
0 0.12884615384615383 0.05381400208986416 0.04 0.08986415882967608
0 0.9388461538461539 0.03970741901776385 0.04230769230769231 0.0794148380355277
0 0.2123076923076923 0.0522466039707419 0.04230769230769231 0.09195402298850575
0 0.683076923076923 0.04336468129571578 0.043076923076923075 0.08672936259143156
0 0.8961538461538462 0.04179728317659352 0.04153846153846154 0.08359456635318704
0 0.42423076923076924 0.048589341692789965 0.04384615384615385 0.09508881922675026
0 0.6403846153846153 0.04649947753396029 0.045384615384615384 0.09299895506792058
0 0.5953846153846154 0.04754440961337513 0.04461538461538461 0.09508881922675026
0 0.38076923076923075 0.051201671891327065 0.046153846153846156 0.09822361546499478
0 0.5096153846153846 0.048589341692789965 0.04153846153846154 0.09717868338557993
0 0.9753846153846154 0.04336468129571578 0.038461538461538464 0.08672936259143156
0 0.255 0.055381400208986416 0.046153846153846156 0.10031347962382445
0 0.4673076923076923 0.051201671891327065 0.04461538461538461 0.10031347962382445
0 0.5507692307692308 0.04963427377220481 0.043076923076923075 0.09926854754440961
0 0.3376923076923077 0.054336468129571575 0.04384615384615385 0.10240334378265413
0 0.295 0.05642633228840126 0.04461538461538461 0.1044932079414838
0 0.17423076923076924 0.5402298850574713 0.06384615384615384 0.14733542319749215
0 0.573076923076923 0.5339602925809822 0.04692307692307692 0.1452455590386625
0 0.1226923076923077 0.5454545454545454 0.06153846153846154 0.1452455590386625
0 0.42730769230769233 0.5386624869383491 0.06 0.15256008359456635
0 0.47884615384615387 0.5381400208986415 0.054615384615384614 0.1452455590386625
0 0.6215384615384615 0.5350052246603971 0.05307692307692308 0.14733542319749215
0 0.97 0.5266457680250783 0.05 0.14733542319749215
0 0.5280769230769231 0.5376175548589341 0.04692307692307692 0.1452455590386625
0 0.07038461538461538 0.5491118077324973 0.05076923076923077 0.1452455590386625
0 0.92 0.5292580982236155 0.055384615384615386 0.15151515151515152
0 0.025 0.5506792058516197 0.05 0.14420062695924765
0 0.37653846153846154 0.542319749216301 0.06 0.15047021943573669
0 0.6673076923076923 0.5360501567398119 0.052307692307692305 0.15047021943573669
0 0.7138461538461538 0.5386624869383491 0.054615384615384614 0.14733542319749215
0 0.7626923076923077 0.5376175548589341 0.055384615384615386 0.15047021943573669
0 0.2230769230769231 0.5506792058516197 0.06384615384615384 0.14629049111807732
0 0.2742307692307692 0.5517241379310345 0.06076923076923077 0.15256008359456635
0 0.8653846153846154 0.5391849529780565 0.06307692307692307 0.15047021943573669
0 0.3211538461538462 0.5553814002089864 0.06230769230769231 0.15256008359456635
0 0.8115384615384615 0.5454545454545454 0.05307692307692308 0.1452455590386625
0 0.16076923076923078 0.6891327063740856 0.05615384615384615 0.1536050156739812
0 0.9088461538461539 0.6718913270637409 0.06307692307692307 0.14733542319749215
0 0.35307692307692307 0.6849529780564263 0.05615384615384615 0.14942528735632185
0 0.06076923076923077 0.6922675026123302 0.04846153846153846 0.14315569487983282
0 0.45 0.6844305120167189 0.047692307692307694 0.1452455590386625
0 0.5976923076923077 0.6818181818181818 0.04923076923076923 0.15151515151515152
0 0.6484615384615384 0.6812957157784744 0.05615384615384615 0.14733542319749215
0 0.9584615384615385 0.6750261233019854 0.05923076923076923 0.14420062695924765
0 0.5011538461538462 0.6854754440961337 0.05615384615384615 0.15256008359456635
0 0.5503846153846154 0.6849529780564263 0.047692307692307694 0.15151515151515152
0 0.10884615384615384 0.6954022988505747 0.05153846153846154 0.14211076280041798
0 0.019615384615384614 0.6974921630094044 0.036153846153846154 0.14315569487983282
0 0.20961538461538462 0.6943573667711599 0.054615384615384614 0.15047021943573669
0 0.7488461538461538 0.6833855799373041 0.04923076923076923 0.148380355276907
0 0.4015384615384615 0.6927899686520376 0.05384615384615385 0.148380355276907
0 0.2573076923076923 0.6974921630094044 0.05692307692307692 0.14733542319749215
0 0.7003846153846154 0.687042842215256 0.05692307692307692 0.14629049111807732
0 0.8511538461538461 0.6865203761755486 0.05692307692307692 0.14942528735632185
0 0.3046153846153846 0.699582027168234 0.05692307692307692 0.1452455590386625
0 0.8 0.6891327063740856 0.06230769230769231 0.14629049111807732
0 0.9826923076923076 0.8155694879832811 0.03461538461538462 0.1536050156739812
0 0.022307692307692306 0.8401253918495298 0.03769230769230769 0.13688610240334378
0 0.8957692307692308 0.8202716823406478 0.06307692307692307 0.15256008359456635
0 0.06192307692307692 0.8406478578892372 0.05384615384615385 0.15256008359456635
0 0.945 0.8207941483803552 0.06230769230769231 0.15047021943573669
0 0.16115384615384615 0.8390804597701149 0.05923076923076923 0.14942528735632185
0 0.355 0.8349007314524556 0.052307692307692305 0.15047021943573669
0 0.4511538461538461 0.832810867293626 0.05307692307692308 0.14942528735632185
0 0.11346153846153846 0.841692789968652 0.05307692307692308 0.14733542319749215
0 0.5992307692307692 0.8301985370950888 0.052307692307692305 0.14942528735632185
0 0.21346153846153845 0.8396029258098223 0.05076923076923077 0.14315569487983282
0 0.6473076923076924 0.8296760710553814 0.057692307692307696 0.14629049111807732
0 0.5030769230769231 0.8343782654127482 0.06 0.14420062695924765
0 0.698076923076923 0.8296760710553814 0.04230769230769231 0.13897596656217345
0 0.7446153846153846 0.8286311389759665 0.05307692307692308 0.14420062695924765
0 0.26 0.8406478578892372 0.05 0.14211076280041798
0 0.4026923076923077 0.8380355276907001 0.05307692307692308 0.14211076280041798
0 0.5511538461538461 0.8343782654127482 0.04846153846153846 0.14211076280041798
0 0.3038461538461538 0.8411703239289446 0.055384615384615386 0.14106583072100312
0 0.8438461538461538 0.8307210031347962 0.055384615384615386 0.13584117032392895
0 0.7934615384615384 0.8322884012539185 0.05307692307692308 0.13479623824451412