0 0.5925692307692308 0.10502612330198538 0.117223076923077 0.052403343782654134
0 0.8703153846153847 0.10523510971786833 0.1388692307692309 0.057095088819226765
0 0.7280692307692308 0.10652037617554859 0.14356923076923067 0.057941483803552754
0 0.2960153846153846 0.10779519331243469 0.1275692307692308 0.057941483803552754
0 0.8827 0.15231974921630095 0.152346153846154 0.07114942528735631
0 0.4326076923076923 0.16005224660397072 0.1496076923076923 0.06918495297805641
0 0.2836461538461538 0.1615987460815047 0.14814615384615387 0.06918495297805641
0 0.5820615384615384 0.16169278996865205 0.14638461538461536 0.06859979101358411
0 0.7319923076923077 0.161901776384535 0.14701538461538471 0.06731452455590388
0 0.13560000000000003 0.16366771159874607 0.14395384615384615 0.06505747126436781
0 0.8789384615384614 0.21772204806687567 0.1504615384615384 0.06390804597701145
0 0.43393846153846155 0.22252873563218392 0.1477076923076923 0.06505747126436781
0 0.5839461538461539 0.22305120167189132 0.14513076923076929 0.06433646812957157
0 0.7302615384615386 0.22539184952978056 0.144823076923077 0.06390804597701145
0 0.2851692307692308 0.22614420062695922 0.14434615384615382 0.06298850574712647
0 0.13693076923076922 0.22665621734587252 0.14356923076923075 0.06091954022988507
0 0.8790923076923076 0.27715778474399166 0.149523076923077 0.06519331243469173
0 0.5837846153846153 0.28376175548589344 0.1448153846153846 0.0630616509926855
0 0.43660000000000004 0.2839707419017764 0.14694615384615384 0.0629885057471264
0 0.7305769230769231 0.28525600835945664 0.1448153846153847 0.06689655172413791
0 0.1356 0.28783699059561124 0.14775384615384615 0.06144200626959246
0 0.2846 0.288098223615465 0.14169230769230773 0.05989550679205854
0 0.8773692307692307 0.3404284221525601 0.1498384615384615 0.061358411703239316
0 0.41867692307692306 0.03494252873563218 0.05986923076923076 0.06987460815047022
0 0.5720307692307692 0.34575757575757576 0.14513846153846158 0.06177638453500523
0 0.42177692307692305 0.3459247648902821 0.14846923076923077 0.0629885057471264
0 0.7208538461538463 0.3461859979101359 0.14544615384615386 0.06263322884012533
0 0.1319923076923077 0.34721003134796236 0.15041538461538462 0.06144200626959243
0 0.27643076923076926 0.34875653082549635 0.1299153846153846 0.05731452455590389
0 0.8673307692307692 0.4024242424242424 0.14545384615384627 0.06092998955067915
0 0.11527692307692308 0.4068443051201672 0.1397846153846154 0.05886102403343787
0 0.5627769230769231 0.4068965517241379 0.14420769230769234 0.058798328108672915
0 0.7178769230769231 0.4068965517241379 0.14826923076923076 0.061358411703239316
0 0.2614230769230769 0.40710553814002093 0.1401769230769231 0.05937304075235115
0 0.41 0.40814002089864154 0.14771538461538458 0.06247648902821313
0 0.8681153846153846 0.4650574712643678 0.149523076923077 0.06092998955067927
0 0.2682615384615385 0.4675130616509927 0.13637692307692306 0.06144200626959243
0 0.12192307692307693 0.4677638453500522 0.14548461538461538 0.06091954022988501
0 0.5641923076923078 0.4680355276907001 0.14576923076923076 0.06092998955067927
0 0.716623076923077 0.4693103448275862 0.14826923076923085 0.06177638453500523
0 0.41569999999999996 0.47112852664576804 0.14619999999999997 0.06144200626959243
0 0.8806615384615384 0.052403343782654134 0.13070769230769236 0.0690282131661442
0 0.8781461538461538 0.5236363636363637 0.14576153846153864 0.06476489028213168
0 0.5825384615384614 0.5278996865203761 0.14482307692307692 0.06476489028213162
0 0.29163076923076925 0.5279205851619645 0.13903076923076924 0.06247648902821313
0 0.1397846153846154 0.5286938349007315 0.1462307692307692 0.06195402298850577
0 0.7299538461538462 0.5302403343782653 0.14607692307692316 0.06603970741901775
0 0.43565384615384617 0.5305015673981192 0.1442923076923077 0.06556948798328115
0 0.25964615384615386 0.05346917450365726 0.05671538461538463 0.055809822361546496
0 0.713176923076923 0.05687565308254963 0.13949230769230764 0.06433646812957158
0 0.580823076923077 0.05730407523510972 0.122576923076923 0.06177638453500523
0 0.8781461538461538 0.586478578892372 0.14638461538461553 0.06263322884012545
0 0.14662307692307694 0.5888401253918495 0.14926923076923077 0.0645350052246604
0 0.5897461538461538 0.5892580982236154 0.14482307692307692 0.06731452455590395
0 0.2963846153846154 0.5901358411703239 0.13864615384615386 0.0629885057471264
0 0.44116153846153844 0.5916823406478579 0.1477076923076923 0.06711598746081507
0 0.7359076923076922 0.5933019853709508 0.13666923076923074 0.06263322884012545
0 0.13636153846153845 0.6492476489028214 0.15231538461538457 0.06867293625914318
0 0.8765846153846153 0.6495402298850574 0.14638461538461553 0.06603970741901781
0 0.2884 0.6510553814002089 0.1424538461538461 0.06815047021943577
0 0.5809692307692308 0.6512434691745037 0.14607692307692316 0.06944618599791018
0 0.729323076923077 0.653166144200627 0.14670769230769232 0.07073145245559044
0 0.43317692307692307 0.6546708463949843 0.14466923076923072 0.07021943573667716
0 0.8789384615384614 0.7094043887147335 0.14733076923076938 0.06731452455590395
0 0.28213076923076924 0.7109508881922675 0.13827692307692308 0.06195402298850571
0 0.1316153846153846 0.711974921630094 0.1511846153846154 0.07021943573667716
0 0.5795538461538461 0.714514106583072 0.1445153846153847 0.06561128526645764
0 0.7304230769230768 0.7164367816091954 0.1445076923076924 0.06689655172413791
0 0.42633846153846156 0.7171473354231974 0.14619230769230765 0.07125391849529786
0 0.8783076923076922 0.7690491118077325 0.1517230769230771 0.0724346917450365
0 0.28042307692307694 0.7705747126436783 0.13637692307692306 0.06247648902821313
0 0.1356076923076923 0.7713584117032394 0.14396153846153847 0.06815047021943577
0 0.5707769230769231 0.7731034482758621 0.14513846153846158 0.07200626959247658
0 0.7207 0.7741692789968652 0.1445153846153847 0.07157784743991641
0 0.42063846153846157 0.7811598746081505 0.14619230769230765 0.06711598746081507
0 0.8687461538461537 0.8274294670846395 0.14890000000000012 0.08095088819226753
0 0.27776153846153845 0.8276280041797283 0.14093846153846157 0.07021943573667716
0 0.1278153846153846 0.83098223615465 0.15194615384615387 0.07176593521421114
0 0.574223076923077 0.8353082549634273 0.14451538461538452 0.06944618599791018
0 0.7208615384615383 0.8363740856844305 0.14419999999999994 0.07157784743991641
0 0.42349230769230767 0.8389864158829676 0.1435307692307692 0.06711598746081507
0 0.12591538461538462 0.8800313479623825 0.15574615384615387 0.05008359456635325
0 0.5714 0.8800417972831767 0.15016153846153849 0.04899686520376186
0 0.2758615384615385 0.8802925809822362 0.13789230769230768 0.05266457680250793
0 0.7233692307692309 0.8806792058516196 0.14796153846153848 0.04942528735632179
0 0.8715692307692308 0.8808986415882968 0.14451538461538452 0.04899686520376186
0 0.41836153846153845 0.8836468129571577 0.14619999999999997 0.045945663531870455
0 0.1490923076923077 0.10094043887147335 0.1580076923076923 0.06867293625914314
0 0.44343076923076924 0.10246603970741902 0.14513846153846158 0.07030303030303028