0 0.015 0.13009404388714735 0.02923076923076923 0.09822361546499478
0 0.04730769230769231 0.13061650992685475 0.04230769230769231 0.09822361546499478
0 0.2153846153846154 0.13375130616509928 0.04692307692307692 0.08463949843260188
0 0.9473076923076923 0.13427377220480669 0.04461538461538461 0.07628004179728318
0 0.9011538461538462 0.13479623824451412 0.03923076923076923 0.0794148380355277
0 0.4276923076923077 0.13479623824451412 0.040769230769230766 0.08045977011494253
0 0.4673076923076923 0.13479623824451412 0.038461538461538464 0.06896551724137931
0 0.6857692307692308 0.13479623824451412 0.04153846153846154 0.08463949843260188
0 0.8596153846153847 0.13531870428422152 0.046153846153846156 0.09404388714733543
0 0.1723076923076923 0.13531870428422152 0.043076923076923075 0.09090909090909091
0 0.09 0.13584117032392895 0.04384615384615385 0.0877742946708464
0 0.6423076923076924 0.13584117032392895 0.043076923076923075 0.08150470219435736
0 0.9846153846153847 0.13636363636363635 0.03076923076923077 0.07314524555903866
0 0.7280769230769231 0.13793103448275862 0.043076923076923075 0.09926854754440961
0 0.7703846153846153 0.13845350052246605 0.043076923076923075 0.10240334378265413
0 0.8146153846153846 0.13897596656217345 0.04230769230769231 0.09717868338557993
0 0.38653846153846155 0.13949843260188088 0.040769230769230766 0.08150470219435736
0 0.5092307692307693 0.14054336468129572 0.04 0.08254963427377221
0 0.13230769230769232 0.14106583072100312 0.04461538461538461 0.09195402298850575
0 0.5515384615384615 0.14211076280041798 0.040769230769230766 0.08150470219435736
0 0.3423076923076923 0.14315569487983282 0.045384615384615384 0.08672936259143156
0 0.2619230769230769 0.14420062695924765 0.045384615384615384 0.0877742946708464
0 0.29923076923076924 0.14629049111807732 0.04230769230769231 0.06896551724137931
0 0.9823076923076923 0.24346917450365727 0.03538461538461538 0.14106583072100312
0 0.64 0.24399164054336467 0.05846153846153846 0.14733542319749215
0 0.9407692307692308 0.2445141065830721 0.054615384615384614 0.14942528735632185
0 0.4461538461538462 0.2445141065830721 0.06230769230769231 0.15047021943573669
0 0.05692307692307692 0.2445141065830721 0.052307692307692305 0.1400208986415883
0 0.59 0.2445141065830721 0.05692307692307692 0.14629049111807732
0 0.49653846153846154 0.24608150470219436 0.057692307692307696 0.14733542319749215
0 0.20153846153846153 0.2471264367816092 0.05923076923076923 0.14420062695924765
0 0.015769230769230768 0.2476489028213166 0.03 0.14211076280041798
0 0.69 0.2476489028213166 0.05076923076923077 0.14315569487983282
0 0.8876923076923077 0.24817136886102403 0.05 0.14420062695924765
0 0.10615384615384615 0.24869383490073146 0.05692307692307692 0.1400208986415883
0 0.5442307692307692 0.24921630094043887 0.054615384615384614 0.14211076280041798
0 0.39884615384615385 0.2502612330198537 0.05923076923076923 0.14315569487983282
0 0.7861538461538462 0.25130616509926856 0.05153846153846154 0.14420062695924765
0 0.15076923076923077 0.25235109717868337 0.05307692307692308 0.14211076280041798
0 0.29846153846153844 0.25391849529780564 0.06153846153846154 0.14942528735632185
0 0.7396153846153846 0.2549634273772205 0.05615384615384615 0.14315569487983282
0 0.25038461538461537 0.258098223615465 0.05923076923076923 0.14733542319749215
0 0.35 0.25862068965517243 0.06307692307692307 0.15151515151515152
0 0.8346153846153846 0.2617554858934169 0.05384615384615385 0.14733542319749215
0 0.98 0.38662486938349006 0.04 0.14106583072100312
0 0.4826923076923077 0.3871473354231975 0.05923076923076923 0.15256008359456635
0 0.043076923076923075 0.3876698014629049 0.04692307692307692 0.14315569487983282
0 0.08730769230769231 0.3892371995820272 0.04923076923076923 0.14733542319749215
0 0.583076923076923 0.3892371995820272 0.05384615384615385 0.14942528735632185
0 0.43538461538461537 0.3897596656217346 0.05846153846153846 0.15047021943573669
0 0.6319230769230769 0.39080459770114945 0.05307692307692308 0.14733542319749215
0 0.9361538461538461 0.39237199582027166 0.05307692307692308 0.14106583072100312
0 0.5357692307692308 0.39237199582027166 0.05307692307692308 0.14315569487983282
0 0.681923076923077 0.39237199582027166 0.05153846153846154 0.14315569487983282
0 0.13615384615384615 0.3934169278996865 0.05384615384615385 0.14211076280041798
0 0.19038461538461537 0.3934169278996865 0.06076923076923077 0.15151515151515152
0 0.39192307692307693 0.3955067920585162 0.05615384615384615 0.14211076280041798
0 0.014615384615384615 0.03970741901776385 0.02923076923076923 0.0794148380355277
0 0.04807692307692308 0.03970741901776385 0.04230769230769231 0.0794148380355277
0 0.7773076923076923 0.39707419017763845 0.055384615384615386 0.14629049111807732
0 0.8869230769230769 0.39707419017763845 0.06153846153846154 0.1452455590386625
0 0.7292307692307692 0.3986415882967607 0.04692307692307692 0.14315569487983282
0 0.28692307692307695 0.3996865203761755 0.06076923076923077 0.14733542319749215
0 0.23846153846153847 0.4012539184952978 0.06307692307692307 0.15151515151515152
0 0.8257692307692308 0.4059561128526646 0.05615384615384615 0.14629049111807732
0 0.3384615384615385 0.40752351097178685 0.06538461538461539 0.15047021943573669
0 0.7761538461538462 0.042842215256008356 0.04230769230769231 0.08568443051201671
0 0.17692307692307693 0.042842215256008356 0.04 0.08568443051201671
0 0.8615384615384616 0.0438871473354232 0.04230769230769231 0.0877742946708464
0 0.8196153846153846 0.0438871473354232 0.045384615384615384 0.0877742946708464
0 0.7315384615384616 0.044409613375130615 0.043076923076923075 0.08881922675026123
0 0.09153846153846154 0.04493207941483804 0.04384615384615385 0.08986415882967608
0 0.1346153846153846 0.04493207941483804 0.038461538461538464 0.08881922675026123
0 0.9446153846153846 0.04493207941483804 0.04153846153846154 0.08986415882967608
0 0.21807692307692308 0.045454545454545456 0.040769230769230766 0.09090909090909091
0 0.6892307692307692 0.045454545454545456 0.04153846153846154 0.09090909090909091
0 0.9023076923076923 0.04649947753396029 0.040769230769230766 0.09299895506792058
0 0.43 0.047021943573667714 0.043076923076923075 0.09404388714733543
0 0.6461538461538462 0.04806687565308255 0.04461538461538461 0.0961337513061651
0 0.6015384615384616 0.048589341692789965 0.043076923076923075 0.09717868338557993
0 0.38653846153846155 0.048589341692789965 0.04461538461538461 0.09717868338557993
0 0.5153846153846153 0.04911180773249739 0.04 0.09717868338557993
0 0.9815384615384616 0.04911180773249739 0.036923076923076927 0.09822361546499478
0 0.26076923076923075 0.04963427377220481 0.04461538461538461 0.09926854754440961
0 0.47307692307692306 0.050156739811912224 0.043076923076923075 0.09926854754440961
0 0.556923076923077 0.050156739811912224 0.04230769230769231 0.10031347962382445
0 0.3434615384615385 0.05067920585161965 0.04230769230769231 0.1013584117032393
0 0.3007692307692308 0.05172413793103448 0.043076923076923075 0.10344827586206896
0 0.17384615384615384 0.53239289446186 0.06230769230769231 0.14629049111807732
0 0.5726923076923077 0.5360501567398119 0.045384615384615384 0.14420062695924765
0 0.12230769230769231 0.5365726227795193 0.06 0.14420062695924765
0 0.4269230769230769 0.5365726227795193 0.05846153846153846 0.15151515151515152
0 0.47846153846153844 0.5376175548589341 0.052307692307692305 0.14420062695924765
0 0.6207692307692307 0.5376175548589341 0.05153846153846154 0.1452455590386625
0 0.9696153846153847 0.5381400208986415 0.04846153846153846 0.14629049111807732
0 0.5276923076923077 0.5381400208986415 0.045384615384615384 0.14420062695924765
0 0.07 0.5391849529780565 0.04923076923076923 0.14420062695924765
0 0.9192307692307692 0.5391849529780565 0.05384615384615385 0.15047021943573669
0 0.024615384615384615 0.5391849529780565 0.04846153846153846 0.14211076280041798
0 0.37576923076923074 0.5391849529780565 0.057692307692307696 0.148380355276907
0 0.6665384615384615 0.5397074190177639 0.05 0.148380355276907
0 0.7134615384615385 0.5438871473354232 0.05307692307692308 0.14629049111807732
0 0.7623076923076924 0.5438871473354232 0.05384615384615385 0.148380355276907
0 0.2226923076923077 0.5438871473354232 0.06153846153846154 0.14420062695924765
0 0.2734615384615385 0.5459770114942529 0.05846153846153846 0.15151515151515152
0 0.865 0.5480668756530825 0.06076923076923077 0.148380355276907
0 0.3203846153846154 0.5512016718913271 0.06076923076923077 0.15151515151515152
0 0.8111538461538461 0.5527690700104493 0.05153846153846154 0.14420062695924765
0 0.15846153846153846 0.680773249738767 0.054615384615384614 0.15151515151515152
0 0.9065384615384615 0.6812957157784744 0.06153846153846154 0.1452455590386625
0 0.3507692307692308 0.6812957157784744 0.054615384615384614 0.148380355276907
0 0.058076923076923075 0.6818181818181818 0.04692307692307692 0.14211076280041798
0 0.44769230769230767 0.6833855799373041 0.046153846153846156 0.14420062695924765
0 0.5953846153846154 0.6839080459770115 0.04692307692307692 0.15047021943573669
0 0.6461538461538462 0.6849529780564263 0.054615384615384614 0.14629049111807732
0 0.9561538461538461 0.6854754440961337 0.057692307692307696 0.14211076280041798
0 0.49846153846153846 0.6854754440961337 0.054615384615384614 0.15151515151515152
0 0.5476923076923077 0.6859979101358412 0.045384615384615384 0.15047021943573669
0 0.10615384615384615 0.6865203761755486 0.04923076923076923 0.14106583072100312
0 0.01730769230769231 0.6865203761755486 0.033846153846153845 0.14211076280041798
0 0.2073076923076923 0.6875653082549634 0.052307692307692305 0.148380355276907
0 0.7461538461538462 0.6896551724137931 0.047692307692307694 0.14733542319749215
0 0.39884615384615385 0.690700104493208 0.052307692307692305 0.14733542319749215
0 0.255 0.6917450365726228 0.055384615384615386 0.14629049111807732
0 0.698076923076923 0.6917450365726228 0.055384615384615386 0.1452455590386625
0 0.8488461538461538 0.6948798328108673 0.055384615384615386 0.148380355276907
0 0.3019230769230769 0.6948798328108673 0.055384615384615386 0.14420062695924765
0 0.7976923076923077 0.6964472309299895 0.06076923076923077 0.1452455590386625
0 0.9811538461538462 0.8275862068965517 0.03769230769230769 0.15256008359456635
0 0.01769230769230769 0.8286311389759665 0.03538461538461538 0.13584117032392895
0 0.8915384615384615 0.8296760710553814 0.06153846153846154 0.15151515151515152
0 0.057692307692307696 0.8301985370950888 0.05153846153846154 0.15151515151515152
0 0.9407692307692308 0.8312434691745036 0.06076923076923077 0.14942528735632185
0 0.15692307692307692 0.8312434691745036 0.05692307692307692 0.148380355276907
0 0.3507692307692308 0.8312434691745036 0.05 0.148380355276907
0 0.4469230769230769 0.831765935214211 0.05076923076923077 0.148380355276907
0 0.10923076923076923 0.8322884012539185 0.05153846153846154 0.1452455590386625
0 0.5946153846153847 0.8322884012539185 0.05076923076923077 0.148380355276907
0 0.20923076923076922 0.832810867293626 0.04923076923076923 0.14211076280041798
0 0.6430769230769231 0.8333333333333334 0.05615384615384615 0.1452455590386625
0 0.49846153846153846 0.8343782654127482 0.05846153846153846 0.14211076280041798
0 0.6938461538461539 0.8343782654127482 0.040769230769230766 0.13793103448275862
0 0.7403846153846154 0.8343782654127482 0.05153846153846154 0.14211076280041798
0 0.25576923076923075 0.8349007314524556 0.04846153846153846 0.14106583072100312
0 0.3984615384615385 0.835423197492163 0.05153846153846154 0.14106583072100312
0 0.546923076923077 0.835423197492163 0.04692307692307692 0.14106583072100312
0 0.2996153846153846 0.8364681295715779 0.05384615384615385 0.1400208986415883
0 0.8396153846153847 0.8385579937304075 0.05384615384615385 0.13479623824451412
0 0.7892307692307692 0.8390804597701149 0.05153846153846154 0.13270637408568442