0 0.2625 0.3083910034602076 0.040625 0.04325259515570934
0 0.3021875 0.3044982698961938 0.038125 0.039792387543252594
0 0.3421875 0.3032006920415225 0.040625 0.04065743944636678
0 0.3803125 0.31271626297577854 0.03875 0.039792387543252594
0 0.27125 0.3391003460207612 0.040625 0.04152249134948097
0 0.23375 0.3486159169550173 0.045 0.03892733564013841
0 0.194375 0.3551038062283737 0.0375 0.03806228373702422
0 0.31 0.3382352941176471 0.03875 0.037197231833910036
0 0.11875 0.3663494809688581 0.03875 0.03806228373702422
0 0.1578125 0.3620242214532872 0.039375 0.03633217993079585
0 0.3459375 0.3369377162629758 0.0375 0.03806228373702422
0 0.385 0.34645328719723184 0.039375 0.03892733564013841
0 0.58875 0.3179065743944637 0.078125 0.050173010380622836
0 0.6525 0.31055363321799306 0.050625 0.03373702422145329
0 0.2784375 0.3737024221453287 0.0375 0.03806228373702422
0 0.2428125 0.3810553633217993 0.03625 0.03806228373702422
0 0.2071875 0.38711072664359863 0.03875 0.039792387543252594
0 0.3140625 0.37240484429065746 0.038125 0.039792387543252594
0 0.15125 0.39749134948096887 0.078125 0.04498269896193772
0 0.35125 0.37067474048442905 0.0375 0.03892733564013841
0 0.5759375 0.35121107266435986 0.036875 0.03892733564013841
0 0.6128125 0.3507785467128028 0.04 0.04065743944636678
0 0.65125 0.3494809688581315 0.0375 0.04238754325259515
0 0.5365625 0.37067474048442905 0.0375 0.04498269896193772
0 0.68625 0.3490484429065744 0.039375 0.04152249134948097
0 0.2578125 0.4117647058823529 0.07625 0.04498269896193772
0 0.3315625 0.4039792387543253 0.075625 0.04498269896193772
0 0.126875 0.435121107266436 0.036875 0.03892733564013841
0 0.183125 0.4290657439446367 0.07875 0.04411764705882353
0 0.725625 0.35250865051903113 0.038125 0.04498269896193772
0 0.4990625 0.388840830449827 0.039375 0.04152249134948097
0 0.60625 0.3827854671280277 0.08125 0.050173010380622836
0 0.76 0.3615916955017301 0.03875 0.03892733564013841
0 0.7975 0.361159169550173 0.035625 0.04238754325259515
0 0.249375 0.4459342560553633 0.0375 0.037197231833910036
0 0.2853125 0.4416089965397924 0.03875 0.037197231833910036
0 0.6828125 0.38581314878892736 0.075625 0.05103806228373702
0 0.531875 0.40960207612456745 0.074375 0.056228373702422146
0 0.1628125 0.4649653979238754 0.075625 0.04498269896193772
0 0.2178125 0.45804498269896193 0.036875 0.03633217993079585
0 0.446875 0.43641868512110726 0.079375 0.04671280276816609
0 0.61875 0.41782006920415227 0.03875 0.039792387543252594
0 0.7578125 0.3992214532871972 0.079375 0.052768166089965395
0 0.8325 0.39013840830449825 0.074375 0.04757785467128028
0 0.6559375 0.41608996539792387 0.039375 0.039792387543252594
0 0.58125 0.4273356401384083 0.039375 0.04325259515570934
0 0.255 0.47837370242214533 0.03625 0.03633217993079585
0 0.6934375 0.416522491349481 0.0375 0.04152249134948097
0 0.5415625 0.4420415224913495 0.040625 0.045847750865051905
0 0.145625 0.5017301038062284 0.03875 0.03633217993079585
0 0.2025 0.49480968858131485 0.076875 0.04498269896193772
0 0.490625 0.4641003460207612 0.0725 0.04325259515570934
0 0.6175 0.44896193771626297 0.04 0.04411764705882353
0 0.43625 0.4757785467128028 0.039375 0.039792387543252594
0 0.399375 0.481401384083045 0.0375 0.037197231833910036
0 0.7259375 0.43685121107266434 0.0375 0.039792387543252594
0 0.654375 0.44896193771626297 0.039375 0.04238754325259515
0 0.8703125 0.41998269896193774 0.036875 0.039792387543252594
0 0.835625 0.42560553633217996 0.040625 0.04065743944636678
0 0.7628125 0.4359861591695502 0.03875 0.04238754325259515
0 0.799375 0.43079584775086505 0.038125 0.03806228373702422
0 0.580625 0.46366782006920415 0.040625 0.045847750865051905
0 0.6903125 0.45025951557093424 0.0375 0.04065743944636678
0 0.54375 0.47621107266435986 0.03625 0.04325259515570934
0 0.1875 0.5285467128027682 0.038125 0.037197231833910036
0 0.149375 0.5341695501730104 0.04125 0.037197231833910036
0 0.224375 0.5242214532871973 0.0375 0.03633217993079585
0 0.473125 0.5012975778546713 0.039375 0.03892733564013841
0 0.5084375 0.4978373702422145 0.035625 0.03892733564013841
0 0.4178125 0.5129757785467128 0.075 0.04238754325259515
0 0.7225 0.46929065743944637 0.04 0.04152249134948097
0 0.651875 0.48399653979238755 0.078125 0.050173010380622836
0 0.761875 0.47015570934256057 0.040625 0.04238754325259515
0 0.8534375 0.45717993079584773 0.073125 0.04325259515570934
0 0.80125 0.4658304498269896 0.04125 0.04152249134948097
0 0.5771875 0.4991349480968858 0.07625 0.05968858131487889
0 0.166875 0.5653114186851211 0.071875 0.04152249134948097
0 0.376875 0.5484429065743944 0.040625 0.04238754325259515
0 0.504375 0.5307093425605537 0.07625 0.04238754325259515
0 0.4496875 0.5393598615916955 0.035 0.037197231833910036
0 0.415 0.5480103806228374 0.038125 0.04152249134948097
0 0.7296875 0.5034602076124568 0.07875 0.05190311418685121
0 0.6290625 0.5203287197231834 0.07625 0.04411764705882353
0 0.8059375 0.49653979238754326 0.075 0.04498269896193772
0 0.859375 0.48918685121107264 0.03625 0.03806228373702422
0 0.3378125 0.5661764705882353 0.044375 0.04498269896193772
0 0.1528125 0.6020761245674741 0.038125 0.03806228373702422
0 0.5515625 0.5540657439446367 0.07875 0.04671280276816609
0 0.7025 0.532871972318339 0.0775 0.04930795847750865
0 0.475 0.5696366782006921 0.07625 0.04325259515570934
0 0.4 0.5826124567474048 0.078125 0.04930795847750865
0 0.855 0.523356401384083 0.075625 0.04238754325259515
0 0.6246875 0.5575259515570934 0.075 0.04757785467128028
0 0.7790625 0.5350346020761245 0.078125 0.04498269896193772
0 0.343125 0.5986159169550173 0.03875 0.04152249134948097
0 0.551875 0.5891003460207612 0.076875 0.04930795847750865
0 0.705 0.5679065743944637 0.0775 0.05536332179930796
0 0.2296875 0.6371107266435986 0.04125 0.04065743944636678
0 0.3084375 0.6258650519031141 0.0375 0.03892733564013841
0 0.27125 0.6332179930795848 0.03875 0.03892733564013841
0 0.1890625 0.6453287197231834 0.04 0.04065743944636678
0 0.47875 0.6033737024221453 0.075625 0.04498269896193772
0 0.386875 0.6176470588235294 0.043125 0.04152249134948097
0 0.4240625 0.6163494809688581 0.04 0.04065743944636678
0 0.6115625 0.592560553633218 0.0375 0.037197231833910036
0 0.7775 0.5683391003460208 0.0775 0.04498269896193772
0 0.346875 0.6314878892733564 0.038125 0.04325259515570934
0 0.854375 0.5575259515570934 0.07875 0.045847750865051905
0 0.64875 0.5895328719723183 0.04 0.04152249134948097
0 0.574375 0.6211072664359861 0.039375 0.04152249134948097
0 0.6865625 0.6055363321799307 0.038125 0.04152249134948097
0 0.2903125 0.6634948096885813 0.0775 0.04238754325259515
0 0.4003125 0.648356401384083 0.078125 0.04844290657439446
0 0.72125 0.6029411764705882 0.040625 0.04238754325259515
0 0.2075 0.6786332179930796 0.079375 0.04671280276816609
0 0.5040625 0.6353806228373703 0.038125 0.03892733564013841
0 0.5390625 0.6301903114186851 0.035625 0.03806228373702422
0 0.466875 0.6431660899653979 0.036875 0.03546712802768166
0 0.760625 0.6033737024221453 0.039375 0.04065743944636678
0 0.6140625 0.6258650519031141 0.03625 0.037197231833910036
0 0.796875 0.5994809688581315 0.03875 0.03633217993079585
0 0.346875 0.6652249134948097 0.036875 0.04238754325259515
0 0.834375 0.5951557093425606 0.0375 0.03546712802768166
0 0.65125 0.625 0.039375 0.03373702422145329
0 0.5684375 0.6570069204152249 0.0375 0.04065743944636678
0 0.2471875 0.7045847750865052 0.08125 0.045847750865051905
0 0.6878125 0.6405709342560554 0.04125 0.03892733564013841
0 0.3815625 0.6859861591695502 0.03625 0.039792387543252594
0 0.726875 0.6366782006920415 0.036875 0.04065743944636678
0 0.46 0.6764705882352942 0.04 0.03633217993079585
0 0.5003125 0.671280276816609 0.035625 0.03633217993079585
0 0.5334375 0.666955017301038 0.035 0.03892733564013841
0 0.4159375 0.6851211072664359 0.04 0.03892733564013841
0 0.18625 0.7192906574394463 0.03625 0.03892733564013841
0 0.62 0.657439446366782 0.07375 0.045847750865051905
0 0.8353125 0.6275951557093425 0.03625 0.03546712802768166
0 0.7634375 0.6379757785467128 0.038125 0.03806228373702422
0 0.7984375 0.6332179930795848 0.036875 0.03546712802768166
0 0.87125 0.6228373702422145 0.03625 0.03633217993079585
0 0.3475 0.7011245674740484 0.03625 0.039792387543252594
0 0.700625 0.6704152249134948 0.07875 0.04671280276816609
0 0.261875 0.7344290657439446 0.038125 0.03373702422145329
0 0.470625 0.7058823529411765 0.075625 0.04065743944636678
0 0.925 0.6401384083044983 0.0725 0.04498269896193772
0 0.5484375 0.6950692041522492 0.075625 0.045847750865051905
0 0.204375 0.7482698961937716 0.078125 0.04757785467128028
0 0.4165625 0.717560553633218 0.038125 0.03633217993079585
0 0.3678125 0.7249134948096886 0.056875 0.04671280276816609
0 0.850625 0.6570069204152249 0.07125 0.039792387543252594
0 0.7771875 0.6678200692041523 0.076875 0.04498269896193772
0 0.6246875 0.6911764705882353 0.07625 0.04498269896193772
0 0.7025 0.7024221453287197 0.07875 0.04930795847750865
0 0.245 0.7698961937716263 0.07625 0.04757785467128028
0 0.5534375 0.726643598615917 0.078125 0.04498269896193772
0 0.4771875 0.7400519031141869 0.07625 0.04325259515570934
0 0.4203125 0.75 0.039375 0.03806228373702422
0 0.186875 0.7841695501730104 0.03625 0.03200692041522491
0 0.94875 0.6734429065743944 0.038125 0.03806228373702422
0 0.3825 0.7560553633217993 0.0375 0.04411764705882353
0 0.9109375 0.6799307958477508 0.04 0.037197231833910036
0 0.8528125 0.6885813148788927 0.075 0.04152249134948097
0 0.77875 0.7011245674740484 0.075625 0.039792387543252594
0 0.3525 0.7647058823529411 0.024375 0.03633217993079585
0 0.62875 0.7249134948096886 0.074375 0.04411764705882353
0 0.98375 0.6916089965397924 0.0325 0.04065743944636678
0 0.7025 0.7348615916955017 0.08 0.04757785467128028
0 0.55625 0.7582179930795848 0.0775 0.04238754325259515
0 0.4809375 0.7711937716262975 0.075 0.04325259515570934
0 0.9315625 0.7071799307958477 0.073125 0.04325259515570934
0 0.85375 0.7205882352941176 0.073125 0.04065743944636678
0 0.78 0.7322664359861591 0.076875 0.04325259515570934
0 0.426875 0.7837370242214533 0.036875 0.037197231833910036
0 0.6228125 0.7556228373702422 0.040625 0.04065743944636678
0 0.696875 0.7694636678200693 0.0375 0.03373702422145329
0 0.87875 0.7439446366782007 0.036875 0.02768166089965398
0 0.7328125 0.7660034602076125 0.036875 0.03546712802768166
0 0.661875 0.7768166089965398 0.035625 0.023356401384083045
0 0.8428125 0.7525951557093425 0.0375 0.03373702422145329
0 0.77 0.764273356401384 0.03875 0.0328719723183391
0 0.806875 0.759515570934256 0.036875 0.03200692041522491