0 0.5819230769230769 0.16998950682056663 0.05615384615384615 0.1657922350472193
0 0.6661538461538462 0.15792235047219308 0.054615384615384614 0.16474291710388247
0 0.5403846153846154 0.1789087093389297 0.054615384615384614 0.16369359916054566
0 0.455 0.19412381951731375 0.054615384615384614 0.1626442812172088
0 0.6246153846153846 0.16631689401888772 0.055384615384615386 0.16789087093389296
0 0.7915384615384615 0.1385099685204617 0.05615384615384615 0.16474291710388247
0 0.8753846153846154 0.12434417628541448 0.055384615384615386 0.16474291710388247
0 0.833076923076923 0.1316894018887723 0.055384615384615386 0.1657922350472193
0 0.7088461538461538 0.15320041972717732 0.054615384615384614 0.16369359916054566
0 0.2873076923076923 0.22402938090241342 0.055384615384615386 0.1626442812172088
0 0.3292307692307692 0.21720881427072403 0.05846153846153846 0.16684155299055614
0 0.4976923076923077 0.1888772298006296 0.05692307692307692 0.1689401888772298
0 0.37 0.21038824763903463 0.054615384615384614 0.1657922350472193
0 0.41307692307692306 0.20409233997901363 0.05615384615384615 0.1626442812172088
0 0.75 0.14742917103882477 0.05615384615384615 0.16474291710388247
0 0.24576923076923077 0.2324239244491081 0.054615384615384614 0.1657922350472193
0 0.01 0.2743966421825813 0.02 0.16474291710388247
0 0.916923076923077 0.12014690451206715 0.05846153846153846 0.1626442812172088
0 0.9546153846153846 0.11385099685204617 0.04230769230769231 0.16054564533053514
0 0.033846153846153845 0.26862539349422876 0.05692307692307692 0.16789087093389296
0 0.205 0.24134312696747115 0.054615384615384614 0.16369359916054566
0 0.16346153846153846 0.24868835257082897 0.054615384615384614 0.161594963273872
0 0.12076923076923077 0.2565582371458552 0.05846153846153846 0.1657922350472193
0 0.07692307692307693 0.2644281217208814 0.057692307692307696 0.16789087093389296
0 0.5842307692307692 0.3315844700944386 0.05692307692307692 0.16789087093389296
0 0.7119230769230769 0.3116474291710388 0.055384615384615386 0.1657922350472193
0 0.5426923076923077 0.33997901364113325 0.054615384615384614 0.16369359916054566
0 0.46 0.3546694648478489 0.05692307692307692 0.16474291710388247
0 0.37576923076923074 0.36935991605456453 0.05615384615384615 0.1657922350472193
0 0.6292307692307693 0.3268625393494229 0.055384615384615386 0.16684155299055614
0 0.796923076923077 0.2990556138509968 0.05615384615384615 0.16369359916054566
0 0.8826923076923077 0.2848898216159496 0.054615384615384614 0.16684155299055614
0 0.8407692307692308 0.29223504721930743 0.057692307692307696 0.16789087093389296
0 0.755 0.30692549842602307 0.05692307692307692 0.1657922350472193
0 0.4169230769230769 0.363588667366212 0.05615384615384615 0.16474291710388247
0 0.6703846153846154 0.32214060860440713 0.05384615384615385 0.16474291710388247
0 0.6703846153846154 0.32214060860440713 0.054615384615384614 0.16369359916054566
0 0.9230769230769231 0.2801678908709339 0.05384615384615385 0.161594963273872
0 0.3323076923076923 0.3793284365162644 0.05846153846153846 0.16474291710388247
0 0.9626923076923077 0.2738719832109129 0.054615384615384614 0.1626442812172088
0 0.5023076923076923 0.3515215110178384 0.05692307692307692 0.1657922350472193
0 0.29 0.38719832109129065 0.05923076923076923 0.161594963273872
0 0.24653846153846154 0.3950682056663169 0.06153846153846154 0.16474291710388247
0 0.03461538461538462 0.43126967471143757 0.05615384615384615 0.1584470094438615
0 0.16 0.41133263378803775 0.06076923076923077 0.16474291710388247
0 0.20384615384615384 0.4050367261280168 0.06 0.16684155299055614
0 0.07730769230769231 0.42707240293809023 0.06 0.16474291710388247
0 0.11884615384615385 0.42077649527806926 0.05923076923076923 0.16474291710388247
0 0.5911538461538461 0.4931794333683106 0.05692307692307692 0.16789087093389296
0 0.7184615384615385 0.4732423924449108 0.05615384615384615 0.1626442812172088
0 0.8438461538461538 0.4527806925498426 0.05384615384615385 0.16369359916054566
0 0.8865384615384615 0.4475341028331584 0.057692307692307696 0.16369359916054566
0 0.8026923076923077 0.4616998950682057 0.05615384615384615 0.16684155299055614
0 0.7596153846153846 0.4690451206715635 0.05384615384615385 0.16369359916054566
0 0.3373076923076923 0.5398740818467995 0.054615384615384614 0.161594963273872
0 0.37961538461538463 0.5330535152151101 0.05692307692307692 0.16369359916054566
0 0.5061538461538462 0.5120671563483735 0.057692307692307696 0.16474291710388247
0 0.9253846153846154 0.44176285414480587 0.055384615384615386 0.161594963273872
0 0.9657692307692308 0.4349422875131165 0.052307692307692305 0.155299055613851
0 0.5480769230769231 0.5052465897166841 0.06 0.16684155299055614
0 0.4634615384615385 0.5194123819517313 0.05615384615384615 0.16684155299055614
0 0.4226923076923077 0.5262329485834207 0.054615384615384614 0.1626442812172088
0 0.2957692307692308 0.5487932843651626 0.05923076923076923 0.1626442812172088
0 0.6757692307692308 0.48530954879328436 0.054615384615384614 0.16369359916054566
0 0.04461538461538461 0.5912906610703043 0.054615384615384614 0.1626442812172088
0 0.21269230769230768 0.5634837355718783 0.05384615384615385 0.161594963273872
0 0.6338461538461538 0.4931794333683106 0.05692307692307692 0.1657922350472193
0 0.25384615384615383 0.5571878279118573 0.05846153846153846 0.161594963273872
0 0.13038461538461538 0.5792235047219307 0.055384615384615386 0.161594963273872
0 0.17153846153846153 0.5729275970619098 0.057692307692307696 0.16369359916054566
0 0.08653846153846154 0.5881427072402938 0.05846153846153846 0.16474291710388247
0 0.6384615384615384 0.040923399790136414 0.04923076923076923 0.08184679958027283
0 0.555 0.048268625393494226 0.05153846153846154 0.09653725078698845
0 0.6796153846153846 0.03830010493179433 0.05307692307692308 0.07660020986358866
0 0.47192307692307695 0.055613850996852045 0.05 0.11122770199370409
0 0.5973076923076923 0.04512067156348373 0.05153846153846154 0.09024134312696747
0 0.8061538461538461 0.027806925498426022 0.05076923076923077 0.055613850996852045
0 0.7657692307692308 0.03147953830010493 0.05307692307692308 0.06295907660020986
0 0.5146153846153846 0.05246589716684155 0.05076923076923077 0.1049317943336831
0 0.3046153846153846 0.08394543546694648 0.05076923076923077 0.11542497376705142
0 0.8469230769230769 0.025183630640083946 0.04923076923076923 0.05036726128016789
0 0.3476923076923077 0.07660020986358866 0.04846153846153846 0.11332633788037776
0 0.014615384615384615 0.13431269674711438 0.02923076923076923 0.11542497376705142
0 0.3892307692307692 0.06977964323189927 0.05076923076923077 0.11542497376705142
0 0.26153846153846155 0.0912906610703043 0.05307692307692308 0.11542497376705142
0 0.43115384615384617 0.06348373557187828 0.05153846153846154 0.11647429171038824
0 0.7223076923076923 0.03620146904512067 0.052307692307692305 0.07240293809024134
0 0.046153846153846156 0.1285414480587618 0.052307692307692305 0.11752360965372508
0 0.8888461538461538 0.0236096537250787 0.05307692307692308 0.0472193074501574
0 0.09153846153846154 0.12172088142707241 0.052307692307692305 0.11962224554039874
0 0.21807692307692308 0.10073452256033578 0.05384615384615385 0.11962224554039874
0 0.9303846153846154 0.02098635886673662 0.054615384615384614 0.04197271773347324
0 0.17576923076923076 0.1080797481636936 0.055384615384615386 0.12067156348373557
0 0.13346153846153846 0.11594963273871983 0.052307692307692305 0.12172088142707241
0 0.6119230769230769 0.655299055613851 0.05692307692307692 0.16054564533053514
0 0.9042307692307693 0.6070304302203567 0.055384615384615386 0.161594963273872
0 0.405 0.6920251836306401 0.057692307692307696 0.155299055613851
0 0.8626923076923076 0.6154249737670514 0.05615384615384615 0.16369359916054566
0 0.9484615384615385 0.6012591815320042 0.05846153846153846 0.1584470094438615
0 0.5696153846153846 0.6657922350472193 0.057692307692307696 0.1626442812172088
0 0.4461538461538462 0.6873032528856243 0.05846153846153846 0.15949632738719832
0 0.3630769230769231 0.7014690451206715 0.054615384615384614 0.15739769150052466
0 0.7376923076923076 0.6390346274921301 0.05307692307692308 0.15949632738719832
0 0.28115384615384614 0.7156348373557188 0.054615384615384614 0.15739769150052466
0 0.5280769230769231 0.674186778593914 0.054615384615384614 0.15739769150052466
0 0.03538461538461538 0.757607555089192 0.04384615384615385 0.1626442812172088
0 0.7796153846153846 0.6327387198321092 0.055384615384615386 0.15634837355718784
0 0.98 0.5975865687303253 0.04 0.1584470094438615
0 0.4876923076923077 0.6820566631689402 0.055384615384615386 0.15634837355718784
0 0.655 0.6542497376705142 0.055384615384615386 0.15634837355718784
0 0.19692307692307692 0.7313746065057712 0.055384615384615386 0.16684155299055614
0 0.23961538461538462 0.7245540398740818 0.05615384615384615 0.15949632738719832
0 0.696923076923077 0.6479538300104932 0.05384615384615385 0.15739769150052466
0 0.8223076923076923 0.6274921301154249 0.055384615384615386 0.15949632738719832
0 0.3219230769230769 0.7119622245540399 0.05307692307692308 0.15634837355718784
0 0.075 0.7528856243441763 0.05384615384615385 0.1584470094438615
0 0.115 0.7471143756558237 0.05307692307692308 0.15739769150052466
0 0.15615384615384614 0.7402938090241343 0.05384615384615385 0.15949632738719832
0 0.953076923076923 0.7560335781741868 0.06076923076923077 0.15739769150052466
0 0.9107692307692308 0.7639034627492131 0.054615384615384614 0.15739769150052466
0 0.7830769230769231 0.7859391395592865 0.05307692307692308 0.15424973767051417
0 0.6165384615384616 0.8142707240293809 0.06 0.155299055613851
0 0.7426923076923077 0.7932843651626443 0.05307692307692308 0.15320041972717732
0 0.9823076923076923 0.7518363064008394 0.03538461538461538 0.1521511017838405
0 0.8257692307692308 0.7796432318992654 0.054615384615384614 0.1521511017838405
0 0.28076923076923077 0.8709338929695698 0.052307692307692305 0.1521511017838405
0 0.5726923076923077 0.8226652675760755 0.055384615384615386 0.1521511017838405
0 0.8676923076923077 0.7733473242392445 0.054615384615384614 0.15320041972717732
0 0.7019230769230769 0.8006295907660022 0.05384615384615385 0.15320041972717732
0 0.49115384615384616 0.8363064008394544 0.055384615384615386 0.1521511017838405
0 0.4480769230769231 0.8436516264428122 0.05307692307692308 0.15110178384050368
0 0.5315384615384615 0.8305351521511017 0.05615384615384615 0.15005246589716684
0 0.23961538461538462 0.8793284365162645 0.05692307692307692 0.15005246589716684
0 0.11346153846153846 0.9008394543546695 0.05384615384615385 0.15005246589716684
0 0.32269230769230767 0.8656873032528857 0.054615384615384614 0.14900314795383002
0 0.40615384615384614 0.8515215110178384 0.05307692307692308 0.14900314795383002
0 0.3657692307692308 0.8588667366211962 0.052307692307692305 0.14900314795383002
0 0.1973076923076923 0.887722980062959 0.055384615384615386 0.14900314795383002
0 0.6596153846153846 0.810598111227702 0.05384615384615385 0.1458551941238195
0 0.047692307692307694 0.9134312696747114 0.040769230769230766 0.14480587618048268
0 0.07846153846153846 0.9087093389296957 0.03923076923076923 0.14375655823714587
0 0.15538461538461537 0.897691500524659 0.05615384615384615 0.14270724029380902