0 0.8515384615384616 0.05590386624869383 0.08307692307692308 0.08568443051201671
0 0.03538461538461538 0.18181818181818182 0.07076923076923076 0.0877742946708464
0 0.7257692307692307 0.08254963427377221 0.17615384615384616 0.09926854754440961
0 0.42423076923076924 0.13897596656217345 0.08692307692307692 0.08150470219435736
0 0.3423076923076923 0.15726227795193312 0.08384615384615385 0.08045977011494253
0 0.5584615384615385 0.14106583072100312 0.17384615384615384 0.109717868338558
0 0.16307692307692306 0.20428422152560083 0.18 0.1013584117032393
0 0.8934615384615384 0.11180773249738767 0.16384615384615384 0.11389759665621735
0 0.032692307692307694 0.25339602925809823 0.06538461538461539 0.08672936259143156
0 0.695 0.1588296760710554 0.08615384615384615 0.0794148380355277
0 0.7765384615384615 0.14785788923719959 0.0823076923076923 0.0794148380355277
0 0.536923076923077 0.02246603970741902 0.1723076923076923 0.04493207941483804
0 0.37615384615384617 0.21577847439916406 0.18076923076923077 0.09926854754440961
0 0.6192307692307693 0.2001044932079415 0.08384615384615385 0.08881922675026123
0 0.22538461538461538 0.26541274817136884 0.09 0.08881922675026123
0 0.5273076923076923 0.2225705329153605 0.08461538461538462 0.08254963427377221
0 0.948076923076923 0.17502612330198536 0.06461538461538462 0.08568443051201671
0 0.13230769230769232 0.29258098223615464 0.08307692307692308 0.07836990595611286
0 0.8803846153846154 0.19905956112852666 0.08692307692307692 0.0877742946708464
0 0.041923076923076924 0.32445141065830724 0.08384615384615385 0.08881922675026123
0 0.7480769230769231 0.22309299895506793 0.17153846153846153 0.09299895506792058
0 0.16 0.07314524555903866 0.18769230769230769 0.08045977011494253
0 0.3446153846153846 0.29519331243469177 0.08384615384615385 0.07628004179728318
0 0.4369230769230769 0.28474399164054337 0.08538461538461538 0.08150470219435736
0 0.5788461538461539 0.2894461859979101 0.1823076923076923 0.10031347962382445
0 0.17115384615384616 0.3484848484848485 0.1723076923076923 0.09299895506792058
0 0.9069230769230769 0.2607105538140021 0.15923076923076923 0.10762800417972831
0 0.7884615384615384 0.2826541274817137 0.0823076923076923 0.07836990595611286
0 0.7061538461538461 0.2962382445141066 0.08384615384615385 0.0794148380355277
0 0.043076923076923075 0.39655172413793105 0.07692307692307693 0.08568443051201671
0 0.3873076923076923 0.3563218390804598 0.16923076923076924 0.08881922675026123
0 0.7603846153846154 0.019331243469174503 0.07923076923076923 0.038662486938349006
0 0.6146153846153846 0.3542319749216301 0.08307692307692308 0.08045977011494253
0 0.5357692307692308 0.36886102403343785 0.08692307692307692 0.09299895506792058
0 0.8876923076923077 0.012016718913270637 0.1523076923076923 0.024033437826541274
0 0.13230769230769232 0.4315569487983281 0.0823076923076923 0.08150470219435736
0 0.22076923076923077 0.41901776384535006 0.09 0.08568443051201671
0 0.9588461538461538 0.31713688610240337 0.06461538461538462 0.08672936259143156
0 0.7465384615384615 0.3599791013584117 0.17384615384615384 0.09822361546499478
0 0.8807692307692307 0.3448275862068966 0.08461538461538462 0.08045977011494253
0 0.045 0.47126436781609193 0.09 0.08568443051201671
0 0.6711538461538461 0.029258098223615466 0.08846153846153847 0.05851619644723093
0 0.43153846153846154 0.4174503657262278 0.0823076923076923 0.08045977011494253
0 0.35384615384615387 0.4320794148380355 0.08 0.07732497387669801
0 0.18923076923076923 0.48171368861024033 0.17692307692307693 0.10344827586206896
0 0.038461538461538464 0.10815047021943573 0.07692307692307693 0.07836990595611286
0 0.5776923076923077 0.4331243469174504 0.18307692307692308 0.10553814002089865
0 0.71 0.42998955067920586 0.08384615384615385 0.08045977011494253
0 0.9188461538461539 0.4043887147335423 0.15692307692307692 0.09717868338557993
0 0.7934615384615384 0.4268547544409613 0.08461538461538462 0.07836990595611286
0 0.3903846153846154 0.48746081504702193 0.1723076923076923 0.08568443051201671
0 0.057692307692307696 0.5417972831765935 0.07846153846153846 0.08045977011494253
0 0.15153846153846154 0.5653082549634274 0.08461538461538462 0.0794148380355277
0 0.2530769230769231 0.5512016718913271 0.08615384615384615 0.08672936259143156
0 0.5734615384615385 0.509926854754441 0.17 0.1044932079414838
0 0.7419230769230769 0.49686520376175547 0.16307692307692306 0.09299895506792058
0 0.43961538461538463 0.5459770114942529 0.07846153846153846 0.0794148380355277
0 0.9496153846153846 0.47335423197492166 0.07846153846153846 0.07628004179728318
0 0.8715384615384615 0.4864158829676071 0.0876923076923077 0.08359456635318704
0 0.05307692307692308 0.6050156739811913 0.09923076923076923 0.07836990595611286
0 0.36153846153846153 0.56478578892372 0.08538461538461538 0.08463949843260188
0 0.36230769230769233 0.07575757575757576 0.1823076923076923 0.10658307210031348
0 0.5726923076923077 0.5705329153605015 0.17307692307692307 0.09299895506792058
0 0.21153846153846154 0.6290491118077325 0.17384615384615384 0.09508881922675026
0 0.7 0.5663531870428422 0.07846153846153846 0.0794148380355277
0 0.7803846153846153 0.5600835945663531 0.08384615384615385 0.07732497387669801
0 0.9038461538461539 0.54858934169279 0.16923076923076924 0.09195402298850575
0 0.04346153846153846 0.6729362591431557 0.07 0.07732497387669801
0 0.39153846153846156 0.6269592476489029 0.16923076923076924 0.09926854754440961
0 0.13423076923076924 0.6823406478578893 0.0823076923076923 0.11076280041797283
0 0.5123076923076924 0.6394984326018809 0.08615384615384615 0.09195402298850575
0 0.235 0.6912225705329154 0.08384615384615385 0.07732497387669801
0 0.6119230769230769 0.6389759665621735 0.0823076923076923 0.07314524555903866
0 0.7303846153846154 0.632183908045977 0.16307692307692306 0.09090909090909091
0 0.9492307692307692 0.6044932079414838 0.08461538461538462 0.07836990595611286
0 0.05307692307692308 0.7413793103448276 0.07923076923076923 0.07628004179728318
0 0.8642307692307692 0.6290491118077325 0.08307692307692308 0.08359456635318704
0 0.3526923076923077 0.7079414838035528 0.08307692307692308 0.08150470219435736
0 0.4369230769230769 0.6980146290491118 0.08307692307692308 0.07732497387669801
0 0.5615384615384615 0.6964472309299895 0.17 0.09822361546499478
0 0.17846153846153845 0.7664576802507836 0.1676923076923077 0.09404388714733543
0 0.7776923076923077 0.6922675026123302 0.08923076923076922 0.08045977011494253
0 0.6842307692307692 0.7115987460815048 0.08692307692307692 0.08463949843260188
0 0.9007692307692308 0.6844305120167189 0.16538461538461538 0.10031347962382445
0 0.05423076923076923 0.8082549634273772 0.07076923076923076 0.07105538140020899
0 0.38653846153846155 0.7716823406478579 0.1776923076923077 0.10031347962382445
0 0.5215384615384615 0.7607105538140021 0.08538461538461538 0.0794148380355277
0 0.6023076923076923 0.7628004179728317 0.08307692307692308 0.08986415882967608
0 0.5769230769230769 0.06583072100313479 0.08384615384615385 0.08150470219435736
0 0.24423076923076922 0.8260188087774295 0.08384615384615385 0.06896551724137931
0 0.14961538461538462 0.8411703239289446 0.0876923076923077 0.07732497387669801
0 0.9288461538461539 0.7429467084639498 0.08153846153846153 0.08045977011494253
0 0.7292307692307692 0.7758620689655172 0.17076923076923076 0.09717868338557993
0 0.06346153846153846 0.8735632183908046 0.07846153846153846 0.07836990595611286
0 0.8538461538461538 0.7612330198537095 0.08076923076923077 0.07628004179728318
0 0.44 0.832810867293626 0.08461538461538462 0.07210031347962383
0 0.4957692307692308 0.08150470219435736 0.08384615384615385 0.0794148380355277
0 0.3607692307692308 0.8505747126436781 0.0823076923076923 0.07732497387669801
0 0.5638461538461539 0.8275862068965517 0.17076923076923076 0.10762800417972831
0 0.19076923076923077 0.8970741901776385 0.1753846153846154 0.09090909090909091
0 0.9288461538461539 0.8082549634273772 0.08076923076923077 0.07314524555903866
0 0.06923076923076923 0.9362591431556949 0.08076923076923077 0.07628004179728318
0 0.8546153846153847 0.8270637408568443 0.08 0.07105538140020899
0 0.7761538461538462 0.8385579937304075 0.08 0.06792058516196448
0 0.6903846153846154 0.8510971786833855 0.08076923076923077 0.06896551724137931
0 0.20692307692307693 0.12852664576802508 0.0823076923076923 0.0794148380355277
0 0.39807692307692305 0.8981191222570533 0.16538461538461538 0.07105538140020899
0 0.11576923076923076 0.14315569487983282 0.08846153846153847 0.08672936259143156
0 0.9296153846153846 0.03396029258098224 0.07769230769230769 0.06792058516196448