0 0.5511538461538461 0.42588726513569936 0.05384615384615385 0.05010438413361169
0 0.5069230769230769 0.4394572025052192 0.057692307692307696 0.04801670146137787
0 0.6107692307692307 0.43684759916492694 0.07076923076923076 0.05741127348643006
0 0.3342307692307692 0.4911273486430063 0.05153846153846154 0.04279749478079332
0 0.41 0.4879958246346555 0.05153846153846154 0.04697286012526096
0 0.5657692307692308 0.4603340292275574 0.05153846153846154 0.04801670146137787
0 0.6707692307692308 0.4410229645093946 0.05307692307692308 0.0511482254697286
0 0.46307692307692305 0.4812108559498956 0.06 0.05741127348643006
0 0.5173076923076924 0.47651356993736954 0.055384615384615386 0.05323590814196242
0 0.34192307692307694 0.5266179540709812 0.10461538461538461 0.059498956158663886
0 0.6180769230769231 0.47755741127348644 0.052307692307692305 0.0511482254697286
0 0.42 0.5245302713987474 0.054615384615384614 0.05219206680584551
0 0.5692307692307692 0.5 0.05076923076923077 0.04801670146137787
0 0.6665384615384615 0.48173277661795405 0.05153846153846154 0.05010438413361169
0 0.4707692307692308 0.5219206680584552 0.05384615384615385 0.05219206680584551
0 0.5219230769230769 0.5135699373695198 0.05076923076923077 0.04384133611691023
0 0.3219230769230769 0.5688935281837161 0.05153846153846154 0.049060542797494784
0 0.37346153846153846 0.5594989561586639 0.05307692307692308 0.049060542797494784
0 0.6176923076923077 0.5193110647181628 0.05076923076923077 0.0511482254697286
0 0.42538461538461536 0.5605427974947808 0.054615384615384614 0.04592901878914405
0 0.665 0.517223382045929 0.054615384615384614 0.05010438413361169
0 0.4726923076923077 0.5568893528183716 0.05076923076923077 0.04697286012526096
0 0.571923076923077 0.5386221294363257 0.05153846153846154 0.04697286012526096
0 0.5223076923076924 0.552713987473904 0.05076923076923077 0.04697286012526096
0 0.3473076923076923 0.6033402922755741 0.10153846153846154 0.05636743215031315
0 0.6453846153846153 0.5553235908141962 0.09923076923076923 0.060542797494780795
0 0.4492307692307692 0.5960334029227558 0.10307692307692308 0.06993736951983298
0 0.5476923076923077 0.5861169102296451 0.09923076923076923 0.059498956158663886
0 0.37346153846153846 0.6393528183716075 0.052307692307692305 0.04488517745302714
0 0.32384615384615384 0.6487473903966597 0.05 0.04488517745302714
0 0.7280769230769231 0.5756784968684759 0.055384615384615386 0.04697286012526096
0 0.6238461538461538 0.5970772442588727 0.055384615384615386 0.04801670146137787
0 0.6738461538461539 0.5897703549060542 0.05 0.04801670146137787
0 0.4246153846153846 0.6393528183716075 0.05153846153846154 0.054279749478079335
0 0.4757692307692308 0.6362212943632568 0.05153846153846154 0.04801670146137787
0 0.5726923076923077 0.6184759916492694 0.05076923076923077 0.04488517745302714
0 0.525 0.6294363256784968 0.05153846153846154 0.04175365344467641
0 0.3303846153846154 0.6852818371607515 0.054615384615384614 0.04697286012526096
0 0.38076923076923075 0.6774530271398748 0.05384615384615385 0.049060542797494784
0 0.7257692307692307 0.6174321503131524 0.05153846153846154 0.04801670146137787
0 0.6242307692307693 0.6367432150313153 0.05 0.04801670146137787
0 0.43153846153846154 0.6764091858037579 0.05307692307692308 0.0511482254697286
0 0.6734615384615384 0.6310020876826722 0.052307692307692305 0.04488517745302714
0 0.5784615384615385 0.6555323590814196 0.04846153846153846 0.04384133611691023
0 0.4815384615384615 0.6748434237995825 0.05153846153846154 0.04592901878914405
0 0.5307692307692308 0.6659707724425887 0.05076923076923077 0.04592901878914405
0 0.38269230769230766 0.715553235908142 0.055384615384615386 0.05010438413361169
0 0.3342307692307692 0.7265135699373695 0.05153846153846154 0.04488517745302714
0 0.7315384615384616 0.656054279749478 0.05 0.04697286012526096
0 0.6842307692307692 0.6654488517745303 0.05307692307692308 0.05219206680584551
0 0.6338461538461538 0.6758872651356994 0.055384615384615386 0.054279749478079335
0 0.43884615384615383 0.7150313152400835 0.05307692307692308 0.055323590814196244
0 0.49 0.7108559498956158 0.05076923076923077 0.04801670146137787
0 0.5842307692307692 0.6946764091858038 0.052307692307692305 0.049060542797494784
0 0.5365384615384615 0.704070981210856 0.04923076923076923 0.04488517745302714
0 0.38884615384615384 0.7541753653444676 0.052307692307692305 0.04697286012526096
0 0.33192307692307693 0.7651356993736952 0.05153846153846154 0.0511482254697286
0 0.7315384615384616 0.691544885177453 0.05153846153846154 0.04697286012526096
0 0.4380769230769231 0.7520876826722338 0.05153846153846154 0.05010438413361169
0 0.6838461538461539 0.7056367432150313 0.05153846153846154 0.04279749478079332
0 0.635 0.7150313152400835 0.05 0.04384133611691023
0 0.49115384615384616 0.7447807933194155 0.04692307692307692 0.04488517745302714
0 0.5376923076923077 0.7411273486430062 0.05153846153846154 0.04488517745302714
0 0.5876923076923077 0.7322546972860126 0.052307692307692305 0.04384133611691023
0 0.3261538461538461 0.8021920668058455 0.04846153846153846 0.05219206680584551
0 0.38461538461538464 0.7938413361169102 0.05692307692307692 0.049060542797494784
0 0.6842307692307692 0.7400835073068893 0.05 0.04279749478079332
0 0.7323076923076923 0.7312108559498957 0.052307692307692305 0.05010438413361169
0 0.48846153846153845 0.7813152400835073 0.04846153846153846 0.04279749478079332
0 0.44076923076923075 0.7907098121085595 0.05076923076923077 0.04697286012526096
0 0.6357692307692308 0.7536534446764092 0.05076923076923077 0.04175365344467641
0 0.5876923076923077 0.7646137787056367 0.05 0.038622129436325675
0 0.7742307692307693 0.7301670146137788 0.03769230769230769 0.04384133611691023
0 0.5373076923076923 0.7760960334029228 0.05307692307692308 0.03966597077244259