0 0.2783 0.27523356401384086 0.038018750000000025 0.03814878892733566
0 0.318125 0.27704152249134945 0.03586250000000003 0.0345328719723183
0 0.35795 0.28147923875432523 0.03798124999999999 0.03551903114186847
0 0.3950375 0.29645328719723185 0.036543750000000014 0.03452422145328717
0 0.28460625 0.3069809688581315 0.03825625000000002 0.03583044982698958
0 0.24653124999999998 0.31093425605536334 0.04248750000000001 0.03320069204152249
0 0.20695 0.3117560553633218 0.035137500000000016 0.0328719723183391
0 0.32311875 0.3117560553633218 0.03633750000000003 0.032205882352941195
0 0.13086874999999998 0.3119204152249135 0.03659375000000001 0.03254325259515571
0 0.17009375 0.3132439446366782 0.03753124999999999 0.031228373702422166
0 0.35925624999999994 0.3153719723183391 0.03536874999999995 0.03286332179930797
0 0.3973 0.3305103806228374 0.037256249999999935 0.033512110726643604
0 0.6021375 0.33170415224913496 0.07533124999999999 0.039653979238754355
0 0.6659 0.3335121107266436 0.048618749999999974 0.02703287197231834
0 0.28911875 0.34219723183391004 0.034925 0.03318339100346022
0 0.25306875 0.34449826989619375 0.03416249999999998 0.03318339100346022
0 0.21728750000000002 0.34548442906574395 0.03631875000000001 0.0345069204152249
0 0.3246625 0.3461418685121107 0.035618750000000005 0.03449826989619377
0 0.1609375 0.34746539792387543 0.07628749999999998 0.03384083044982699
0 0.361875 0.34975778546712805 0.03536874999999995 0.03383217993079586
0 0.5866125 0.3631228373702422 0.03471874999999997 0.03452422145328717
0 0.623425 0.36793252595155707 0.037531250000000044 0.035121107266436004
0 0.6617624999999999 0.37228373702422146 0.035124999999999885 0.037828719723183406
0 0.5460875000000001 0.3765138408304498 0.03449375000000003 0.040259515570934226
0 0.6965250000000001 0.3767993079584775 0.036875 0.036029411764705865
0 0.26581875 0.377076124567474 0.07392499999999998 0.0344809688581315
0 0.339875 0.38036332179930793 0.07318124999999999 0.0344809688581315
0 0.1338375 0.38168685121107265 0.034456249999999994 0.033823529411764724
0 0.19030000000000002 0.3834948096885813 0.0765125 0.03349480968858134
0 0.73540625 0.38581314878892736 0.035124999999999885 0.040233564013840824
0 0.50731875 0.3894377162629758 0.036899999999999974 0.03664359861591697
0 0.6146249999999999 0.39889273356401383 0.07858124999999994 0.038719723183390994
0 0.76911875 0.3997750865051903 0.0364500000000001 0.034230103806228415
0 0.8063375 0.4051470588235294 0.033287500000000136 0.037422145328719715
0 0.2547375 0.40998269896193773 0.03559375000000003 0.031833910034602036
0 0.291025 0.4108044982698962 0.036824999999999976 0.03216262975778542
0 0.6905500000000001 0.4127335640138408 0.07314375000000012 0.040544982698961944
0 0.5384875 0.4148356401384083 0.07141874999999999 0.04595155709342561
0 0.16723749999999998 0.4165657439446367 0.07319375 0.03446366782006923
0 0.22263750000000002 0.41755190311418683 0.03465625000000003 0.031833910034602036
0 0.45211875 0.42892733564013846 0.07698750000000004 0.03615916955017302
0 0.6244124999999999 0.4352854671280277 0.036031250000000056 0.0345328719723183
0 0.76398125 0.4370674740484429 0.0769187500000001 0.04147058823529416
0 0.83895625 0.4386678200692042 0.07209374999999994 0.037136678200692046
0 0.6613375 0.43918685121107265 0.03688749999999999 0.03452422145328717
0 0.58626875 0.4396366782006921 0.036643750000000065 0.03782006920415227
0 0.2580625 0.4432439446366782 0.03416249999999998 0.03187716262975775
0 0.69880625 0.44489619377162626 0.03491874999999993 0.0369204152249135
0 0.54555 0.4485034602076125 0.037750000000000054 0.04051903114186849
0 0.14750625 0.4503200692041523 0.036587499999999995 0.031548442906574416
0 0.2045625 0.4517993079584775 0.07460000000000001 0.03450692041522495
0 0.49325625 0.462984429065744 0.0703125 0.03318339100346012
0 0.6208312500000001 0.46608996539792386 0.037125000000000054 0.03901384083044975
0 0.43845625 0.4667733564013841 0.036812500000000054 0.034826989619377156
0 0.40136875000000005 0.46693771626297575 0.03492500000000007 0.03251730103806221
0 0.7295937499999999 0.46971453287197235 0.035 0.03477508650519035
0 0.65743125 0.47165224913494813 0.036456249999999954 0.03750865051903106
0 0.8742874999999999 0.47378892733564015 0.03454374999999999 0.03479238754325262
0 0.839275 0.47436851211072667 0.03791249999999991 0.03537197231833919
0 0.76608125 0.47449826989619376 0.03581874999999997 0.037387543252595176
0 0.80288125 0.4745069204152249 0.03559374999999989 0.03274221453287189
0 0.58279375 0.4757093425605536 0.03751874999999998 0.04020761245674742
0 0.6931562499999999 0.4781141868512111 0.03491874999999993 0.03600346020761236
0 0.5453375 0.48258650519031143 0.03370625000000004 0.03880622837370234
0 0.186975 0.4830622837370242 0.035618750000000005 0.03251730103806221
0 0.14869374999999999 0.4833910034602076 0.03896249999999998 0.03185986159169544
0 0.22418125 0.48404844290657434 0.035362500000000026 0.031202422145328666
0 0.47318125 0.4973961937716263 0.03730000000000004 0.03353806228373701
0 0.50860625 0.4988754325259516 0.033006249999999966 0.03452422145328727
0 0.4174125 0.5008304498269897 0.07271874999999994 0.03184256055363317
0 0.7234999999999999 0.5018079584775087 0.03749374999999986 0.03626297577854678
0 0.6521062499999999 0.506219723183391 0.07576875000000001 0.03929930795847757
0 0.7627124999999999 0.5081920415224914 0.03831250000000011 0.03684256055363315
0 0.8547875 0.5087543252595156 0.0710374999999999 0.03274221453287189
0 0.8020375 0.5094723183391003 0.03853125000000006 0.03591695501730102
0 0.57683125 0.5101557093425606 0.07295000000000001 0.04955882352941173
0 0.1637875 0.5167906574394463 0.06962499999999999 0.031513840830449884
0 0.374 0.5303114186851211 0.03821875000000006 0.037491349480968786
0 0.50194375 0.5309602076124568 0.07438125 0.032205882352941195
0 0.44703125 0.5319463667820069 0.032556249999999946 0.03286332179930797
0 0.41192500000000004 0.5352508650519031 0.035587500000000036 0.036167820069204104
0 0.72821875 0.5367733564013841 0.07628125000000012 0.04117647058823522
0 0.6266812500000001 0.5390138408304499 0.07401250000000005 0.033918685121107295
0 0.80435625 0.5409688581314879 0.07252499999999998 0.03447231833910027
0 0.85814375 0.5412629757785468 0.033712500000000034 0.03330449826989619
0 0.33381875 0.542318339100346 0.041568749999999995 0.039126297577854685
0 0.14715 0.551340830449827 0.03586874999999999 0.03281141868512116
0 0.54711875 0.5612283737024221 0.07673749999999999 0.03613321799307957
0 0.69875625 0.5620242214532872 0.07524374999999991 0.03884083044982707
0 0.46985 0.5655103806228374 0.07391874999999999 0.032846020761245695
0 0.39444375 0.5678200692041522 0.07577500000000001 0.03813148788927329
0 0.8513187499999999 0.5745155709342561 0.07375 0.03190311418685131
0 0.6195750000000001 0.5751297577854672 0.07240625000000002 0.03736159169550178
0 0.7747875000000001 0.5752422145328719 0.07588124999999991 0.03393598615916957
0 0.33643749999999994 0.5753892733564013 0.03586250000000003 0.03680795847750861
0 0.54498125 0.596280276816609 0.07436250000000001 0.03908304498269902
0 0.69875625 0.597136678200692 0.07440625000000012 0.0452076124567474
0 0.22085625 0.5974567474048442 0.03869999999999998 0.03551038062283733
0 0.30005 0.5974567474048442 0.03537500000000002 0.03419550173010378
0 0.2623625 0.5994290657439447 0.036106249999999986 0.03419550173010378
0 0.17984375 0.5995934256055363 0.037524999999999975 0.035839100346020815
0 0.47115625 0.5997318339100346 0.07320624999999993 0.034801038062283754
0 0.3786375 0.6007266435986159 0.04035624999999996 0.03547577854671279
0 0.41560625 0.6048442906574395 0.03724999999999994 0.0351470588235295
0 0.6038375 0.6083217993079585 0.03512500000000003 0.03223183391003459
0 0.77090625 0.6083304498269896 0.07525624999999991 0.03449826989619387
0 0.3378625 0.6084602076124568 0.03538124999999994 0.038434256055363374
0 0.8481749999999999 0.6084688581314879 0.07626875000000012 0.03536332179930805
0 0.6411625 0.6104584775086506 0.037487500000000014 0.036505190311418724
0 0.56484375 0.631029411764706 0.03656875 0.036167820069204104
0 0.6776875 0.6318166089965398 0.035625 0.03677335640138407
0 0.27899999999999997 0.6321712802768166 0.07556249999999999 0.031877162629757705
0 0.3896875 0.6329757785467128 0.07578125 0.03743944636678198
0 0.7122875000000001 0.6344290657439446 0.038125 0.037352941176470644
0 0.19553125000000002 0.6352941176470588 0.07698750000000003 0.03615051903114184
0 0.4937375 0.63530276816609 0.03560625000000002 0.03353806228373701
0 0.5289437499999999 0.63530276816609 0.03325625000000002 0.03352941176470588
0 0.45629375000000005 0.6376124567474049 0.03443124999999995 0.03089965397923878
0 0.75130625 0.6406833910034602 0.03689375000000013 0.03593425605536329
0 0.6038375 0.6415570934256055 0.03417500000000004 0.032214532871972325
0 0.7877875 0.6418425605536332 0.036875 0.031288927335640204
0 0.33536875 0.6420242214532872 0.03419375000000002 0.037759515570934335
0 0.825325 0.6430103806228374 0.035181249999999976 0.030709342560553632
0 0.64104375 0.6461678200692041 0.03724999999999994 0.02891868512110732
0 0.5562874999999999 0.6662370242214533 0.03466875000000002 0.03615051903114184
0 0.2332125 0.6667214532871972 0.07911250000000003 0.034489619377162536
0 0.67631875 0.6669723183391003 0.03876249999999999 0.033356401384082995
0 0.36806249999999996 0.6678806228373703 0.03394999999999996 0.034835640138408286
0 0.7152124999999999 0.6687110726643598 0.03434374999999989 0.03625432525951564
0 0.44701875 0.66969723183391 0.03776875000000004 0.031219723183390932
0 0.48731875 0.6705190311418685 0.033231250000000045 0.031548442906574416
0 0.520725 0.6710121107266437 0.032506249999999993 0.034506920415225
0 0.40241875 0.6719982698961938 0.03798124999999999 0.03319204152249126
0 0.17140625 0.6726470588235295 0.03396250000000002 0.03382352941176463
0 0.6074 0.6739705882352941 0.07173749999999998 0.03581314878892741
0 0.8238562500000001 0.675363321799308 0.03434374999999989 0.030977508650518983
0 0.75159375 0.6755363321799308 0.035793749999999985 0.033062283737024245
0 0.7866374999999999 0.6756574394463667 0.03456874999999997 0.030977508650518983
0 0.85991875 0.6756574394463667 0.03391250000000014 0.03155709342560555
0 0.33299375 0.6779238754325259 0.03373125000000002 0.035164359861591776
0 0.68669375 0.6983131487889274 0.07670625000000002 0.035657439446366804
0 0.24559999999999998 0.6988062283737024 0.03587499999999998 0.028884083044982786
0 0.4551 0.7004584775086505 0.07390000000000001 0.0302162629757786
0 0.9120874999999999 0.7009602076124567 0.07039375000000007 0.0349394463667821
0 0.5333375 0.7011159169550173 0.0734375 0.03547577854671279
0 0.18709375 0.7042301038062284 0.07579999999999998 0.03644463667820079
0 0.40051250000000005 0.7044117647058823 0.03607500000000002 0.030873702422145377
0 0.35165625 0.7047404844290657 0.05393124999999998 0.03942906574394457
0 0.83685 0.7067387543252596 0.06956250000000011 0.029870242214532848
0 0.76314375 0.7070242214532872 0.07483749999999986 0.03392733564013843
0 0.60965625 0.7080276816608997 0.07387499999999995 0.03415224913494811
0 0.6861687499999999 0.7305276816608997 0.07608125000000002 0.03854671280276812
0 0.2259625 0.7313840830449827 0.07411875000000002 0.03741349480968858
0 0.536075 0.7330363321799308 0.07605000000000003 0.03414359861591698
0 0.45925625 0.7355017301038063 0.07413749999999993 0.032499999999999946
0 0.40194375 0.737318339100346 0.037025 0.03282871972318343
0 0.16724375 0.7374740484429065 0.034681250000000004 0.027214532871972348
0 0.93330625 0.7374826989619377 0.035568749999999906 0.03266435986159169
0 0.3639 0.7374826989619377 0.03466875000000002 0.03974048442906579
0 0.8952312499999999 0.738235294117647 0.037762500000000046 0.03191176470588244
0 0.8365375 0.7385121107266436 0.073125 0.031297577854671334
0 0.7620999999999999 0.7402595155709343 0.07400000000000005 0.02897923875432526
0 0.33323125 0.7419204152249135 0.02184375000000003 0.0334861591695502
0 0.61096875 0.7420847750865052 0.07221249999999997 0.03380622837370236
0 0.97575 0.7624826989619377 0.04849375000000009 0.03352076124567474
0 0.68365625 0.7627422145328719 0.07733749999999986 0.036790657439446345
0 0.53643125 0.7649567474048442 0.07581249999999998 0.03149653979238761
0 0.4606875 0.7667647058823529 0.07318749999999995 0.03248269896193768
0 0.9136375 0.7685553633217993 0.07095625000000012 0.03280276816609003
0 0.835275 0.7704411764705882 0.07103125000000006 0.03012110726643593
0 0.76094375 0.7714532871972318 0.07462500000000005 0.03273356401384076
0 0.4058625 0.7715397923875432 0.034412499999999964 0.03215397923875439
0 0.6028875 0.7720242214532872 0.03798124999999999 0.03511245674740477
0 0.675375 0.796401384083045 0.035618749999999866 0.028650519031141772
0 0.8582375 0.7975692041522492 0.035587500000000036 0.022275086505190313
0 0.71154375 0.798287197231834 0.03497500000000002 0.030674740484429096
0 0.64015 0.7988754325259516 0.034375 0.018486159169550077
0 0.82175625 0.8007612456747405 0.03560000000000002 0.028659169550173103
0 0.748475 0.8019290657439446 0.03710000000000008 0.02749999999999997
0 0.7855875 0.8025086505190312 0.03498750000000001 0.02749999999999997