0 0.27063076923076923 0.3435005117707267 0.13903076923076924 0.052446264073694994
0 0.6461153846153846 0.37790174002047083 0.1829461538461538 0.0941555783009212
0 0.46303846153846157 0.40294779938587516 0.18550769230769232 0.09242579324462637
0 0.27216153846153845 0.4172057318321392 0.1815769230769231 0.09328556806550664
0 0.0966 0.42670419651995906 0.1667153846153846 0.08983623336745136
0 0.8476384615384616 0.4336131013306039 0.1848076923076923 0.09155578300921192
0 0.6594230769230769 0.47378710337768676 0.1822923076923077 0.08896622313203681
0 0.47213076923076924 0.49321392016376664 0.18681538461538466 0.09155578300921192
0 0.27508461538461537 0.5143807574206755 0.18611538461538463 0.08723643807574202
0 0.08816153846153844 0.5187001023541453 0.1758076923076923 0.09069600818833158
0 0.8538076923076924 0.527338792221085 0.18415384615384622 0.09760491299897642
0 0.6639153846153847 0.5713920163766633 0.1847846153846154 0.08723643807574209
0 0.4750461538461538 0.5925486182190378 0.1822692307692308 0.08810644831115652
0 0.28286923076923076 0.607236438075742 0.18870769230769227 0.08983623336745136
0 0.08978461538461538 0.6132855680655066 0.17775384615384615 0.09155578300921192
0 0.863223076923077 0.6249437052200615 0.18871538461538456 0.10106448311156603
0 0.6697615384615385 0.6664073694984647 0.18348461538461536 0.08896622313203692
0 0.48186153846153845 0.6910235414534288 0.18421538461538464 0.0967451381780962
0 0.28449230769230766 0.7031115660184238 0.18935384615384612 0.09328556806550675
0 0.09205384615384615 0.713050153531218 0.1835923076923077 0.08896622313203692
0 0.8875615384615384 0.7221187308085978 0.18935384615384604 0.10538382804503586
0 0.6892307692307692 0.7687615148413511 0.18737692307692302 0.09847492323439103
0 0.4948461538461538 0.7938075742067553 0.18680769230769223 0.09328556806550675
0 0.29163076923076925 0.80503582395087 0.19324615384615387 0.09501535312180136
0 0.09010769230769229 0.8054759467758444 0.1797 0.09587512794268176
0 0.9039076923076923 0.8240429887410441 0.1921846153846155 0.1122927328556807
0 0.7081076923076923 0.8637768679631525 0.18878461538461544 0.08810644831115652
0 0.49160000000000004 0.8775946775844421 0.18810769230769228 0.0587410440122826
0 0.2890384615384615 0.8810542476970317 0.19324615384615387 0.053551688843398094
0 0.09303076923076922 0.8832139201637667 0.18553846153846154 0.047512794268167936