0 0.26653846153846156 0.3541453428863869 0.14 0.0593654042988741
0 0.6426923076923077 0.3710337768679631 0.1853846153846154 0.1023541453428864
0 0.4603846153846154 0.4048106448311157 0.18769230769230769 0.10133060388945753
0 0.27 0.4278403275332651 0.18384615384615385 0.10133060388945753
0 0.095 0.4452405322415558 0.16923076923076924 0.09723643807574207
0 0.8457692307692307 0.41760491299897645 0.18692307692307691 0.10030706243602866
0 0.6584615384615384 0.4662231320368475 0.18461538461538463 0.09723643807574207
0 0.47192307692307695 0.49437052200614123 0.18923076923076923 0.10030706243602866
0 0.27576923076923077 0.5245649948822927 0.18846153846153846 0.09621289662231321
0 0.08884615384615385 0.537871033776868 0.1776923076923077 0.0992835209825998
0 0.8542307692307692 0.510747185261003 0.18692307692307691 0.10644831115660185
0 0.6657692307692308 0.563971340839304 0.18692307692307691 0.09621289662231321
0 0.4773076923076923 0.593654042988741 0.18461538461538463 0.09621289662231321
0 0.2857692307692308 0.617195496417605 0.19076923076923077 0.09825997952917093
0 0.09307692307692307 0.6320368474923235 0.18 0.0992835209825998
0 0.8661538461538462 0.6079836233367452 0.19153846153846155 0.10951893551688843
0 0.6738461538461539 0.6586489252814739 0.1853846153846154 0.09723643807574207
0 0.4869230769230769 0.691914022517912 0.18692307692307691 0.10542476970317298
0 0.29 0.7128966223132037 0.19153846153846155 0.1023541453428864
0 0.09807692307692308 0.7318321392016377 0.18615384615384614 0.09723643807574207
0 0.8930769230769231 0.7041965199590583 0.19230769230769232 0.11361310133060389
0 0.6961538461538461 0.7599795291709315 0.19 0.10747185261003071
0 0.5026923076923077 0.793756397134084 0.18923076923076923 0.1023541453428864
0 0.2996153846153846 0.8147389969293757 0.19538461538461538 0.10440122824974411
0 0.09846153846153846 0.8244626407369499 0.1823076923076923 0.10440122824974411
0 0.9073076923076923 0.804503582395087 0.1853846153846154 0.12077789150460594
0 0.7176923076923077 0.8541453428863869 0.19076923076923077 0.09723643807574207
0 0.5015384615384615 0.8776867963152508 0.18923076923076923 0.06755373592630501
0 0.29923076923076924 0.8904810644831116 0.1946153846153846 0.062436028659160696
0 0.10346153846153847 0.901740020470829 0.18692307692307691 0.05629477993858751