0 0.6110076923076923 0.1858551941238195 0.04198461538461533 0.15962224554039875
0 0.6954692307692307 0.18822665267576075 0.04076153846153847 0.15959076600209868
0 0.5686923076923076 0.1882476390346275 0.040692307692307764 0.1584260230849947
0 0.4825384615384615 0.1891395592864638 0.04116923076923076 0.15663168940188876
0 0.6535384615384615 0.18943336831059812 0.04109230769230775 0.16201469045120676
0 0.8217461538461538 0.18971668415529908 0.042453846153846196 0.1589926547743966
0 0.9061461538461538 0.18971668415529908 0.04110769230769235 0.1589926547743966
0 0.8634000000000001 0.19002098635886674 0.041561538461538615 0.15959076600209862
0 0.7382153846153846 0.19031479538300106 0.041176923076923055 0.15779643231899265
0 0.3134692307692308 0.19059811122770198 0.041584615384615345 0.15715634837355716
0 0.35577692307692305 0.19089192025183632 0.04463076923076922 0.1601469045120672
0 0.5255076923076922 0.19093389296956978 0.04289999999999999 0.16261280167890868
0 0.3969923076923077 0.191196222455404 0.040230769230769195 0.16074501573976915
0 0.4401769230769231 0.19179433368310597 0.04240769230769239 0.15715634837355724
0 0.7796538461538461 0.19181532004197274 0.04247692307692301 0.1583945435466946
0 0.2715923076923077 0.19208814270724028 0.04028461538461539 0.16014690451206717
0 0.01847692307692308 0.19239244491080798 0.03695384615384616 0.15954879328436516
0 0.9475846153846154 0.19241343126967472 0.0450307692307692 0.15600209863588663
0 0.9857307692307693 0.19241343126967472 0.02835384615384625 0.15719832109129064
0 0.058015384615384614 0.19299055613850996 0.04291538461538461 0.16194123819517312
0 0.23033076923076923 0.19448058761804826 0.04108461538461536 0.15775445960125917
0 0.18846153846153846 0.19478488982161596 0.04066923076923077 0.1559601259181532
0 0.14549230769230767 0.19538300104931794 0.044192307692307684 0.1595487932843652
0 0.1012076923076923 0.19598111227701995 0.043338461538461555 0.16194123819517312
0 0.5987307692307693 0.34673662119622245 0.042869230769230784 0.16194123819517317
0 0.7270384615384615 0.34824763903462747 0.041623076923076846 0.16017838405036725
0 0.5566076923076924 0.34827911857292765 0.04108461538461545 0.15783840503672608
0 0.47330769230769226 0.34887722980062963 0.04287692307692308 0.15903462749213007
0 0.38824615384615385 0.34946484784889825 0.04203076923076927 0.16023084994753403
0 0.6436692307692308 0.34972717733473246 0.04153076923076924 0.1607450157397691
0 0.8125384615384615 0.35004197271773346 0.04246153846153832 0.1577859391395593
0 0.8989153846153846 0.3503357817418678 0.04066923076923069 0.16077649527806928
0 0.8568230769230768 0.3506400839454355 0.04332307692307705 0.1613746065057712
0 0.7702230769230769 0.3509338929695698 0.042923076923076973 0.15958027282266532
0 0.4296769230769231 0.3509653725078699 0.042453846153846196 0.15843651626442812
0 0.6851076923076923 0.3518153200419727 0.04019999999999999 0.15894018887722983
0 0.6851692307692308 0.35183630640083946 0.04119999999999996 0.15777544596012594
0 0.9394692307692307 0.35213011542497374 0.04021538461538477 0.1559811122770199
0 0.34440000000000004 0.35216159496327387 0.044684615384615406 0.15843651626442812
0 0.9796153846153847 0.35257082896117525 0.040769230769230766 0.15739769150052466
0 0.5154 0.35305351521511014 0.04285384615384618 0.16023084994753403
0 0.3015846153846154 0.3533473242392445 0.04589230769230767 0.15482686253934938
0 0.2577384615384615 0.35364113326337876 0.04766153846153849 0.15781741867785937
0 0.044215384615384615 0.3542392444910808 0.04249230769230769 0.15303252885624347
0 0.17048461538461537 0.35573976915005245 0.046823076923076926 0.15840503672612805
0 0.21455384615384618 0.35633788037775443 0.04636153846153845 0.160797481636936
0 0.08717692307692308 0.35722980062959075 0.04598461538461539 0.157806925498426
0 0.1286153846153846 0.35813221406086043 0.04552307692307693 0.15840503672612805
0 0.591276923076923 0.508289611752361 0.04287692307692308 0.16201469045120676
0 0.7191461538461539 0.5097691500524658 0.0425 0.15658971668415525
0 0.8456384615384615 0.5103672612801678 0.0402538461538461 0.15778593913955935
0 0.8881692307692307 0.5121615949632738 0.04374615384615376 0.1577859391395593
0 0.8039846153846154 0.5124658971668415 0.04202307692307701 0.16077649527806928
0 0.760576923076923 0.5124658971668415 0.04029230769230777 0.15838405036726133
0 0.33515384615384614 0.5124973767051416 0.04110769230769226 0.1560545645330535
0 0.3774692307692308 0.512791185729276 0.043284615384615414 0.15784889821615944
0 0.5048769230769231 0.5130430220356769 0.04373846153846146 0.15835257082896115
0 0.9274153846153846 0.5130640083945436 0.041530769230769066 0.15599160545645327
0 0.9681923076923078 0.5130640083945435 0.038884615384615524 0.15001049317943335
0 0.5472153846153847 0.5130745015739769 0.04596923076923076 0.1608079748163694
0 0.4619076923076923 0.5133473242392446 0.04199999999999993 0.16134312696747113
0 0.4208769230769231 0.513389296956978 0.04063076923076918 0.15665267576075548
0 0.2928461538461538 0.5142707240293809 0.04594615384615386 0.15602308499475348
0 0.6759 0.5145750262329486 0.04108461538461545 0.15781741867785942
0 0.04003846153846154 0.5148583420776496 0.04116153846153846 0.15720881427072408
0 0.20928461538461537 0.5154564533053515 0.0402153846153846 0.1560125918153201
0 0.6333692307692308 0.5154669464847849 0.042861538461538486 0.15961175236096545
0 0.2505 0.5160650577124869 0.04458461538461541 0.15481636935991608
0 0.1259769230769231 0.5169569779643232 0.042007692307692315 0.1554039874081847
0 0.16763076923076922 0.5178488982161595 0.043738461538461545 0.15719832109129062
0 0.08169230769230769 0.5187513116474292 0.04465384615384614 0.1589926547743966
0 0.6798615384615385 0.052728226652675764 0.0402461538461538 0.1051626442812172
0 0.5961153846153846 0.05303252885624344 0.04203076923076931 0.10576075550891921
0 0.7210769230769231 0.053630640083945434 0.04373076923076916 0.1069569779643232
0 0.5117153846153847 0.05385099685204617 0.04075384615384617 0.10770199370409234
0 0.6386461538461539 0.053924449108079746 0.04201538461538453 0.10755508919202518
0 0.8491538461538463 0.05393494228751312 0.041138461538461554 0.10756558237145855
0 0.8077230769230769 0.05422875131164743 0.043353846153846166 0.10816369359916055
0 0.5551230769230769 0.054228751311647436 0.04161538461538455 0.1069569779643232
0 0.3430615384615385 0.0544700944386149 0.04113076923076925 0.10892969569779644
0 0.8897076923076922 0.05453305351521511 0.03980769230769231 0.10876180482686254
0 0.3866846153846154 0.05454354669464848 0.03892307692307694 0.1075865687303253
0 0.039599999999999996 0.054543546694648476 0.04292307692307692 0.10878279118572928
0 0.42833846153846156 0.05476390346274921 0.04153076923076924 0.10952780692549842
0 0.29965384615384616 0.05483735571878279 0.04378461538461535 0.10938090241343126
0 0.47065384615384614 0.05506820566631689 0.041953846153846126 0.11012591815320043
0 0.7640461538461538 0.055120671563483735 0.04283846153846158 0.10994753410283316
0 0.08279230769230769 0.05603357817418678 0.042469230769230766 0.11177334732423924
0 0.9322384615384616 0.056327387198321095 0.04329999999999997 0.1123504721930745
0 0.1283923076923077 0.05663168940188877 0.04244615384615385 0.11296956977964323
0 0.2558076923076923 0.056935991605456454 0.04379999999999996 0.11356768100734523
0 0.9736769230769231 0.057145855194123824 0.044592307692307535 0.11429171038824765
0 0.21323076923076922 0.057229800629590766 0.04547692307692308 0.11416579223504722
0 0.17048461538461537 0.05775445960125918 0.04243076923076921 0.11550891920251836
0 0.5971769230769232 0.672507869884575 0.04328461538461537 0.15422875131164746
0 0.8916923076923077 0.6734102833158447 0.04201538461538453 0.15603357817418684
0 0.38864615384615386 0.6745750262329486 0.044592307692307716 0.1487932843651626
0 0.8495615384615385 0.6745960125918153 0.041953846153846126 0.1584155299055614
0 0.9361999999999999 0.6752046169989507 0.04506923076923088 0.1524449108079748
0 0.5542076923076923 0.676096537250787 0.04417692307692313 0.1566211962224554
0 0.4296923076923077 0.6769989506820566 0.04510769230769238 0.15363064008394553
0 0.3459 0.6772612801678908 0.04154615384615384 0.15178384050367272
0 0.7235076923076923 0.677292759706191 0.03982307692307691 0.15422875131164746
0 0.2634692307692308 0.6775655823714586 0.04157692307692304 0.15118572927597054
0 0.5123384615384615 0.6775970619097587 0.04112307692307695 0.15123819517313758
0 0.0157 0.6781846799580272 0.03020769230769231 0.15840503672612805
0 0.7656 0.6781846799580272 0.04243076923076929 0.15004197271773348
0 0.9763153846153847 0.6781951731374607 0.043738461538461636 0.1524449108079748
0 0.4715615384615384 0.678488982161595 0.04202307692307701 0.1506400839454354
0 0.6402 0.6787827911857293 0.0424846153846154 0.15004197271773348
0 0.17858461538461537 0.679087093389297 0.041100000000000005 0.16139559286463792
0 0.2215923076923077 0.6793599160545645 0.042907692307692286 0.1535781741867785
0 0.6822923076923078 0.679685204616999 0.04071538461538467 0.15182581322140615
0 0.8083461538461538 0.6799790136411332 0.04197692307692311 0.15362014690451217
0 0.30446153846153845 0.6805561385099685 0.04024615384615388 0.15118572927597054
0 0.055600000000000004 0.6805771248688353 0.04071538461538462 0.15242392444910807
0 0.09593846153846154 0.6811752360965372 0.03981538461538461 0.15242392444910807
0 0.13736923076923077 0.6811752360965372 0.04023846153846154 0.15362014690451217
0 0.9267692307692308 0.8295068205666317 0.047269230769230626 0.15117523609653719
0 0.8839923076923077 0.8301259181532005 0.04152307692307694 0.15120671563483726
0 0.7553 0.8307240293809024 0.0402615384615384 0.1488142707240293
0 0.5875307692307692 0.8313011542497377 0.04679230769230763 0.14877229800629588
0 0.7145230769230769 0.8313221406086044 0.040276923076923 0.14761804826862546
0 0.9666692307692308 0.8318992654774396 0.043738461538461636 0.14639034627492128
0 0.7984923076923076 0.8319202518363065 0.041561538461538525 0.14642182581322136
0 0.24940769230769233 0.8319202518363065 0.039776923076923106 0.14642182581322136
0 0.5432538461538462 0.832193074501574 0.04243076923076929 0.145781741867786
0 0.8405846153846154 0.8322140608604407 0.04153846153846154 0.14701993704092328
0 0.6735307692307693 0.8322140608604407 0.040738461538461564 0.14701993704092328
0 0.4610076923076923 0.832224554039874 0.04284615384615388 0.1458342077649528
0 0.4176076923076923 0.8325183630640084 0.040230769230769195 0.14523609653725086
0 0.5018153846153847 0.8330954879328437 0.04376153846153854 0.14398740818467998
0 0.20753846153846156 0.8331164742917104 0.04461538461538461 0.14402938090241343
0 0.08038461538461539 0.833420776495278 0.04116153846153846 0.14462749213011536
0 0.2913307692307692 0.833420776495278 0.04203846153846152 0.14344176285414487
0 0.37551538461538464 0.833420776495278 0.04025384615384619 0.14344176285414487
0 0.3345153846153846 0.8340188877229802 0.03983076923076921 0.14344176285414487
0 0.1647846153846154 0.8343126967471144 0.04331538461538462 0.14283315844700956
0 0.6305 0.8348898216159496 0.041515384615384635 0.14039874081846795
0 0.014176923076923077 0.8349108079748163 0.02803846153846154 0.14163693599160548
0 0.04508461538461538 0.8354669464847849 0.027007692307692302 0.14020986358866724
0 0.12225384615384616 0.837607555089192 0.04421538461538463 0.1362539349422874
0 0.0847 0.9471668415529906 0.00006153846153847116 0.00019937040923405516