0 0.2611538461538462 0.3705220061412487 0.1423076923076923 0.06857727737973388
0 0.6376923076923077 0.36131013306038895 0.18846153846153846 0.11463664278403275
0 0.45692307692307693 0.40736949846468784 0.19076923076923077 0.11361310133060389
0 0.2676923076923077 0.4437052200614125 0.18692307692307691 0.11361310133060389
0 0.09346153846153846 0.47389969293756395 0.1723076923076923 0.10849539406345957
0 0.8419230769230769 0.39355168884339814 0.19 0.11258955987717502
0 0.6569230769230769 0.4554759467758444 0.18769230769230769 0.10951893551688843
0 0.47192307692307695 0.49641760491299897 0.19230769230769232 0.11258955987717502
0 0.27692307692307694 0.5404298874104401 0.19076923076923077 0.10849539406345957
0 0.09076923076923077 0.5665301944728761 0.18076923076923077 0.1105424769703173
0 0.8542307692307692 0.48618219037871035 0.19 0.1187308085977482
0 0.6680769230769231 0.5522006141248721 0.19 0.10849539406345957
0 0.48115384615384615 0.5951893551688844 0.18769230769230769 0.10849539406345957
0 0.2907692307692308 0.6320368474923235 0.19384615384615383 0.11156601842374617
0 0.09884615384615385 0.6601842374616171 0.18307692307692308 0.11156601842374617
0 0.87 0.5823950870010235 0.1946153846153846 0.12282497441146366
0 0.68 0.6458546571136131 0.18846153846153846 0.10951893551688843
0 0.4946153846153846 0.6924257932446264 0.19 0.11770726714431934
0 0.29846153846153844 0.7272262026612077 0.1946153846153846 0.11463664278403275
0 0.1076923076923077 0.759467758444217 0.18846153846153846 0.10951893551688843
0 0.9007692307692308 0.676560900716479 0.19538461538461538 0.1269191402251791
0 0.7061538461538461 0.7456499488229273 0.1930769230769231 0.11975435005117707
0 0.5142307692307693 0.7932446264073695 0.19230769230769232 0.11463664278403275
0 0.3123076923076923 0.8280450358239508 0.19846153846153847 0.11668372569089049
0 0.11153846153846154 0.8520982599795291 0.1853846153846154 0.11668372569089049
0 0.911923076923077 0.7753326509723644 0.17615384615384616 0.13408393039918118
0 0.7311538461538462 0.8382804503582395 0.19384615384615383 0.10951893551688843
0 0.5165384615384615 0.8771750255885363 0.19153846153846155 0.07983623336745138
0 0.31461538461538463 0.9042988741044012 0.19615384615384615 0.07574206755373593
0 0.11961538461538461 0.9288638689866939 0.18769230769230769 0.06857727737973388