0 0.01496923076923077 0.13003134796238244 0.029569230769230768 0.0979937304075235
0 0.04733076923076923 0.13065830721003135 0.0425 0.09799373040752352
0 0.2153846153846154 0.13379310344827586 0.04659230769230771 0.08416927899686522
0 0.9471538461538461 0.1344305120167189 0.04425384615384631 0.07663531870428421
0 0.9011538461538462 0.13505747126436782 0.03918461538461543 0.07914315569487984
0 0.4276615384615385 0.13505747126436782 0.04108461538461545 0.08040752351097177
0 0.4674230769230769 0.13505747126436782 0.03829999999999997 0.06910135841170323
0 0.6859076923076922 0.13505747126436782 0.04152307692307694 0.08416927899686522
0 0.8595153846153846 0.1353709508881923 0.046538461538461535 0.09359456635318704
0 0.17216153846153848 0.1353709508881923 0.04337692307692307 0.09108672936259145
0 0.0901 0.1356844305120167 0.04386923076923076 0.08794148380355278
0 0.6421769230769231 0.1356844305120167 0.04284615384615388 0.08166144200626961
0 0.9847076923076922 0.1363113897596656 0.030576923076923078 0.07286311389759667
0 0.7279846153846153 0.13819226750261232 0.043353846153846076 0.09924764890282134
0 0.7702846153846153 0.1385057471264368 0.04287692307692308 0.10239289446185999
0 0.8146692307692307 0.13881922675026123 0.041930769230769396 0.09673981191222569
0 0.38651538461538465 0.13945663531870428 0.04110769230769235 0.08166144200626961
0 0.5092615384615384 0.14071055381400208 0.03966923076923072 0.08291536050156738
0 0.13216923076923076 0.14102403343782655 0.04477692307692306 0.09234064785788924
0 0.5515615384615384 0.14227795193312434 0.04103846153846147 0.0810344827586207
0 0.34229230769230773 0.1432183908045977 0.04515384615384619 0.08668756530825494
0 0.26208461538461536 0.14415882967607108 0.04564615384615387 0.08731452455590387
0 0.29929999999999995 0.14605015673981192 0.0424 0.06847439916405436
0 0.9823999999999999 0.24373040752351097 0.03520000000000017 0.14071055381400205
0 0.6401076923076923 0.24404388714733544 0.05813076923076918 0.14761755485893416
0 0.9409153846153847 0.24435736677115988 0.05489230769230779 0.14949843260188087
0 0.44616153846153844 0.24435736677115988 0.06236923076923071 0.15076280041797285
0 0.0568076923076923 0.24467084639498432 0.05220769230769231 0.1400835945663532
0 0.590176923076923 0.24467084639498432 0.057223076923077 0.14636363636363636
0 0.4965538461538461 0.24592476489028212 0.0577230769230769 0.1476175548589342
0 0.20151538461538462 0.24717868338557994 0.059546153846153825 0.14384535005224658
0 0.01566153846153846 0.24749216300940435 0.030030769230769225 0.14196447230929987
0 0.6900384615384615 0.24749216300940438 0.05070769230769236 0.1432183908045977
0 0.8875153846153846 0.2481191222570533 0.04983076923076939 0.1444723092998955
0 0.10627692307692307 0.24843260188087773 0.056807692307692295 0.14008359456635316
0 0.544176923076923 0.24938349007314528 0.0549307692307693 0.14196447230929993
0 0.39877692307692303 0.25001044932079414 0.05915384615384618 0.14321839080459767
0 0.7862307692307692 0.251264367816092 0.051653846153846134 0.14447230929989552
0 0.15066153846153849 0.2525182863113898 0.05309230769230768 0.14196447230929993
0 0.2986076923076923 0.2537722048066876 0.06135384615384615 0.14949843260188084
0 0.7395076923076923 0.2550365726227795 0.05623846153846146 0.14321839080459772
0 0.2505230769230769 0.25817136886102404 0.05952307692307692 0.14699059561128522
0 0.3499230769230769 0.2584848484848485 0.06318461538461538 0.15138975966562174
0 0.8345461538461539 0.2619435736677116 0.05394615384615393 0.14699059561128522
0 0.9800846153846153 0.3866353187042842 0.03982307692307691 0.141337513061651
0 0.4826846153846154 0.38726227795193313 0.05958461538461541 0.1526436781609196
0 0.043169230769230765 0.38757575757575763 0.047130769230769226 0.14321839080459775
0 0.0873230769230769 0.38914315569487984 0.04942307692307691 0.14761755485893416
0 0.5832461538461539 0.3894566353187043 0.05353076923076917 0.14949843260188092
0 0.43529999999999996 0.3897701149425287 0.05821538461538466 0.15012539184952975
0 0.6320153846153846 0.39103448275862074 0.053046153846153875 0.14761755485893416
0 0.9362923076923078 0.3922884012539185 0.053046153846153875 0.141337513061651
0 0.5358538461538461 0.39260188087774295 0.053084615384615376 0.14321839080459764
0 0.6819538461538461 0.39260188087774295 0.05117692307692306 0.14321839080459764
0 0.13633076923076923 0.39322884012539183 0.05402307692307694 0.1419644723092999
0 0.19042307692307694 0.39322884012539183 0.06047692307692308 0.15201671891327065
0 0.3920692307692307 0.39542319749216304 0.055923076923076916 0.14259143155694884
0 0.014615384615384615 0.03970741901776385 0.02923076923076923 0.0794148380355277
0 0.04807692307692308 0.03970741901776385 0.04230769230769231 0.0794148380355277
0 0.7774846153846154 0.3973145245559039 0.05542307692307698 0.1463636363636363
0 0.8868230769230768 0.3973145245559039 0.06139230769230765 0.14510971786833857
0 0.7293384615384615 0.39888192267502615 0.04699999999999993 0.14321839080459764
0 0.28704615384615384 0.39950888192267503 0.06043846153846158 0.14699059561128522
0 0.23826923076923076 0.40107628004179724 0.06276923076923079 0.15138975966562174
0 0.8258 0.4061024033437826 0.05586923076923085 0.1463636363636363
0 0.3383615384615385 0.40735632183908044 0.0650384615384615 0.15012539184952975
0 0.7762923076923076 0.04271682340647858 0.04194615384615383 0.08543364681295716
0 0.17678461538461537 0.04271682340647858 0.03967692307692307 0.08543364681295716
0 0.8613923076923077 0.043657262277951935 0.0419769230769232 0.08731452455590387
0 0.819523076923077 0.04397074190177638 0.045169230769230614 0.08794148380355277
0 0.7314461538461539 0.04459770114942529 0.04289230769230769 0.08919540229885058
0 0.09148461538461539 0.04491118077324974 0.043876923076923084 0.08982236154649947
0 0.13471538461538463 0.04491118077324974 0.03876923076923075 0.08856844305120168
0 0.9446153846153846 0.04493207941483804 0.04153846153846154 0.08986415882967608
0 0.21807692307692308 0.045454545454545456 0.040769230769230766 0.09090909090909091
0 0.6892307692307692 0.045454545454545456 0.04153846153846154 0.09090909090909091
0 0.9023076923076923 0.04648902821316614 0.04057692307692308 0.09296760710553814
0 0.42996923076923077 0.04711598746081505 0.04293846153846149 0.09422152560083596
0 0.6461076923076924 0.048056426332288404 0.04423076923076923 0.09611285266457681
0 0.6017230769230769 0.04836990595611285 0.04333076923076917 0.0967398119122257
0 0.38651538461538465 0.04868338557993731 0.044800000000000006 0.09736677115987462
0 0.5155 0.04899686520376176 0.040123076923076983 0.09673981191222572
0 0.9815384615384616 0.04911180773249739 0.036923076923076927 0.09822361546499478
0 0.26069230769230767 0.04962382445141066 0.044723076923076914 0.09924764890282133
0 0.47319999999999995 0.05025078369905957 0.04337692307692315 0.09924764890282134
0 0.5571076923076923 0.05025078369905957 0.041961538461538425 0.10050156739811913
0 0.3434615384615385 0.05067920585161965 0.04230769230769231 0.1013584117032393
0 0.3007692307692308 0.05172413793103448 0.043076923076923075 0.10344827586206896
0 0.17377692307692308 0.5323615464994775 0.06233076923076925 0.1463636363636363
0 0.5726076923076923 0.5358202716823406 0.045215384615384595 0.1444723092998955
0 0.12223076923076924 0.5367607105538139 0.06003846153846155 0.14384535005224663
0 0.42697692307692314 0.5367607105538139 0.05821538461538466 0.15138975966562168
0 0.4782923076923077 0.5377011494252874 0.05264615384615389 0.1444723092998955
0 0.6209230769230769 0.5377011494252874 0.05119999999999996 0.14573667711598748
0 0.9695846153846154 0.5380146290491118 0.04840769230769218 0.1463636363636363
0 0.5277692307692308 0.5383281086729362 0.04523076923076919 0.1444723092998955
0 0.06998461538461538 0.5389655172413793 0.048969230769230765 0.1444723092998955
0 0.9194153846153846 0.5392789968652038 0.05351538461538474 0.1501253918495298
0 0.024446153846153847 0.5392789968652038 0.04852307692307692 0.14259143155694884
0 0.3758923076923077 0.5392789968652038 0.05777692307692309 0.148871473354232
0 0.6666923076923077 0.5399059561128527 0.0502615384615384 0.148871473354232
0 0.7133923076923077 0.543667711598746 0.05301538461538467 0.1463636363636363
0 0.7622307692307693 0.543667711598746 0.053584615384615446 0.148871473354232
0 0.22255384615384616 0.5439811912225706 0.06184615384615383 0.1444723092998955
0 0.27363846153846155 0.5461859979101359 0.05859230769230766 0.1513897596656218
0 0.8648615384615385 0.5480668756530825 0.060938461538461386 0.148871473354232
0 0.3203384615384615 0.5512121212121212 0.060423076923076885 0.1513897596656218
0 0.8109999999999999 0.5527795193312435 0.05125384615384624 0.1444723092998955
0 0.1582923076923077 0.6809299895506792 0.05447692307692307 0.15201671891327065
0 0.9067000000000001 0.6815569487983281 0.06137692307692305 0.14573667711598748
0 0.3506153846153846 0.6815569487983281 0.05440000000000002 0.14824451410658296
0 0.058199999999999995 0.6818704284221525 0.046661538461538456 0.14259143155694884
0 0.4477769230769231 0.6831243469174504 0.04618461538461536 0.1438453500522467
0 0.5952615384615385 0.6840647857889237 0.04704615384615391 0.1507628004179728
0 0.6461153846153846 0.685005224660397 0.05442307692307692 0.1463636363636363
0 0.9561692307692308 0.6856321839080459 0.057661538461538486 0.14259143155694884
0 0.49863076923076927 0.6856321839080459 0.054484615384615326 0.1513897596656216
0 0.547876923076923 0.6859456635318705 0.045676923076923164 0.1507628004179728
0 0.10627692307692307 0.6862591431556949 0.049415384615384625 0.141337513061651
0 0.017284615384615384 0.6862591431556949 0.034192307692307695 0.14259143155694884
0 0.20729230769230772 0.6875235109717869 0.0526076923076923 0.148871473354232
0 0.7462769230769231 0.6894043887147335 0.04757692307692301 0.14761755485893416
0 0.399 0.6906583072100314 0.052215384615384657 0.14761755485893416
0 0.2549153846153846 0.6919226750261233 0.05536153846153848 0.1463636363636363
0 0.6979 0.6919226750261233 0.05532307692307698 0.14510971786833868
0 0.8486846153846154 0.6947439916405433 0.05539230769230786 0.1482445141065832
0 0.30206923076923076 0.6950574712643678 0.05534615384615388 0.1438453500522467
0 0.7975923076923076 0.6963113897596657 0.06050000000000007 0.14510971786833868
0 0.9811538461538462 0.8275862068965517 0.03769230769230769 0.15256008359456635
0 0.017884615384615384 0.8285475444096133 0.03576923076923077 0.13568443051201662
0 0.8914461538461539 0.8294879832810867 0.061384615384615523 0.1513897596656216
0 0.0575 0.8301149425287356 0.05174615384615383 0.1513897596656216
0 0.9409153846153847 0.8310553814002091 0.06044615384615379 0.1494984326018808
0 0.1569 0.8310553814002091 0.05725384615384616 0.1482445141065832
0 0.35084615384615386 0.8313688610240334 0.050238461538461496 0.148871473354232
0 0.44685384615384616 0.8316823406478578 0.050807692307692276 0.1482445141065832
0 0.10905384615384617 0.8323092998955067 0.05126153846153845 0.14573667711598748
0 0.5948 0.8323092998955067 0.050746153846153864 0.14824451410658296
0 0.20914615384615384 0.8329362591431557 0.04890769230769232 0.1419644723092998
0 0.6431076923076923 0.83324973876698 0.05580769230769227 0.14510971786833868
0 0.49863076923076927 0.8345141065830721 0.05817692307692316 0.14259143155694884
0 0.6937384615384615 0.8345141065830721 0.04053076923076927 0.13756530825496352
0 0.7402692307692308 0.8345141065830721 0.05127692307692314 0.14259143155694884
0 0.2556076923076923 0.8348275862068965 0.048430769230769256 0.1407105538140022
0 0.39853846153846156 0.8354545454545454 0.051284615384615394 0.1407105538140022
0 0.5469461538461539 0.8354545454545454 0.04659999999999995 0.1407105538140022
0 0.2995307692307692 0.8363949843260188 0.053953846153846144 0.14008359456635314
0 0.8396692307692307 0.83858934169279 0.05401538461538446 0.13443051201671902
0 0.7890384615384616 0.8392163009404389 0.051723076923076844 0.13316614420062703