0 0.9073076923076923 0.15517241379310345 0.0823076923076923 0.08359456635318704
0 0.07423076923076923 0.06374085684430512 0.1 0.08568443051201671
0 0.78 0.14890282131661442 0.1753846153846154 0.09508881922675026
0 0.47615384615384615 0.12591431556948798 0.08615384615384615 0.0794148380355277
0 0.3934615384615385 0.12277951933124347 0.08307692307692308 0.07836990595611286
0 0.6080769230769231 0.16300940438871472 0.17307692307692307 0.10553814002089865
0 0.21076923076923076 0.12277951933124347 0.18 0.09717868338557993
0 0.9296153846153846 0.22048066875653083 0.14076923076923076 0.11076280041797283
0 0.06538461538461539 0.13427377220480669 0.08615384615384615 0.08568443051201671
0 0.7396153846153846 0.21525600835945663 0.08538461538461538 0.07732497387669801
0 0.8207692307692308 0.22622779519331243 0.08153846153846153 0.07836990595611286
0 0.6046153846153847 0.03082549634273772 0.1723076923076923 0.06060606060606061
0 0.41846153846153844 0.18861024033437826 0.18 0.09508881922675026
0 0.6592307692307692 0.23667711598746083 0.08307692307692308 0.08672936259143156
0 0.26346153846153847 0.19853709508881923 0.08846153846153847 0.0877742946708464
0 0.5653846153846154 0.23510971786833856 0.08384615384615385 0.08150470219435736
0 0.9765384615384616 0.29728317659352144 0.04692307692307692 0.08463949843260188
0 0.16807692307692307 0.20114942528735633 0.0823076923076923 0.07628004179728318
0 0.9157692307692308 0.30355276907001044 0.08615384615384615 0.08568443051201671
0 0.06615384615384616 0.20689655172413793 0.10153846153846154 0.08672936259143156
0 0.7823076923076923 0.29205851619644724 0.17076923076923076 0.08881922675026123
0 0.22576923076923078 0.015151515151515152 0.18692307692307691 0.030303030303030304
0 0.37615384615384617 0.25914315569487983 0.08307692307692308 0.0741901776384535
0 0.4684615384615385 0.2722048066875653 0.08461538461538462 0.0794148380355277
0 0.6069230769230769 0.31400208986415884 0.18153846153846154 0.0961337513061651
0 0.19846153846153847 0.2659352142110763 0.17153846153846153 0.08986415882967608
0 0.926923076923077 0.36990595611285265 0.14615384615384616 0.1044932079414838
0 0.8138461538461539 0.361546499477534 0.08153846153846153 0.07628004179728318
0 0.7311538461538462 0.35318704284221525 0.08307692307692308 0.07732497387669801
0 0.06576923076923077 0.27951933124346917 0.07615384615384616 0.08359456635318704
0 0.4096153846153846 0.3296760710553814 0.16846153846153847 0.08463949843260188
0 0.8261538461538461 0.07366771159874608 0.07846153846153846 0.08150470219435736
0 0.6330769230769231 0.38662486938349006 0.0823076923076923 0.07836990595611286
0 0.5534615384615384 0.38035527690700105 0.08615384615384615 0.09090909090909091
0 0.9388461538461539 0.08986415882967608 0.12230769230769231 0.08568443051201671
0 0.14846153846153845 0.3375130616509927 0.08153846153846153 0.0794148380355277
0 0.2373076923076923 0.34796238244514105 0.08923076923076922 0.08359456635318704
0 0.9719230769230769 0.438871473354232 0.05615384615384615 0.08568443051201671
0 0.7619230769230769 0.4263322884012539 0.17307692307692307 0.09404388714733543
0 0.8953846153846153 0.44618599791013586 0.08384615384615385 0.0794148380355277
0 0.05423076923076923 0.35318704284221525 0.09692307692307692 0.08359456635318704
0 0.7365384615384616 0.06792058516196448 0.0876923076923077 0.08672936259143156
0 0.4442307692307692 0.4007314524555904 0.08153846153846153 0.07836990595611286
0 0.36615384615384616 0.3955067920585162 0.07923076923076923 0.07523510971786834
0 0.1976923076923077 0.40177638453500525 0.17692307692307693 0.10031347962382445
0 0.09884615384615385 0.01671891327063741 0.0823076923076923 0.03343782654127482
0 0.5857692307692308 0.45454545454545453 0.1823076923076923 0.1013584117032393
0 0.7157692307692308 0.48589341692789967 0.08307692307692308 0.07836990595611286
0 0.9230769230769231 0.5151515151515151 0.15384615384615385 0.09404388714733543
0 0.7984615384615384 0.5041797283176593 0.08384615384615385 0.07628004179728318
0 0.3942307692307692 0.4592476489028213 0.17153846153846153 0.08254963427377221
0 0.06 0.4263322884012539 0.07769230769230769 0.0794148380355277
0 0.14884615384615385 0.47335423197492166 0.08384615384615385 0.07732497387669801
0 0.25038461538461537 0.4864158829676071 0.08538461538461538 0.08568443051201671
0 0.5707692307692308 0.5287356321839081 0.16923076923076924 0.1013584117032393
0 0.7380769230769231 0.5595611285266457 0.16230769230769232 0.08986415882967608
0 0.43423076923076925 0.5297805642633229 0.07769230769230769 0.07732497387669801
0 0.945 0.5903866248693835 0.07769230769230769 0.07523510971786834
0 0.8665384615384616 0.5830721003134797 0.08692307692307692 0.08150470219435736
0 0.047692307692307694 0.48746081504702193 0.09538461538461539 0.07628004179728318
0 0.355 0.5282131661442007 0.08461538461538462 0.08254963427377221
0 0.4246153846153846 0.04911180773249739 0.18153846153846154 0.09822361546499478
0 0.5615384615384615 0.5882967607105538 0.1723076923076923 0.08986415882967608
0 0.19846153846153847 0.5517241379310345 0.17307692307692307 0.09090909090909091
0 0.686923076923077 0.6170323928944619 0.07769230769230769 0.07836990595611286
0 0.7669230769230769 0.6316614420062696 0.08307692307692308 0.07628004179728318
0 0.8892307692307693 0.6525600835945663 0.16846153846153847 0.0877742946708464
0 0.031153846153846153 0.5512016718913271 0.06230769230769231 0.07628004179728318
0 0.37538461538461537 0.5961337513061651 0.16846153846153847 0.0961337513061651
0 0.11538461538461539 0.5841170323928945 0.08153846153846153 0.109717868338558
0 0.49230769230769234 0.6400208986415883 0.08461538461538462 0.09090909090909091
0 0.21307692307692308 0.6191222570532915 0.08307692307692308 0.07523510971786834
0 0.5903846153846154 0.6656217345872518 0.08153846153846153 0.07105538140020899
0 0.7076923076923077 0.6891327063740856 0.16230769230769232 0.0877742946708464
0 0.9265384615384615 0.7189132706374086 0.08384615384615385 0.07628004179728318
0 0.03346153846153846 0.6212121212121212 0.06692307692307692 0.0741901776384535
0 0.8392307692307692 0.7210031347962382 0.0823076923076923 0.08150470219435736
0 0.3261538461538461 0.6656217345872518 0.0823076923076923 0.0794148380355277
0 0.41 0.6781609195402298 0.0823076923076923 0.07628004179728318
0 0.5326923076923077 0.7089864158829676 0.16923076923076924 0.09404388714733543
0 0.14692307692307693 0.6781609195402298 0.16692307692307692 0.09090909090909091
0 0.7453846153846154 0.7607105538140021 0.08846153846153847 0.07836990595611286
0 0.6511538461538462 0.7554858934169278 0.08615384615384615 0.08254963427377221
0 0.8676923076923077 0.7852664576802508 0.1646153846153846 0.09717868338557993
0 0.026923076923076925 0.6865203761755486 0.05384615384615385 0.06896551724137931
0 0.3503846153846154 0.7371995820271683 0.17692307692307693 0.0961337513061651
0 0.4846153846153846 0.7612330198537095 0.08461538461538462 0.07732497387669801
0 0.5634615384615385 0.7847439916405433 0.0823076923076923 0.08881922675026123
0 0.6365384615384615 0.09404388714733543 0.08307692307692308 0.0794148380355277
0 0.20346153846153847 0.7533960292580982 0.08307692307692308 0.06792058516196448
0 0.10807692307692307 0.7439916405433646 0.08692307692307692 0.07523510971786834
0 0.8869230769230769 0.8495297805642633 0.08076923076923077 0.0794148380355277
0 0.6861538461538461 0.8301985370950888 0.17 0.09299895506792058
0 0.028846153846153848 0.7533960292580982 0.057692307692307696 0.07732497387669801
0 0.8107692307692308 0.8479623824451411 0.08076923076923077 0.0741901776384535
0 0.3942307692307692 0.8108672936259144 0.08384615384615385 0.07001044932079414
0 0.555 0.08829676071055381 0.08307692307692308 0.07732497387669801
0 0.31423076923076926 0.8077324973876698 0.08153846153846153 0.07628004179728318
0 0.5165384615384615 0.8380355276907001 0.17 0.1044932079414838
0 0.14076923076923076 0.8098223615464994 0.17461538461538462 0.08672936259143156
0 0.8776923076923077 0.9132706374085684 0.08 0.07105538140020899
0 0.028076923076923076 0.8160919540229885 0.05615384615384615 0.07523510971786834
0 0.801923076923077 0.912748171368861 0.07923076923076923 0.07001044932079414
0 0.7234615384615385 0.9038662486938349 0.07923076923076923 0.06687565308254964
0 0.6373076923076924 0.8939393939393939 0.08 0.06687565308254964
0 0.26461538461538464 0.05903866248693835 0.08153846153846153 0.07836990595611286
0 0.34423076923076923 0.864158829676071 0.16538461538461538 0.06792058516196448
0 0.17307692307692307 0.050156739811912224 0.0876923076923077 0.08463949843260188
0 0.9746153846153847 0.14994775339602925 0.05076923076923077 0.07628004179728318