0 0.5873076923076923 0.10292580982236155 0.1176923076923077 0.055381400208986416
0 0.865 0.09665621734587251 0.13923076923076924 0.06060606060606061
0 0.7230769230769231 0.1013584117032393 0.14461538461538462 0.06165099268547544
0 0.29115384615384615 0.11285266457680251 0.12846153846153846 0.06060606060606061
0 0.8780769230769231 0.14315569487983282 0.15307692307692308 0.07523510971786834
0 0.4280769230769231 0.1614420062695925 0.15076923076923077 0.07314524555903866
0 0.2792307692307692 0.16666666666666666 0.14923076923076922 0.07314524555903866
0 0.5776923076923077 0.15987460815047022 0.14692307692307693 0.07210031347962383
0 0.7276923076923076 0.1562173458725183 0.1476923076923077 0.07105538140020899
0 0.13115384615384615 0.1724137931034483 0.14461538461538462 0.06896551724137931
0 0.8753846153846154 0.2089864158829676 0.15153846153846154 0.06792058516196448
0 0.43038461538461537 0.22413793103448276 0.14846153846153845 0.06896551724137931
0 0.5803846153846154 0.22100313479623823 0.14615384615384616 0.06792058516196448
0 0.7265384615384616 0.2199582027168234 0.1453846153846154 0.06687565308254964
0 0.2815384615384615 0.23145245559038663 0.1453846153846154 0.06687565308254964
0 0.13346153846153846 0.23510971786833856 0.14461538461538462 0.06478578892371996
0 0.8761538461538462 0.26802507836990597 0.15 0.06896551724137931
0 0.5811538461538461 0.28160919540229884 0.1453846153846154 0.06687565308254964
0 0.4338461538461538 0.2852664576802508 0.1476923076923077 0.06687565308254964
0 0.7276923076923076 0.2800417972831766 0.1453846153846154 0.07001044932079414
0 0.13307692307692306 0.296760710553814 0.14846153846153845 0.06478578892371996
0 0.28192307692307694 0.29310344827586204 0.1423076923076923 0.06374085684430512
0 0.8753846153846154 0.33176593521421105 0.15076923076923077 0.06478578892371996
0 0.4126923076923077 0.03709508881922675 0.06076923076923077 0.07105538140020899
0 0.57 0.3443051201671891 0.14615384615384616 0.06478578892371996
0 0.42 0.34796238244514105 0.14923076923076922 0.06687565308254964
0 0.7188461538461538 0.34117032392894464 0.14615384615384616 0.06583072100313479
0 0.13 0.3557993730407524 0.15153846153846154 0.06478578892371996
0 0.2746153846153846 0.3542319749216301 0.13076923076923078 0.06060606060606061
0 0.8661538461538462 0.3939393939393939 0.14615384615384616 0.06478578892371996
0 0.11423076923076923 0.4158829676071055 0.14076923076923076 0.06165099268547544
0 0.5615384615384615 0.4054336468129572 0.14461538461538462 0.06269592476489028
0 0.7165384615384616 0.40177638453500525 0.14923076923076922 0.06478578892371996
0 0.2603846153846154 0.41274817136886105 0.14076923076923076 0.06269592476489028
0 0.40884615384615386 0.4101358411703239 0.14846153846153845 0.06583072100313479
0 0.8676923076923077 0.4561128526645768 0.15 0.06478578892371996
0 0.2676923076923077 0.4728317659352142 0.13692307692307693 0.06478578892371996
0 0.12153846153846154 0.47648902821316613 0.14615384615384616 0.06478578892371996
0 0.5638461538461539 0.4665621734587252 0.14615384615384616 0.06478578892371996
0 0.7161538461538461 0.46394984326018807 0.14923076923076922 0.06478578892371996
0 0.4153846153846154 0.47335423197492166 0.14692307692307693 0.06478578892371996
0 0.875 0.04336468129571578 0.13153846153846155 0.07210031347962383
0 0.8784615384615385 0.5146290491118077 0.14692307692307693 0.06792058516196448
0 0.5826923076923077 0.5261233019853709 0.1453846153846154 0.06792058516196448
0 0.2919230769230769 0.5329153605015674 0.14 0.06583072100313479
0 0.14038461538461539 0.5370950888192267 0.14692307692307693 0.06583072100313479
0 0.7303846153846154 0.5245559038662487 0.14692307692307693 0.07001044932079414
0 0.43615384615384617 0.5318704284221526 0.1453846153846154 0.06896551724137931
0 0.25384615384615383 0.05903866248693835 0.057692307692307696 0.05747126436781609
0 0.7073076923076923 0.05172413793103448 0.14 0.06792058516196448
0 0.575 0.055381400208986416 0.12307692307692308 0.06478578892371996
0 0.8792307692307693 0.577324973876698 0.14692307692307693 0.06583072100313479
0 0.1476923076923077 0.5971786833855799 0.15 0.06792058516196448
0 0.5907692307692308 0.587251828631139 0.1453846153846154 0.07105538140020899
0 0.2976923076923077 0.5950888192267503 0.13923076923076924 0.06583072100313479
0 0.4423076923076923 0.5929989550679206 0.14846153846153845 0.07105538140020899
0 0.7369230769230769 0.5877742946708464 0.1376923076923077 0.06583072100313479
0 0.13846153846153847 0.6577847439916406 0.15307692307692308 0.07210031347962383
0 0.8784615384615385 0.6405433646812957 0.14692307692307693 0.07001044932079414
0 0.2903846153846154 0.6562173458725182 0.14307692307692307 0.07105538140020899
0 0.583076923076923 0.6494252873563219 0.14692307692307693 0.07314524555903866
0 0.7311538461538462 0.6478578892371996 0.1476923076923077 0.0741901776384535
0 0.435 0.6562173458725182 0.1453846153846154 0.07314524555903866
0 0.8815384615384615 0.700626959247649 0.14846153846153845 0.07105538140020899
0 0.285 0.7163009404388715 0.13923076923076924 0.06478578892371996
0 0.13423076923076924 0.7204806687565308 0.1523076923076923 0.0741901776384535
0 0.5823076923076923 0.7126436781609196 0.1453846153846154 0.06896551724137931
0 0.7330769230769231 0.7110762800417972 0.1453846153846154 0.07001044932079414
0 0.42923076923076925 0.7189132706374086 0.14692307692307693 0.0741901776384535
0 0.8815384615384615 0.7601880877742947 0.1523076923076923 0.07628004179728318
0 0.28384615384615386 0.7758620689655172 0.13692307692307693 0.06583072100313479
0 0.13923076923076924 0.7800417972831766 0.14461538461538462 0.07105538140020899
0 0.5742307692307692 0.7711598746081505 0.14615384615384616 0.07523510971786834
0 0.7242307692307692 0.7690700104493208 0.1453846153846154 0.07523510971786834
0 0.42423076923076924 0.7831765935214211 0.14692307692307693 0.07105538140020899
0 0.8730769230769231 0.8187042842215256 0.15 0.08463949843260188
0 0.28192307692307694 0.832810867293626 0.14153846153846153 0.07314524555903866
0 0.13230769230769232 0.8396029258098223 0.15307692307692308 0.07523510971786834
0 0.5784615384615385 0.8333333333333334 0.1453846153846154 0.07314524555903866
0 0.725 0.8312434691745036 0.1453846153846154 0.07523510971786834
0 0.4276923076923077 0.8406478578892372 0.14461538461538462 0.07001044932079414
0 0.13076923076923078 0.8887147335423198 0.15615384615384614 0.05329153605015674
0 0.5761538461538461 0.8782654127481714 0.15076923076923077 0.0522466039707419
0 0.28076923076923077 0.8855799373040752 0.13846153846153847 0.05642633228840126
0 0.7280769230769231 0.8751306165099269 0.14846153846153845 0.05329153605015674
0 0.8765384615384615 0.8719958202716823 0.1453846153846154 0.0522466039707419
0 0.42346153846153844 0.8855799373040752 0.14692307692307693 0.04911180773249739
0 0.14384615384615385 0.10919540229885058 0.15923076923076923 0.07210031347962383
0 0.43846153846153846 0.10397074190177638 0.14615384615384616 0.0741901776384535