0 0.6761538461538461 0.11650992685475445 0.14692307692307693 0.11598746081504702
0 0.8238461538461539 0.12121212121212122 0.1453846153846154 0.11285266457680251
0 0.9476923076923077 0.12852664576802508 0.10461538461538461 0.10658307210031348
0 0.43576923076923074 0.12121212121212122 0.3130769230769231 0.12852664576802508
0 0.0673076923076923 0.12121212121212122 0.12615384615384614 0.11076280041797283
0 0.20461538461538462 0.12643678160919541 0.14384615384615385 0.11285266457680251
0 0.8784615384615385 0.23249738766980146 0.24307692307692308 0.1180773249738767
0 0.6023076923076923 0.22727272727272727 0.30846153846153845 0.12330198537095088
0 0.2923076923076923 0.23563218390804597 0.31846153846153846 0.12016718913270637
0 0.06961538461538462 0.2309299895506792 0.13230769230769232 0.11598746081504702
0 0.8776923076923077 0.03918495297805643 0.24461538461538462 0.06792058516196448
0 0.5996153846153847 0.03396029258098224 0.30846153846153845 0.06792058516196448
0 0.9484615384615385 0.3406478578892372 0.10307692307692308 0.1044932079414838
0 0.7438461538461538 0.3380355276907001 0.3069230769230769 0.11076280041797283
0 0.5142307692307693 0.34117032392894464 0.1453846153846154 0.1180773249738767
0 0.36653846153846154 0.3463949843260188 0.14615384615384616 0.109717868338558
0 0.14615384615384616 0.3448275862068966 0.29 0.11180773249738767
0 0.06653846153846153 0.034482758620689655 0.12076923076923077 0.06896551724137931
0 0.2853846153846154 0.03918495297805643 0.3123076923076923 0.07836990595611286
0 0.8653846153846154 0.4482758620689655 0.2692307692307692 0.11912225705329153
0 0.655 0.4477533960292581 0.14615384615384616 0.12016718913270637
0 0.425 0.45193312434691746 0.3076923076923077 0.12539184952978055
0 0.17884615384615385 0.45245559038662486 0.14384615384615385 0.10762800417972831
0 0.04423076923076923 0.455067920585162 0.08846153846153847 0.11076280041797283
0 0.945 0.5611285266457681 0.11 0.11389759665621735
0 0.7330769230769231 0.5611285266457681 0.3130769230769231 0.1180773249738767
0 0.5023076923076923 0.5574712643678161 0.1453846153846154 0.11285266457680251
0 0.1346153846153846 0.5616509926854755 0.2692307692307692 0.12016718913270637
0 0.35307692307692307 0.567398119122257 0.1453846153846154 0.11076280041797283
0 0.5838461538461538 0.6677115987460815 0.30846153846153845 0.12225705329153605
0 0.8184615384615385 0.6745036572622779 0.15307692307692308 0.11703239289446186
0 0.945 0.677115987460815 0.10692307692307693 0.11076280041797283
0 0.27384615384615385 0.6729362591431557 0.3069230769230769 0.11912225705329153
0 0.052307692307692305 0.6760710553814002 0.10461538461538461 0.11285266457680251
0 0.7942307692307692 0.7816091954022989 0.14846153846153845 0.11494252873563218
0 0.933076923076923 0.7852664576802508 0.1276923076923077 0.11180773249738767
0 0.6480769230769231 0.7784743991640544 0.14461538461538462 0.1044932079414838
0 0.5023076923076923 0.777951933124347 0.1453846153846154 0.11285266457680251
0 0.3546153846153846 0.7816091954022989 0.14846153846153845 0.11180773249738767
0 0.19576923076923078 0.7831765935214211 0.1423076923076923 0.11285266457680251
0 0.061153846153846156 0.7826541274817137 0.12230769230769231 0.11285266457680251
0 0.7334615384615385 0.8719958202716823 0.3030769230769231 0.08672936259143156
0 0.9407692307692308 0.8782654127481714 0.11 0.0741901776384535
0 0.42923076923076925 0.8667711598746082 0.30153846153846153 0.08254963427377221
0 0.13846153846153847 0.8667711598746082 0.27692307692307694 0.06792058516196448