0 0.06242307692307693 0.2454396984924623 0.12350000000000001 0.1453015075376884
0 0.5043692307692307 0.24662060301507538 0.2533076923076923 0.14923366834170856
0 0.7628615384615385 0.2501507537688442 0.2509076923076923 0.15629396984924618
0 0.25066923076923076 0.25251256281407036 0.24414615384615385 0.14216080402010045
0 0.9456692307692307 0.2595854271356784 0.10866153846153863 0.1500125628140703
0 0.03382307692307692 0.38878140703517594 0.0663076923076923 0.1413819095477387
0 0.12903846153846155 0.39428391959799 0.12014615384615385 0.14295226130653263
0 0.3730538461538462 0.39467336683417087 0.12341538461538466 0.14373115577889442
0 0.2506846153846154 0.39663316582914576 0.11913846153846154 0.14295226130653263
0 0.6260384615384615 0.3989949748743719 0.12057692307692308 0.14295226130653263
0 0.5019923076923077 0.3993844221105528 0.11966923076923072 0.14059045226130648
0 0.7518230769230769 0.40056532663316585 0.11821538461538467 0.1492336683417085
0 0.8737076923076923 0.40606783919597994 0.11864615384615403 0.1445226130653266
0 0.9675461538461538 0.4076381909547739 0.06489999999999992 0.1445226130653266
0 0.06555384615384616 0.5372236180904523 0.12976153846153846 0.1492336683417085
0 0.2586076923076923 0.5435050251256281 0.24654615384615383 0.14138190954773866
0 0.5096692307692308 0.5446859296482413 0.24852307692307687 0.14844221105527633
0 0.7688692307692307 0.5525376884422111 0.2552153846153847 0.1547236180904522
0 0.948076923076923 0.5521356783919598 0.10384615384615385 0.14195979899497488
0 0.039846153846153844 0.6880276381909547 0.07931538461538461 0.1492336683417085
0 0.14081538461538462 0.6919597989949748 0.11485384615384618 0.14766331658291454
0 0.6332923076923077 0.6927386934673366 0.1177615384615384 0.1445226130653266
0 0.26174615384615385 0.6935301507537688 0.12009230769230769 0.15237437185929645
0 0.3851307692307692 0.6943090452261306 0.11774615384615389 0.15080402010050248
0 0.5079769230769231 0.6958793969849246 0.12106153846153837 0.14766331658291454
0 0.7554153846153846 0.6986306532663317 0.11674615384615383 0.14687185929648244
0 0.9689923076923077 0.7021608040201005 0.062015384615384535 0.1492336683417085
0 0.8785076923076922 0.7025628140703518 0.11380769230769217 0.14687185929648244
0 0.06364615384615384 0.8262562814070352 0.1269076923076923 0.11938442211055272
0 0.2569230769230769 0.8274371859296482 0.2518384615384615 0.11859296482412071
0 0.7638153846153847 0.8290075376884422 0.2499307692307692 0.11859296482412071
0 0.9456692307692307 0.8317587939698493 0.10866153846153863 0.10839195979899494
0 0.7578307692307693 0.09385678391959798 0.12253076923076929 0.15001256281407035
0 0.5065461538461539 0.09424623115577889 0.11916153846153853 0.14923366834170854
0 0.3836923076923077 0.09503768844221107 0.11680769230769232 0.14609296482412062
0 0.633 0.09699748743718592 0.12103076923076916 0.1421608040201005
0 0.04237692307692308 0.09856783919597989 0.08475384615384617 0.14059045226130654
0 0.1444076923076923 0.1000502512562814 0.11563076923076923 0.1397361809045226
0 0.261 0.10013819095477386 0.11861538461538457 0.13902010050251257
0 0.8809153846153847 0.10170854271356783 0.120553846153846 0.1531532663316583
0 0.9723076923076923 0.1092964824120603 0.055384615384615386 0.1457286432160804