0 0.6711538461538461 0.11233019853709508 0.1453846153846154 0.11285266457680251
0 0.8188461538461539 0.11389759665621735 0.14384615384615385 0.109717868338558
0 0.9457692307692308 0.1180773249738767 0.10846153846153846 0.10344827586206896
0 0.4307692307692308 0.12277951933124347 0.31153846153846154 0.12121212121212122
0 0.06269230769230769 0.13166144200626959 0.12461538461538461 0.10762800417972831
0 0.2 0.13322884012539185 0.1423076923076923 0.109717868338558
0 0.8773076923076923 0.22413793103448276 0.2453846153846154 0.11285266457680251
0 0.5988461538461538 0.2251828631138976 0.3069230769230769 0.11598746081504702
0 0.28884615384615386 0.24085684430512017 0.3169230769230769 0.11285266457680251
0 0.06615384615384616 0.2413793103448276 0.13153846153846155 0.11285266457680251
0 0.875 0.03082549634273772 0.25 0.06165099268547544
0 0.5942307692307692 0.03134796238244514 0.3076923076923077 0.06269592476489028
0 0.948076923076923 0.33019853709508884 0.10384615384615385 0.10240334378265413
0 0.7415384615384616 0.3322884012539185 0.30538461538461537 0.10344827586206896
0 0.5123076923076924 0.3406478578892372 0.14384615384615385 0.11389759665621735
0 0.3646153846153846 0.3500522466039707 0.1453846153846154 0.10658307210031348
0 0.14423076923076922 0.35318704284221525 0.28846153846153844 0.10553814002089865
0 0.06076923076923077 0.03918495297805643 0.12 0.07836990595611286
0 0.2796153846153846 0.04075235109717868 0.31153846153846154 0.0794148380355277
0 0.8657692307692307 0.4399164054336468 0.2684615384615385 0.11285266457680251
0 0.6542307692307693 0.4440961337513062 0.14461538461538462 0.11703239289446186
0 0.4246153846153846 0.4535005224660397 0.30615384615384617 0.1180773249738767
0 0.17846153846153845 0.45977011494252873 0.14307692307692307 0.1044932079414838
0 0.04346153846153846 0.4660397074190178 0.08692307692307692 0.10867293625914315
0 0.9457692307692308 0.5506792058516197 0.10846153846153846 0.11076280041797283
0 0.7338461538461538 0.5553814002089864 0.3123076923076923 0.11076280041797283
0 0.5030769230769231 0.5574712643678161 0.14384615384615385 0.10867293625914315
0 0.135 0.5705329153605015 0.27 0.11389759665621735
0 0.35423076923076924 0.571055381400209 0.14384615384615385 0.10762800417972831
0 0.5861538461538461 0.6656217345872518 0.3069230769230769 0.11494252873563218
0 0.8203846153846154 0.6666666666666666 0.15153846153846154 0.11285266457680251
0 0.9473076923076923 0.6666666666666666 0.10538461538461538 0.10867293625914315
0 0.27576923076923077 0.6786833855799373 0.30538461538461537 0.11180773249738767
0 0.05307692307692308 0.687042842215256 0.10615384615384615 0.11076280041797283
0 0.7980769230769231 0.774294670846395 0.14692307692307693 0.11180773249738767
0 0.936923076923077 0.7753396029258098 0.12615384615384614 0.10867293625914315
0 0.6515384615384615 0.7753396029258098 0.14384615384615385 0.1013584117032393
0 0.5057692307692307 0.777951933124347 0.14384615384615385 0.109717868338558
0 0.35846153846153844 0.7852664576802508 0.14692307692307693 0.10867293625914315
0 0.1996153846153846 0.7899686520376176 0.14076923076923076 0.10867293625914315
0 0.06269230769230769 0.7931034482758621 0.12538461538461537 0.109717868338558
0 0.7384615384615385 0.8662486938349008 0.30153846153846153 0.0794148380355277
0 0.9453846153846154 0.867816091954023 0.10923076923076923 0.07210031347962383
0 0.4338461538461538 0.8683385579937304 0.3007692307692308 0.07523510971786834
0 0.14115384615384616 0.8756530825496343 0.28076923076923077 0.06165099268547544