0 0.06538461538461539 0.23304020100502512 0.12538461538461537 0.14824120603015076
0 0.5069230769230769 0.24685929648241206 0.25461538461538463 0.157035175879397
0 0.7653846153846153 0.25753768844221103 0.2523076923076923 0.16331658291457288
0 0.25346153846153846 0.24560301507537688 0.2453846153846154 0.14949748743718594
0 0.9465384615384616 0.27261306532663315 0.10692307692307693 0.15326633165829145
0 0.035 0.3756281407035176 0.06769230769230769 0.14321608040201006
0 0.13038461538461538 0.38379396984924624 0.12153846153846154 0.1457286432160804
0 0.37423076923076926 0.3913316582914573 0.12461538461538461 0.14698492462311558
0 0.2519230769230769 0.38944723618090454 0.12076923076923077 0.1457286432160804
0 0.6269230769230769 0.4026381909547739 0.12230769230769231 0.14698492462311558
0 0.5030769230769231 0.39949748743718594 0.12076923076923077 0.1444723618090452
0 0.7526923076923077 0.40766331658291455 0.12 0.15201005025125627
0 0.8746153846153846 0.4164572864321608 0.12 0.14824120603015076
0 0.9676923076923077 0.42085427135678394 0.06461538461538462 0.1457286432160804
0 0.06538461538461539 0.5251256281407035 0.13076923076923078 0.15326633165829145
0 0.2580769230769231 0.5364321608040201 0.24769230769230768 0.14824120603015076
0 0.5092307692307693 0.5452261306532663 0.25 0.15577889447236182
0 0.7680769230769231 0.5603015075376885 0.2569230769230769 0.1620603015075377
0 0.9473076923076923 0.5646984924623115 0.10538461538461538 0.1444723618090452
0 0.03923076923076923 0.6739949748743719 0.07846153846153846 0.15201005025125627
0 0.13884615384615384 0.6815326633165829 0.11615384615384615 0.1507537688442211
0 0.6311538461538462 0.696608040201005 0.11923076923076924 0.14824120603015076
0 0.25961538461538464 0.6865577889447236 0.12153846153846154 0.15577889447236182
0 0.3830769230769231 0.6909547738693468 0.11923076923076924 0.15452261306532664
0 0.5057692307692307 0.6959798994974874 0.12230769230769231 0.1507537688442211
0 0.7530769230769231 0.7060301507537688 0.11846153846153847 0.1507537688442211
0 0.9669230769230769 0.7154522613065326 0.06384615384615384 0.1507537688442211
0 0.8761538461538462 0.7135678391959799 0.11538461538461539 0.14949748743718594
0 0.06230769230769231 0.8140703517587939 0.12461538461538461 0.12311557788944724
0 0.25346153846153846 0.8203517587939698 0.2530769230769231 0.12562814070351758
0 0.7603846153846154 0.8366834170854272 0.25153846153846154 0.12562814070351758
0 0.941923076923077 0.8442211055276382 0.11 0.11180904522613065
0 0.7623076923076924 0.10113065326633165 0.12384615384615384 0.15326633165829145
0 0.5107692307692308 0.0942211055276382 0.12076923076923077 0.15201005025125627
0 0.3880769230769231 0.09170854271356783 0.11846153846153847 0.14949748743718594
0 0.6373076923076924 0.10113065326633165 0.12230769230769231 0.1457286432160804
0 0.04692307692307692 0.08542713567839195 0.08615384615384615 0.14321608040201006
0 0.14884615384615385 0.08982412060301508 0.11692307692307692 0.14321608040201006
0 0.2653846153846154 0.0935929648241206 0.12 0.14195979899497488
0 0.885 0.11243718592964824 0.12230769230769231 0.157035175879397
0 0.9738461538461538 0.12248743718592965 0.052307692307692305 0.14698492462311558