0 0.6712769230769231 0.11236154649947754 0.1456461538461538 0.11236154649947755
0 0.8188923076923077 0.11366771159874609 0.14366153846153853 0.10974921630094045
0 0.9456692307692307 0.11792058516196446 0.10866153846153863 0.10387669801462907
0 0.4307692307692308 0.12268547544409614 0.3118461538461539 0.12076280041797283
0 0.06266923076923077 0.1316405433646813 0.12495384615384615 0.10779519331243469
0 0.19993846153846154 0.13327063740856845 0.14268461538461538 0.10974921630094044
0 0.8771384615384615 0.22407523510971786 0.24572307692307696 0.11236154649947751
0 0.5988692307692307 0.22505747126436781 0.30668461538461544 0.11563218390804594
0 0.28890000000000005 0.24073145245559038 0.31675384615384616 0.11301985370950884
0 0.06627692307692308 0.24138975966562173 0.1312 0.11301985370950884
0 0.8751076923076924 0.030835945663531872 0.24978461538461533 0.061671891327063744
0 0.5940846153846153 0.03114942528735632 0.30781538461538466 0.06229885057471264
0 0.948076923076923 0.33019853709508884 0.10384615384615385 0.10240334378265413
0 0.7417 0.33219435736677116 0.3057307692307692 0.10387669801462901
0 0.5123384615384615 0.34068965517241384 0.14420769230769234 0.1143260188087774
0 0.36464615384615384 0.3498328108672936 0.14506923076923078 0.10648902821316611
0 0.1444 0.3531034482758621 0.2884076923076923 0.10518286311389756
0 0.060746153846153846 0.039195402298850573 0.12014615384615385 0.07839080459770115
0 0.27952307692307693 0.04050156739811912 0.31146923076923083 0.0796969696969697
0 0.8655923076923077 0.43966562173458723 0.26880769230769225 0.11236154649947751
0 0.6544153846153846 0.4439080459770115 0.1446230769230769 0.1169383490073145
0 0.4245307692307692 0.4537095088819227 0.30619999999999997 0.11824451410658304
0 0.1783076923076923 0.4599164054336468 0.14270769230769229 0.10452455590386622
0 0.043592307692307694 0.46612330198537094 0.08718461538461539 0.10910135841170321
0 0.9456692307692307 0.5507210031347962 0.10866153846153863 0.11105538140020896
0 0.7337692307692308 0.5556217345872518 0.3119846153846154 0.11040752351097181
0 0.5031615384615384 0.5575757575757576 0.14413846153846144 0.10910135841170326
0 0.1350230769230769 0.5703134796238244 0.26966153846153845 0.11366771159874606
0 0.35410769230769223 0.5709717868338557 0.1442 0.10713688610240331
0 0.586123076923077 0.665694879832811 0.30716153846153843 0.11497387669801461
0 0.8205692307692308 0.6666771159874608 0.15182307692307684 0.11301985370950897
0 0.9473076923076923 0.6666666666666666 0.10538461538461538 0.10867293625914315
0 0.27592307692307694 0.6784326018808777 0.3052307692307693 0.11171368861024042
0 0.05296923076923077 0.6869278996865203 0.10593846153846154 0.11040752351097187
0 0.7979692307692307 0.7744723092998954 0.147023076923077 0.11171368861024042
0 0.9367692307692307 0.7751201671891327 0.12646153846153854 0.10910135841170332
0 0.6515307692307692 0.7751201671891327 0.14365384615384616 0.10126436781609204
0 0.5058384615384616 0.7780668756530825 0.14371538461538455 0.10974921630094041
0 0.3584 0.7852455590386626 0.1470076923076923 0.10844305120167186
0 0.19946923076923076 0.7901462904911181 0.14078461538461537 0.10910135841170332
0 0.06282307692307693 0.7930929989550679 0.12564615384615385 0.10974921630094041
0 0.7383307692307692 0.8662591431556949 0.30186923076923083 0.07969696969696968
0 0.9453846153846154 0.867816091954023 0.10923076923076923 0.07210031347962383
0 0.4339076923076923 0.8685475444096135 0.3009076923076924 0.07513061650992695
0 0.14103846153846153 0.8754022988505747 0.28073076923076923 0.061410658307210014