0 0.05923076923076923 0.28266331658291455 0.11846153846153847 0.15577889447236182
0 0.49615384615384617 0.24685929648241206 0.25769230769230766 0.1708542713567839
0 0.7546153846153846 0.22801507537688442 0.2553846153846154 0.1771356783919598
0 0.24307692307692308 0.27386934673366836 0.24846153846153846 0.16331658291457288
0 0.9373076923076923 0.22173366834170855 0.11307692307692307 0.15954773869346733
0 0.03307692307692308 0.42902010050251255 0.06615384615384616 0.14698492462311558
0 0.12615384615384614 0.4258793969849246 0.12461538461538461 0.15326633165829145
0 0.37 0.4057788944723618 0.1276923076923077 0.15452261306532664
0 0.24769230769230768 0.4183417085427136 0.12384615384615384 0.15326633165829145
0 0.6226923076923077 0.38819095477386933 0.12461538461538461 0.15326633165829145
0 0.49884615384615383 0.39949748743718594 0.12384615384615384 0.1507537688442211
0 0.7484615384615385 0.3793969849246231 0.12307692307692308 0.15954773869346733
0 0.87 0.3743718592964824 0.12307692307692308 0.15452261306532664
0 0.9638461538461538 0.36809045226130654 0.06923076923076923 0.14949748743718594
0 0.0673076923076923 0.5741206030150754 0.1346153846153846 0.15954773869346733
0 0.2603846153846154 0.5640703517587939 0.25076923076923074 0.1620603015075377
0 0.5111538461538462 0.5439698492462312 0.2530769230769231 0.16959798994974876
0 0.77 0.5295226130653267 0.26 0.17587939698492464
0 0.9473076923076923 0.5138190954773869 0.10538461538461538 0.1507537688442211
0 0.046538461538461535 0.7273869346733668 0.08384615384615385 0.15577889447236182
0 0.1473076923076923 0.7223618090452262 0.11923076923076924 0.157035175879397
0 0.6392307692307693 0.6809045226130653 0.12230769230769231 0.15452261306532664
0 0.2684615384615385 0.7135678391959799 0.12461538461538461 0.1620603015075377
0 0.39153846153846156 0.7041457286432161 0.12230769230769231 0.16080402010050251
0 0.5142307692307693 0.6947236180904522 0.12538461538461537 0.15829145728643215
0 0.7615384615384615 0.6765075376884422 0.12153846153846154 0.157035175879397
0 0.9707692307692307 0.6614321608040201 0.05846153846153846 0.15452261306532664
0 0.8846153846153846 0.6702261306532663 0.11846153846153847 0.15577889447236182
0 0.07461538461538461 0.8630653266331658 0.13076923076923078 0.1306532663316583
0 0.2676923076923077 0.8479899497487438 0.2553846153846154 0.13944723618090452
0 0.7738461538461539 0.8059045226130653 0.2530769230769231 0.13944723618090452
0 0.9496153846153846 0.792713567839196 0.10076923076923076 0.11809045226130653
0 0.7442307692307693 0.07600502512562814 0.12692307692307692 0.15201005025125627
0 0.49346153846153845 0.0942211055276382 0.12384615384615384 0.15954773869346733
0 0.3707692307692308 0.10552763819095477 0.12153846153846154 0.15577889447236182
0 0.62 0.08605527638190955 0.12538461538461537 0.15201005025125627
0 0.037307692307692306 0.13819095477386933 0.07461538461538461 0.14824120603015076
0 0.13192307692307692 0.13128140703517588 0.12 0.14949748743718594
0 0.24846153846153846 0.12123115577889447 0.12307692307692308 0.14949748743718594
0 0.8673076923076923 0.07537688442211055 0.12538461538461537 0.1507537688442211
0 0.9592307692307692 0.0722361809045226 0.06 0.1444723618090452