0 0.4363827549947424 0.07961538461538462 0.0935856992639327 0.1
0 0.5168243953732913 0.07615384615384616 0.09674027339642481 0.10153846153846154
0 0.7476340694006309 0.7838461538461539 0.0904311251314406 0.09307692307692307
0 0.667192429022082 0.7903846153846154 0.08412197686645637 0.08923076923076922
0 0.5872765509989485 0.7973076923076923 0.08937960042060988 0.08923076923076922
0 0.8370136698212408 0.785 0.09568874868559411 0.09
0 0.25920084121976866 0.8146153846153846 0.09568874868559411 0.09384615384615384
0 0.17455310199789695 0.82 0.08727655099894847 0.09230769230769231
0 0.5073606729758149 0.8042307692307692 0.08412197686645637 0.09307692307692307
0 0.0935856992639327 0.8273076923076923 0.08832807570977919 0.09307692307692307
0 0.9048370136698213 0.7865384615384615 0.06729758149316509 0.09153846153846154
0 0.4295478443743428 0.8115384615384615 0.08727655099894847 0.09615384615384616
0 0.34542586750788645 0.8188461538461539 0.0904311251314406 0.09461538461538462
0 0.8543638275499474 0.8696153846153846 0.18401682439537329 0.10461538461538461
0 0.6440588853838065 0.8823076923076923 0.2628811777076761 0.11
0 0.1456361724500526 0.9130769230769231 0.22082018927444794 0.10538461538461538
0 0.38065194532071506 0.9084615384615384 0.26393270241850686 0.09923076923076923
0 0.8259726603575184 0.9484615384615385 0.09253417455310199 0.07615384615384616
0 0.7365930599369085 0.9542307692307692 0.08622502628811778 0.07307692307692308
0 0.9053627760252366 0.9457692307692308 0.0904311251314406 0.07230769230769231
0 0.6587802313354364 0.9607692307692308 0.08832807570977919 0.06923076923076923
0 0.21503680336487907 0.9753846153846154 0.07886435331230283 0.04923076923076923
0 0.5778128286014721 0.9669230769230769 0.08517350157728706 0.06461538461538462
0 0.2902208201892745 0.9746153846153847 0.08622502628811778 0.05076923076923077
0 0.12092534174553102 0.9792307692307692 0.08622502628811778 0.04153846153846154
0 0.4784437434279706 0.9719230769230769 0.08622502628811778 0.05615384615384615
0 0.39274447949526814 0.9742307692307692 0.08937960042060988 0.05153846153846154
0 0.7891692954784437 0.15153846153846154 0.17665615141955837 0.10384615384615385
0 0.08464773922187172 0.19038461538461537 0.16929547844374343 0.10076923076923076
0 0.305993690851735 0.17923076923076922 0.259726603575184 0.10615384615384615
0 0.5683491062039958 0.16884615384615384 0.26919032597266035 0.1076923076923077
0 0.23186119873817035 0.26884615384615385 0.0914826498422713 0.09384615384615384
0 0.14773922187171398 0.27576923076923077 0.0904311251314406 0.09076923076923077
0 0.31703470031545744 0.2684615384615385 0.09568874868559411 0.09461538461538462
0 0.012618296529968454 0.28615384615384615 0.025236593059936908 0.08615384615384615
0 0.06519453207150368 0.2834615384615385 0.09568874868559411 0.0876923076923077
0 0.8359621451104101 0.2453846153846154 0.10199789695057834 0.09538461538461539
0 0.4011566771819138 0.26884615384615385 0.08622502628811778 0.08846153846153847
0 0.7423764458464774 0.25115384615384617 0.0935856992639327 0.09461538461538462
0 0.6540483701366983 0.2569230769230769 0.0904311251314406 0.09769230769230769
0 0.4852786540483701 0.2673076923076923 0.0935856992639327 0.09384615384615384
0 0.5672975814931651 0.265 0.09779179810725552 0.09230769230769231
0 0.10304942166140904 0.3688461538461538 0.20609884332281808 0.09769230769230769
0 0.3359621451104101 0.35923076923076924 0.26498422712933756 0.1123076923076923
0 0.8138801261829653 0.3403846153846154 0.16298633017875921 0.09692307692307692
0 0.5967402733964248 0.35307692307692307 0.26498422712933756 0.10307692307692308
0 0.031545741324921134 0.46 0.06309148264984227 0.08923076923076922
0 0.10357518401682439 0.4603846153846154 0.0914826498422713 0.09230769230769231
0 0.1861198738170347 0.45615384615384613 0.08832807570977919 0.09230769230769231
0 0.2718191377497371 0.45269230769230767 0.09253417455310199 0.08846153846153847
0 0.3559411146161935 0.45153846153846156 0.0935856992639327 0.09384615384615384
0 0.7818086225026288 0.43153846153846154 0.08937960042060988 0.09307692307692307
0 0.6109358569926393 0.4411538461538462 0.09674027339642481 0.09230769230769231
0 0.5241850683491062 0.44653846153846155 0.0946372239747634 0.08923076923076922
0 0.694006309148265 0.4376923076923077 0.0914826498422713 0.09307692307692307
0 0.8606729758149316 0.42923076923076925 0.08622502628811778 0.08923076923076922
0 0.4416403785488959 0.4523076923076923 0.0914826498422713 0.09153846153846154
0 0.11934805467928496 0.55 0.23764458464773922 0.09846153846153846
0 0.35751840168243953 0.5392307692307692 0.26498422712933756 0.10923076923076923
0 0.6156677181913774 0.5311538461538462 0.2618296529968454 0.09538461538461539
0 0.8286014721345951 0.5211538461538462 0.16929547844374343 0.10153846153846154
0 0.23186119873817035 0.6334615384615384 0.08727655099894847 0.08846153846153847
0 0.14931650893796003 0.6384615384615384 0.08937960042060988 0.09230769230769231
0 0.06466876971608833 0.6442307692307693 0.0946372239747634 0.09538461538461539
0 0.7192429022082019 0.6111538461538462 0.08727655099894847 0.08846153846153847
0 0.31650893796004204 0.6338461538461538 0.08727655099894847 0.0876923076923077
0 0.8012618296529969 0.6088461538461538 0.08727655099894847 0.08615384615384615
0 0.5546792849631966 0.6226923076923077 0.0914826498422713 0.09230769230769231
0 0.637223974763407 0.6188461538461538 0.08517350157728706 0.08615384615384615
0 0.4737118822292324 0.6284615384615385 0.08832807570977919 0.0876923076923077
0 0.39484752891692954 0.6338461538461538 0.08517350157728706 0.08846153846153847
0 0.880651945320715 0.6115384615384616 0.08096740273396424 0.09307692307692307
0 0.1882229232386961 0.085 0.0946372239747634 0.10384615384615385
0 0.09989484752891693 0.09038461538461538 0.08832807570977919 0.09076923076923077
0 0.6451104100946372 0.7023076923076923 0.26603575184016826 0.10461538461538461
0 0.13354363827549948 0.7292307692307692 0.231335436382755 0.10692307692307693
0 0.38275499474237645 0.7188461538461538 0.26708727655099895 0.1076923076923077
0 0.8501577287066246 0.698076923076923 0.1608832807570978 0.09846153846153846
0 0.7933753943217665 0.05615384615384615 0.10094637223974763 0.10461538461538461
0 0.3470031545741325 0.07923076923076923 0.09253417455310199 0.09769230769230769
0 0.6945320715036803 0.06269230769230769 0.10094637223974763 0.09846153846153846
0 0.26919032597266035 0.085 0.08412197686645637 0.09538461538461539
0 0.030494216614090432 0.09884615384615385 0.060988433228180865 0.09153846153846154
0 0.6035751840168244 0.07 0.09884332281808622 0.10076923076923076