0 0.20884615384615385 0.06889352818371608 0.03461538461538462 0.07306889352818371
0 0.3819230769230769 0.0918580375782881 0.03538461538461538 0.06993736951983298
0 0.04846153846153846 0.05271398747390397 0.03538461538461538 0.06784968684759916
0 0.17346153846153847 0.06941544885177453 0.03461538461538462 0.06889352818371608
0 0.34692307692307695 0.0918580375782881 0.038461538461538464 0.07411273486430063
0 0.1280769230769231 0.06889352818371608 0.03923076923076923 0.07620041753653445
0 0.31384615384615383 0.09342379958246347 0.03538461538461538 0.0720250521920668
0 0.7534615384615385 0.14718162839248433 0.036923076923076927 0.07620041753653445
0 0.6042307692307692 0.1304801670146138 0.03538461538461538 0.07411273486430063
0 0.6392307692307693 0.13569937369519833 0.03538461538461538 0.07411273486430063
0 0.25153846153846154 0.08977035490605428 0.03461538461538462 0.06784968684759916
0 0.2826923076923077 0.09342379958246347 0.03461538461538462 0.06993736951983298
0 0.7153846153846154 0.14561586638830898 0.036153846153846154 0.07515657620041753
0 0.68 0.1430062630480167 0.040769230769230766 0.07515657620041753
0 0.5707692307692308 0.1304801670146138 0.036153846153846154 0.07411273486430063
0 0.49538461538461537 0.15970772442588727 0.11538461538461539 0.10125260960334029
0 0.8376923076923077 0.20093945720250522 0.11384615384615385 0.0918580375782881
0 0.9457692307692308 0.21711899791231734 0.10846153846153846 0.0918580375782881
0 0.3880769230769231 0.15970772442588727 0.11615384615384615 0.09394572025052192
0 0.06538461538461539 0.12108559498956159 0.09 0.0824634655532359
0 0.17153846153846153 0.13883089770354906 0.11 0.08455114822546973
0 0.2792307692307692 0.16231732776617955 0.1123076923076923 0.08559498956158663
0 0.6042307692307692 0.2045929018789144 0.11076923076923077 0.08559498956158663
0 0.7203846153846154 0.21920668058455114 0.10923076923076923 0.08350730688935282
0 0.5242307692307693 0.22964509394572025 0.03461538461538462 0.07620041753653445
0 0.88 0.27244258872651356 0.033846153846153845 0.07620041753653445
0 0.6023076923076923 0.03392484342379958 0.11 0.059498956158663886
0 0.8384615384615385 0.27244258872651356 0.04 0.07515657620041753
0 0.8011538461538461 0.2708768267223382 0.040769230769230766 0.07933194154488518
0 0.49115384615384616 0.23434237995824633 0.038461538461538464 0.0720250521920668
0 0.9865384615384616 0.2948851774530271 0.026923076923076925 0.07411273486430063
0 0.9465384615384616 0.2907098121085595 0.03923076923076923 0.07724425887265135
0 0.9138461538461539 0.28914405010438415 0.03923076923076923 0.07724425887265135
0 0.42346153846153844 0.23173277661795408 0.033846153846153845 0.07515657620041753
0 0.09038461538461538 0.19363256784968685 0.038461538461538464 0.06993736951983298
0 0.45884615384615385 0.23799582463465555 0.03769230769230769 0.07828810020876827
0 0.3823076923076923 0.23068893528183715 0.04 0.07515657620041753
0 0.05576923076923077 0.19258872651356992 0.03 0.0720250521920668
0 0.3496153846153846 0.22860125260960334 0.036923076923076927 0.07620041753653445
0 0.20653846153846153 0.21450939457202506 0.03538461538461538 0.06889352818371608
0 0.9461538461538461 0.0767223382045929 0.1076923076923077 0.06367432150313153
0 0.175 0.21189979123173278 0.03769230769230769 0.07306889352818371
0 0.13653846153846153 0.2082463465553236 0.036923076923076927 0.0720250521920668
0 0.31038461538461537 0.23277661795407098 0.036153846153846154 0.07306889352818371
0 0.6473076923076924 0.2745302713987474 0.03769230769230769 0.07515657620041753
0 0.7615384615384615 0.28914405010438415 0.036153846153846154 0.07620041753653445
0 0.7303846153846154 0.28653444676409184 0.036923076923076927 0.07724425887265135
0 0.2746153846153846 0.23382045929018788 0.036923076923076927 0.0720250521920668
0 0.6115384615384616 0.2740083507306889 0.036153846153846154 0.06993736951983298
0 0.578076923076923 0.27035490605427975 0.03769230769230769 0.07306889352818371
0 0.2403846153846154 0.23173277661795408 0.036923076923076927 0.07515657620041753
0 0.683076923076923 0.28653444676409184 0.04 0.07724425887265135
0 0.84 0.3366388308977035 0.11615384615384615 0.06680584551148225
0 0.8269230769230769 0.06732776617954071 0.11923076923076924 0.07411273486430063
0 0.49346153846153845 0.302713987473904 0.11692307692307692 0.10542797494780794
0 0.49115384615384616 0.033402922755741124 0.11 0.06680584551148225
0 0.9488461538461539 0.36795407098121086 0.10230769230769231 0.08872651356993737
0 0.3819230769230769 0.3001043841336117 0.11461538461538462 0.08977035490605428
0 0.06153846153846154 0.2651356993736952 0.10076923076923076 0.09081419624217119
0 0.16615384615384615 0.2839248434237996 0.11307692307692307 0.08559498956158663
0 0.6123076923076923 0.342901878914405 0.11153846153846154 0.08663883089770355
0 0.2723076923076923 0.3037578288100209 0.11153846153846154 0.09290187891440502
0 0.7215384615384616 0.3627348643006263 0.11846153846153847 0.09498956158663883
0 0.8376923076923077 0.38204592901878914 0.11538461538461539 0.061586638830897704
0 0.07 0.010960334029227558 0.08153846153846153 0.021920668058455117
0 0.5265384615384615 0.36116910229645094 0.054615384615384614 0.04592901878914405
0 0.4203846153846154 0.3757828810020877 0.03538461538461538 0.07306889352818371
0 0.3842307692307692 0.03444676409185804 0.11307692307692307 0.06889352818371608
0 0.08076923076923077 0.33716075156576203 0.03230769230769231 0.07306889352818371
0 0.9873076923076923 0.4451983298538622 0.025384615384615384 0.07620041753653445
0 0.38346153846153846 0.3736951983298539 0.036153846153846154 0.07411273486430063
0 0.45653846153846156 0.3825678496868476 0.040769230769230766 0.07620041753653445
0 0.9496153846153846 0.4431106471816284 0.040769230769230766 0.07828810020876827
0 0.9123076923076923 0.43997912317327764 0.04 0.07724425887265135
0 0.2023076923076923 0.3564718162839248 0.036153846153846154 0.07411273486430063
0 0.3503846153846154 0.3747390396659708 0.036923076923076927 0.07515657620041753
0 0.021153846153846155 0.3355949895615866 0.02846153846153846 0.0720250521920668
0 0.04961538461538462 0.33924843423799583 0.03538461538461538 0.0720250521920668
0 0.16538461538461538 0.35490605427974947 0.038461538461538464 0.0709812108559499
0 0.13153846153846155 0.35177453027139877 0.036923076923076927 0.0720250521920668
0 0.8796153846153846 0.4420668058455115 0.036153846153846154 0.07620041753653445
0 0.30615384615384617 0.3757828810020877 0.03769230769230769 0.07515657620041753
0 0.6496153846153846 0.41805845511482254 0.036923076923076927 0.07515657620041753
0 0.8426923076923077 0.4431106471816284 0.03461538461538462 0.07620041753653445
0 0.5238461538461539 0.40501043841336115 0.05307692307692308 0.049060542797494784
0 0.2723076923076923 0.3757828810020877 0.033846153846153845 0.0720250521920668
0 0.6146153846153846 0.4164926931106472 0.036153846153846154 0.07620041753653445
0 0.5784615384615385 0.41283924843423797 0.040769230769230766 0.07724425887265135
0 0.7653846153846153 0.43580375782881003 0.03461538461538462 0.07724425887265135
0 0.8034615384615384 0.4405010438413361 0.043076923076923075 0.07724425887265135
0 0.23576923076923076 0.3742171189979123 0.04 0.0720250521920668
0 0.16884615384615384 0.020876826722338204 0.10692307692307693 0.04175365344467641
0 0.7257692307692307 0.43475991649269313 0.03461538461538462 0.07411273486430063
0 0.6892307692307692 0.4337160751565762 0.03769230769230769 0.07411273486430063
0 0.38153846153846155 0.447286012526096 0.11615384615384615 0.09394572025052192
0 0.5034615384615385 0.46242171189979125 0.11307692307692307 0.08768267223382047
0 0.055 0.4091858037578288 0.10538461538461538 0.08663883089770355
0 0.9473076923076923 0.5187891440501043 0.10538461538461538 0.08977035490605428
0 0.16076923076923078 0.42693110647181626 0.1123076923076923 0.08663883089770355
0 0.27 0.4462421711899791 0.11384615384615385 0.09081419624217119
0 0.8388461538461538 0.5140918580375783 0.1176923076923077 0.09290187891440502
0 0.6138461538461538 0.4890396659707724 0.11384615384615385 0.08872651356993737
0 0.7146153846153847 0.0720250521920668 0.11692307692307692 0.09707724425887265
0 0.7257692307692307 0.5073068893528184 0.11692307692307692 0.09081419624217119
0 0.28115384615384614 0.03288100208768267 0.10538461538461538 0.06576200417536535
0 0.42115384615384616 0.5213987473903967 0.033846153846153845 0.0720250521920668
0 0.4603846153846154 0.5276617954070981 0.036923076923076927 0.07620041753653445
0 0.0926923076923077 0.4869519832985386 0.036153846153846154 0.0720250521920668
0 0.05269230769230769 0.482776617954071 0.03461538461538462 0.07411273486430063
0 0.49423076923076925 0.5349686847599165 0.04 0.0720250521920668
0 0.02346153846153846 0.4791231732776618 0.03230769230769231 0.07306889352818371
0 0.3773076923076923 0.5224425887265136 0.038461538461538464 0.07620041753653445
0 0.9830769230769231 0.5944676409185804 0.03 0.07306889352818371
0 0.53 0.5417536534446764 0.03538461538461538 0.07411273486430063
0 0.19846153846153847 0.5031315240083507 0.036153846153846154 0.07515657620041753
0 0.34 0.5203549060542797 0.03923076923076923 0.07411273486430063
0 0.1646153846153846 0.5 0.03538461538461538 0.07306889352818371
0 0.12923076923076923 0.4963465553235908 0.038461538461538464 0.07515657620041753
0 0.9569230769230769 0.5949895615866388 0.038461538461538464 0.07620041753653445
0 0.3080769230769231 0.5198329853862212 0.03461538461538462 0.0709812108559499
0 0.9234615384615384 0.592901878914405 0.038461538461538464 0.07724425887265135
0 0.2676923076923077 0.5177453027139874 0.036923076923076927 0.0709812108559499
0 0.6469230769230769 0.5647181628392485 0.036153846153846154 0.07724425887265135
0 0.8765384615384615 0.592901878914405 0.03769230769230769 0.07724425887265135
0 0.6119230769230769 0.5615866388308977 0.03923076923076923 0.07515657620041753
0 0.23192307692307693 0.517223382045929 0.036153846153846154 0.0720250521920668
0 0.8426923076923077 0.5897703549060542 0.036923076923076927 0.07724425887265135
0 0.7676923076923077 0.5824634655532359 0.033846153846153845 0.07620041753653445
0 0.8065384615384615 0.5887265135699373 0.03769230769230769 0.07620041753653445
0 0.5715384615384616 0.5626304801670147 0.033846153846153845 0.060542797494780795
0 0.7211538461538461 0.5803757828810021 0.036923076923076927 0.07515657620041753
0 0.6876923076923077 0.5793319415448852 0.038461538461538464 0.07515657620041753
0 0.495 0.6064718162839249 0.11153846153846154 0.08455114822546973
0 0.3773076923076923 0.5949895615866388 0.11615384615384615 0.09603340292275574
0 0.048846153846153845 0.5553235908141962 0.09769230769230769 0.081419624217119
0 0.15692307692307692 0.5720250521920668 0.11307692307692307 0.0824634655532359
0 0.9438461538461539 0.6675365344467641 0.09923076923076923 0.09290187891440502
0 0.26576923076923076 0.5897703549060542 0.11076923076923077 0.09081419624217119
0 0.6084615384615385 0.6372651356993737 0.1176923076923077 0.08872651356993737
0 0.84 0.6664926931106472 0.11615384615384615 0.09081419624217119
0 0.7261538461538461 0.6534446764091858 0.11307692307692307 0.08559498956158663
0 0.6019230769230769 0.075678496868476 0.11 0.06367432150313153
0 0.4492307692307692 0.6696242171189979 0.03769230769230769 0.07620041753653445
0 0.4157692307692308 0.6680584551148225 0.03461538461538462 0.07620041753653445
0 0.4896153846153846 0.6774530271398748 0.03769230769230769 0.07724425887265135
0 0.5230769230769231 0.6852818371607515 0.03538461538461538 0.07515657620041753
0 0.08961538461538461 0.6351774530271399 0.03769230769230769 0.0720250521920668
0 0.052307692307692305 0.6310020876826722 0.03769230769230769 0.07411273486430063
0 0.15846153846153846 0.644572025052192 0.03923076923076923 0.07515657620041753
0 0.12538461538461537 0.6414405010438413 0.036153846153846154 0.07724425887265135
0 0.01653846153846154 0.6278705636743215 0.03307692307692308 0.07828810020876827
0 0.19115384615384615 0.6497912317327766 0.03307692307692308 0.0720250521920668
0 0.36653846153846154 0.6706680584551148 0.036153846153846154 0.07515657620041753
0 0.2953846153846154 0.6638830897703549 0.03538461538461538 0.07515657620041753
0 0.9757692307692307 0.7453027139874739 0.025384615384615384 0.07724425887265135
0 0.3326923076923077 0.6696242171189979 0.03461538461538462 0.07515657620041753
0 0.9465384615384616 0.7432150313152401 0.03538461538461538 0.07933194154488518
0 0.2573076923076923 0.662839248434238 0.033846153846153845 0.07411273486430063
0 0.9138461538461539 0.7421711899791231 0.038461538461538464 0.07933194154488518
0 0.22423076923076923 0.6617954070981211 0.036923076923076927 0.07515657620041753
0 0.6034615384615385 0.7092901878914405 0.036923076923076927 0.0720250521920668
0 0.8769230769230769 0.7421711899791231 0.03923076923076923 0.07620041753653445
0 0.6403846153846153 0.714509394572025 0.03923076923076923 0.0709812108559499
0 0.7288461538461538 0.7254697286012526 0.03230769230769231 0.06993736951983298
0 0.7634615384615384 0.7296450939457203 0.04 0.0720250521920668
0 0.6803846153846154 0.7207724425887265 0.04 0.07306889352818371
0 0.5696153846153846 0.7077244258872651 0.03923076923076923 0.07515657620041753
0 0.8357692307692308 0.7406054279749478 0.036923076923076927 0.07724425887265135
0 0.803076923076923 0.738517745302714 0.03769230769230769 0.07933194154488518
0 0.4869230769230769 0.7536534446764092 0.1176923076923077 0.09394572025052192
0 0.04923076923076923 0.704070981210856 0.09846153846153846 0.08663883089770355
0 0.37115384615384617 0.7437369519832986 0.11307692307692307 0.0918580375782881
0 0.2611538461538462 0.7353862212943633 0.11538461538461539 0.09290187891440502
0 0.1503846153846154 0.7233820459290188 0.11384615384615385 0.08663883089770355
0 0.935 0.8188935281837161 0.09769230769230769 0.09394572025052192
0 0.7146153846153847 0.7954070981210856 0.11384615384615385 0.08768267223382047
0 0.5969230769230769 0.7849686847599165 0.11384615384615385 0.08768267223382047
0 0.8296153846153846 0.8136743215031316 0.11384615384615385 0.08872651356993737
0 0.5288461538461539 0.08507306889352818 0.03769230769230769 0.07411273486430063
0 0.44076923076923075 0.824634655532359 0.03461538461538462 0.0720250521920668
0 0.4015384615384615 0.8209812108559499 0.036923076923076927 0.07828810020876827
0 0.4734615384615385 0.8293319415448852 0.04 0.07620041753653445
0 0.014615384615384615 0.7750521920668059 0.02923076923076923 0.07411273486430063
0 0.043076923076923075 0.7797494780793319 0.038461538461538464 0.07515657620041753
0 0.5134615384615384 0.8355949895615866 0.038461538461538464 0.07724425887265135
0 0.3607692307692308 0.8178496868475992 0.036923076923076927 0.07620041753653445
0 0.08269230769230769 0.7849686847599165 0.036153846153846154 0.07306889352818371
0 0.18846153846153846 0.7980167014613778 0.03307692307692308 0.07411273486430063
0 0.2919230769230769 0.8110647181628392 0.036923076923076927 0.07828810020876827
0 0.8719230769230769 0.12630480167014613 0.036153846153846154 0.07620041753653445
0 0.9838461538461538 0.1393528183716075 0.03230769230769231 0.07828810020876827
0 0.11653846153846154 0.791231732776618 0.036923076923076927 0.07306889352818371
0 0.3269230769230769 0.8162839248434238 0.03769230769230769 0.07724425887265135
0 0.15346153846153845 0.7964509394572025 0.036153846153846154 0.07411273486430063
0 0.2561538461538462 0.8100208768267223 0.033846153846153845 0.07515657620041753
0 0.22153846153846155 0.8063674321503131 0.036153846153846154 0.07411273486430063
0 0.7480769230769231 0.8710855949895616 0.036153846153846154 0.07306889352818371
0 0.9403846153846154 0.8950939457202505 0.03538461538461538 0.07620041753653445
0 0.8703846153846154 0.8877870563674322 0.033846153846153845 0.0720250521920668
0 0.6742307692307692 0.8653444676409185 0.03538461538461538 0.07306889352818371
0 0.708076923076923 0.8695198329853863 0.03769230769230769 0.07620041753653445
0 0.9080769230769231 0.8950939457202505 0.03538461538461538 0.07620041753653445
0 0.9523076923076923 0.1372651356993737 0.03307692307692308 0.06993736951983298
0 0.5592307692307692 0.855427974947808 0.03769230769230769 0.08037578288100208
0 0.5919230769230769 0.8596033402922756 0.03769230769230769 0.07933194154488518
0 0.6361538461538462 0.8653444676409185 0.03538461538461538 0.07620041753653445
0 0.8211538461538461 0.8877870563674322 0.03538461538461538 0.07620041753653445
0 0.7853846153846153 0.8867432150313153 0.036923076923076927 0.07411273486430063
0 0.48307692307692307 0.8856993736951984 0.11461538461538462 0.05323590814196242
0 0.04692307692307692 0.8340292275574113 0.09384615384615384 0.05010438413361169
0 0.8288461538461539 0.1268267223382046 0.040769230769230766 0.06993736951983298
0 0.3638461538461538 0.8731732776617954 0.11076923076923077 0.05010438413361169
0 0.14692307692307693 0.8475991649269311 0.1076923076923077 0.04697286012526096
0 0.25384615384615383 0.8622129436325678 0.10846153846153846 0.04384133611691023
0 0.916923076923077 0.13778705636743216 0.03769230769230769 0.07306889352818371
0 0.48423076923076924 0.09133611691022965 0.03923076923076923 0.07724425887265135
0 0.7907692307692308 0.1289144050104384 0.04153846153846154 0.07724425887265135
0 0.45384615384615384 0.09290187891440502 0.038461538461538464 0.07828810020876827
0 0.4203846153846154 0.08924843423799582 0.033846153846153845 0.0720250521920668
0 0.09115384615384615 0.05219206680584551 0.03769230769230769 0.06993736951983298