0 0.5876923076923077 0.14308012486992716 0.03923076923076923 0.10301768990634755
0 0.24 0.12851196670135276 0.04230769230769231 0.1040582726326743
0 0.6265384615384615 0.14724245577523412 0.04 0.10301768990634755
0 0.08538461538461538 0.1222684703433923 0.038461538461538464 0.10197710718002082
0 0.20038461538461538 0.12747138397502603 0.04 0.10509885535900104
0 0.5492307692307692 0.14464099895941726 0.04230769230769231 0.10301768990634755
0 0.28076923076923077 0.13267429760665972 0.04230769230769231 0.10718002081165452
0 0.16230769230769232 0.12695109261186263 0.04153846153846154 0.10926118626430802
0 0.1226923076923077 0.12643080124869926 0.04153846153846154 0.10301768990634755
0 0.04692307692307692 0.12278876170655567 0.04230769230769231 0.10509885535900104
0 0.32 0.13631633714880334 0.04 0.10613943808532779
0 0.5092307692307693 0.14672216441207075 0.040769230769230766 0.10301768990634755
0 0.43038461538461537 0.14308012486992716 0.04230769230769231 0.10509885535900104
0 0.018076923076923077 0.12382934443288242 0.02 0.10509885535900104
0 0.35807692307692307 0.13995837669094693 0.040769230769230766 0.1040582726326743
0 0.47 0.1462018730489074 0.04230769230769231 0.10613943808532779
0 0.7423076923076923 0.15972944849115506 0.03923076923076923 0.10301768990634755
0 0.3946153846153846 0.14360041623309053 0.04 0.10718002081165452
0 0.7042307692307692 0.15816857440166493 0.04384615384615385 0.10718002081165452
0 0.94 0.17013527575442247 0.04153846153846154 0.10613943808532779
0 0.6642307692307692 0.15816857440166493 0.040769230769230766 0.10197710718002082
0 0.7807692307692308 0.16389177939646202 0.04230769230769231 0.10613943808532779
0 0.8611538461538462 0.16857440166493237 0.04461538461538461 0.10093652445369407
0 0.8996153846153846 0.17065556711758584 0.040769230769230766 0.10301768990634755
0 0.9765384615384616 0.17429760665972946 0.04230769230769231 0.10197710718002082
0 0.82 0.1675338189386056 0.040769230769230766 0.10197710718002082
0 0.5873076923076923 0.2460978147762747 0.04 0.10509885535900104
0 0.2403846153846154 0.23204994797086367 0.043076923076923075 0.10613943808532779
0 0.08307692307692308 0.2247658688865765 0.046153846153846156 0.10613943808532779
0 0.125 0.22736732570239335 0.04230769230769231 0.10301768990634755
0 0.6261538461538462 0.2513007284079084 0.04153846153846154 0.1040582726326743
0 0.20153846153846153 0.2315296566077003 0.03923076923076923 0.10509885535900104
0 0.5484615384615384 0.2481789802289282 0.04153846153846154 0.10301768990634755
0 0.043076923076923075 0.2247658688865765 0.04384615384615385 0.10822060353798127
0 0.16423076923076924 0.23100936524453694 0.038461538461538464 0.10197710718002082
0 0.28076923076923077 0.23621227887617066 0.04 0.10301768990634755
0 0.3176923076923077 0.23985431841831426 0.03923076923076923 0.1040582726326743
0 0.3557692307692308 0.24349635796045785 0.04153846153846154 0.1040582726326743
0 0.6642307692307692 0.25806451612903225 0.040769230769230766 0.10301768990634755
0 0.5092307692307693 0.2513007284079084 0.04230769230769231 0.10613943808532779
0 0.7423076923076923 0.26222684703433924 0.04230769230769231 0.10613943808532779
0 0.47115384615384615 0.25026014568158167 0.040769230769230766 0.1040582726326743
0 0.825 0.26690946930280957 0.04153846153846154 0.09989594172736732
0 0.7823076923076923 0.26534859521331944 0.043076923076923075 0.09885535900104059
0 0.4338461538461538 0.24921956295525494 0.04 0.10509885535900104
0 0.7038461538461539 0.26222684703433924 0.043076923076923075 0.10613943808532779
0 0.94 0.2736732570239334 0.04 0.10509885535900104
0 0.9773076923076923 0.2757544224765869 0.040769230769230766 0.1040582726326743
0 0.3946153846153846 0.24869927159209157 0.040769230769230766 0.10301768990634755
0 0.865 0.27055150884495316 0.04153846153846154 0.10509885535900104
0 0.9034615384615384 0.27315296566077 0.038461538461538464 0.10509885535900104
0 0.5757692307692308 0.3517169614984391 0.04 0.10718002081165452
0 0.6126923076923076 0.35327783558792925 0.038461538461538464 0.10301768990634755
0 0.14615384615384616 0.33298647242455776 0.04384615384615385 0.10509885535900104
0 0.18615384615384614 0.3350676378772112 0.040769230769230766 0.10509885535900104
0 0.05961538461538462 0.3303850156087409 0.04 0.10509885535900104
0 0.5365384615384615 0.35327783558792925 0.04153846153846154 0.10613943808532779
0 0.2246153846153846 0.3387096774193548 0.03923076923076923 0.10613943808532779
0 0.2623076923076923 0.34079084287200834 0.04153846153846154 0.10718002081165452
0 0.30153846153846153 0.3428720083246618 0.04230769230769231 0.10718002081165452
0 0.02346153846153846 0.3298647242455775 0.03769230769230769 0.10613943808532779
0 0.0973076923076923 0.33350676378772115 0.040769230769230766 0.10926118626430802
0 0.34 0.34599375650364206 0.04 0.10613943808532779
0 0.7265384615384616 0.3647242455775234 0.038461538461538464 0.1040582726326743
0 0.6515384615384615 0.36212278876170656 0.043076923076923075 0.10718002081165452
0 0.8076923076923077 0.36992715920915714 0.04230769230769231 0.10718002081165452
0 0.4176923076923077 0.3517169614984391 0.04384615384615385 0.10197710718002082
0 0.7642307692307693 0.368366285119667 0.04153846153846154 0.10822060353798127
0 0.9603846153846154 0.37825182101977106 0.04 0.10509885535900104
0 0.69 0.36524453694068676 0.04153846153846154 0.1040582726326743
0 0.37846153846153846 0.3511966701352758 0.04 0.10301768990634755
0 0.9215384615384615 0.37669094693028093 0.03923076923076923 0.1040582726326743
0 0.9888461538461538 0.3798126951092612 0.022307692307692306 0.1040582726326743
0 0.4596153846153846 0.3548387096774194 0.04153846153846154 0.10718002081165452
0 0.49884615384615383 0.35691987513007284 0.04 0.10509885535900104
0 0.8846153846153846 0.3761706555671176 0.04 0.10509885535900104
0 0.8461538461538461 0.37513007284079086 0.04 0.10718002081165452
0 0.185 0.036420395421436005 0.04230769230769231 0.07284079084287201
0 0.5861538461538461 0.047866805411030174 0.04153846153846154 0.08949011446409989
0 0.22615384615384615 0.03798126951092612 0.047692307692307694 0.07596253902185224
0 0.5457692307692308 0.04630593132154006 0.04 0.09053069719042664
0 0.27076923076923076 0.03954214360041623 0.04461538461538461 0.07908428720083246
0 0.31423076923076926 0.041103017689906346 0.04230769230769231 0.08220603537981269
0 0.6257692307692307 0.05098855359001041 0.04153846153846154 0.09261186264308012
0 0.10461538461538461 0.036420395421436005 0.038461538461538464 0.07284079084287201
0 0.14346153846153847 0.037460978147762745 0.04384615384615385 0.07492195629552549
0 0.5515384615384615 0.45681581685744016 0.03923076923076923 0.10301768990634755
0 0.1226923076923077 0.43704474505723206 0.043076923076923075 0.10613943808532779
0 0.59 0.4588969823100936 0.043076923076923075 0.10718002081165452
0 0.7519230769230769 0.4667013527575442 0.04 0.09885535900104059
0 0.16230769230769232 0.43912591050988553 0.04230769230769231 0.10718002081165452
0 0.6292307692307693 0.4614984391259105 0.04230769230769231 0.10197710718002082
0 0.20115384615384616 0.441207075962539 0.04 0.10613943808532779
0 0.7911538461538462 0.46930280957336107 0.04 0.09781477627471384
0 0.7126923076923077 0.4656607700312175 0.045384615384615384 0.0967741935483871
0 0.23923076923076922 0.44380853277835586 0.04153846153846154 0.10822060353798127
0 0.0823076923076923 0.43652445369406867 0.043076923076923075 0.10613943808532779
0 0.04230769230769231 0.43496357960457854 0.04461538461538461 0.10613943808532779
0 0.9365384615384615 0.47762747138397504 0.03538461538461538 0.09781477627471384
0 0.9030769230769231 0.47658688865764826 0.036153846153846154 0.09781477627471384
0 0.06923076923076923 0.03590010405827263 0.036923076923076927 0.07180020811654526
0 0.032692307692307694 0.03537981269510926 0.03923076923076923 0.07075962539021852
0 0.708076923076923 0.05567117585848075 0.04153846153846154 0.09469302809573361
0 0.6696153846153846 0.4656607700312175 0.04461538461538461 0.09989594172736732
0 0.8303846153846154 0.47398543184183145 0.04461538461538461 0.0967741935483871
0 0.013076923076923076 0.43548387096774194 0.026153846153846153 0.10718002081165452
0 0.97 0.48074921956295524 0.036923076923076927 0.09989594172736732
0 0.27807692307692305 0.44797086368366285 0.04 0.10926118626430802
0 0.39653846153846156 0.45369406867845996 0.04230769230769231 0.10509885535900104
0 0.8673076923076923 0.47658688865764826 0.04153846153846154 0.09781477627471384
0 0.515 0.46045785639958375 0.03923076923076923 0.1040582726326743
0 0.3173076923076923 0.45161290322580644 0.04384615384615385 0.10926118626430802
0 0.3576923076923077 0.45317377731529657 0.04 0.10301768990634755
0 0.7723076923076924 0.47294484911550466 0.0007692307692307692 0.001040582726326743
0 0.43615384615384617 0.4583766909469303 0.040769230769230766 0.10301768990634755
0 0.47615384615384615 0.46045785639958375 0.04230769230769231 0.10613943808532779
0 0.5065384615384615 0.04734651404786681 0.04230769230769231 0.09469302809573361
0 0.3515384615384615 0.043704474505723206 0.038461538461538464 0.08740894901144641
0 0.4676923076923077 0.046826222684703434 0.04 0.09365244536940687
0 0.42846153846153845 0.045785639958376693 0.04153846153846154 0.09157127991675339
0 0.6653846153846154 0.05567117585848075 0.04384615384615385 0.09781477627471384
0 0.745 0.05931321540062435 0.043076923076923075 0.09781477627471384
0 0.9423076923076923 0.0691987513007284 0.03923076923076923 0.09885535900104059
0 0.38961538461538464 0.04630593132154006 0.040769230769230766 0.09261186264308012
0 0.9053846153846153 0.06815816857440167 0.04384615384615385 0.10093652445369407
0 0.9803846153846154 0.0712799167533819 0.03923076923076923 0.10093652445369407
0 0.7857692307692308 0.062434963579604576 0.043076923076923075 0.10093652445369407
0 0.8665384615384616 0.06711758584807492 0.04153846153846154 0.10093652445369407
0 0.8265384615384616 0.06607700312174818 0.04230769230769231 0.10301768990634755
0 0.7953846153846154 0.5702393340270552 0.03923076923076923 0.1040582726326743
0 0.8319230769230769 0.572840790842872 0.03769230769230769 0.10093652445369407
0 0.681923076923077 0.5660770031217481 0.03923076923076923 0.10093652445369407
0 0.7192307692307692 0.5676378772112383 0.04 0.10613943808532779
0 0.5715384615384616 0.5613943808532779 0.04230769230769231 0.1040582726326743
0 0.7580769230769231 0.5702393340270552 0.04 0.1040582726326743
0 0.8688461538461538 0.5764828303850156 0.04 0.1040582726326743
0 0.6080769230769231 0.5639958376690947 0.03923076923076923 0.1040582726326743
0 0.9115384615384615 0.578563995837669 0.04230769230769231 0.10822060353798127
0 0.645 0.5665972944849116 0.04 0.10509885535900104
0 0.18 0.5452653485952134 0.040769230769230766 0.10509885535900104
0 0.05923076923076923 0.5400624349635796 0.04384615384615385 0.10822060353798127
0 0.5292307692307693 0.562955254942768 0.043076923076923075 0.10822060353798127
0 0.10038461538461538 0.5426638917793964 0.04 0.10509885535900104
0 0.14115384615384616 0.5447450572320499 0.04153846153846154 0.10613943808532779
0 0.9515384615384616 0.5827263267429761 0.04153846153846154 0.10926118626430802
0 0.9846153846153847 0.5842872008324662 0.03 0.1040582726326743
0 0.2173076923076923 0.5483870967741935 0.036923076923076927 0.10613943808532779
0 0.2553846153846154 0.5520291363163371 0.04461538461538461 0.11342351716961499
0 0.49115384615384616 0.5639958376690947 0.04 0.10718002081165452
0 0.3346153846153846 0.5572320499479708 0.03923076923076923 0.10509885535900104
0 0.02 0.5426638917793964 0.04 0.10509885535900104
0 0.4146153846153846 0.5613943808532779 0.043076923076923075 0.11030176899063475
0 0.45269230769230767 0.5634755463059313 0.040769230769230766 0.10509885535900104
0 0.2969230769230769 0.5561914672216441 0.038461538461538464 0.10822060353798127
0 0.3719230769230769 0.5598335067637877 0.04153846153846154 0.11030176899063475
0 0.7857692307692308 0.6732570239334027 0.043076923076923075 0.10613943808532779
0 0.6642307692307692 0.6696149843912591 0.040769230769230766 0.10718002081165452
0 0.9392307692307692 0.6826222684703434 0.04 0.10093652445369407
0 0.9746153846153847 0.6847034339229969 0.043076923076923075 0.09885535900104059
0 0.8261538461538461 0.6784599375650364 0.043076923076923075 0.10822060353798127
0 0.9023076923076923 0.6815816857440167 0.04 0.09989594172736732
0 0.7011538461538461 0.6727367325702394 0.04 0.10926118626430802
0 0.745 0.6748178980228928 0.045384615384615384 0.10613943808532779
0 0.5853846153846154 0.6675338189386056 0.04153846153846154 0.11030176899063475
0 0.625 0.6696149843912591 0.03923076923076923 0.10718002081165452
0 0.865 0.6815816857440167 0.03923076923076923 0.1040582726326743
0 0.546923076923077 0.6675338189386056 0.038461538461538464 0.10718002081165452
0 0.15538461538461537 0.649843912591051 0.04230769230769231 0.10613943808532779
0 0.5107692307692308 0.6670135275754423 0.04 0.10301768990634755
0 0.11653846153846154 0.6488033298647242 0.040769230769230766 0.10613943808532779
0 0.1946153846153846 0.6529656607700313 0.04461538461538461 0.10613943808532779
0 0.23461538461538461 0.6545265348595213 0.04 0.10301768990634755
0 0.43038461538461537 0.6644120707596254 0.040769230769230766 0.10197710718002082
0 0.03192307692307692 0.645681581685744 0.043076923076923075 0.10718002081165452
0 0.3930769230769231 0.6628511966701353 0.04 0.09989594172736732
0 0.47115384615384615 0.6664932362122789 0.04 0.10301768990634755
0 0.35384615384615387 0.6618106139438086 0.04230769230769231 0.1040582726326743
0 0.2723076923076923 0.658168574401665 0.04 0.10093652445369407
0 0.07730769230769231 0.6493236212278877 0.04384615384615385 0.10926118626430802
0 0.3119230769230769 0.6607700312174818 0.04384615384615385 0.1040582726326743
0 0.9796153846153847 0.7866805411030177 0.02923076923076923 0.10197710718002082
0 0.7515384615384615 0.7757544224765869 0.040769230769230766 0.10509885535900104
0 0.9473076923076923 0.7866805411030177 0.03923076923076923 0.10718002081165452
0 0.6376923076923077 0.7726326742976066 0.03923076923076923 0.10093652445369407
0 0.6753846153846154 0.7741935483870968 0.040769230769230766 0.10509885535900104
0 0.9103846153846153 0.7861602497398543 0.04153846153846154 0.10822060353798127
0 0.713076923076923 0.777315296566077 0.03923076923076923 0.10509885535900104
0 0.7957692307692308 0.7814776274713839 0.045384615384615384 0.10613943808532779
0 0.8719230769230769 0.785639958376691 0.040769230769230766 0.1040582726326743
0 0.5996153846153847 0.7731529656607701 0.04230769230769231 0.10822060353798127
0 0.36346153846153845 0.763267429760666 0.04230769230769231 0.1040582726326743
0 0.24192307692307694 0.7575442247658689 0.04230769230769231 0.10613943808532779
0 0.40076923076923077 0.7653485952133194 0.03923076923076923 0.1040582726326743
0 0.8342307692307692 0.7861602497398543 0.04 0.1040582726326743
0 0.16192307692307692 0.7544224765868887 0.04153846153846154 0.10718002081165452
0 0.04961538461538462 0.7492195629552549 0.04384615384615385 0.1040582726326743
0 0.08730769230769231 0.7513007284079084 0.036923076923076927 0.09885535900104059
0 0.2023076923076923 0.7570239334027055 0.043076923076923075 0.10718002081165452
0 0.4419230769230769 0.7679500520291364 0.04153846153846154 0.10613943808532779
0 0.015 0.7471383975026015 0.03 0.10822060353798127
0 0.5161538461538462 0.77159209157128 0.04230769230769231 0.10822060353798127
0 0.1226923076923077 0.7533818938605619 0.040769230769230766 0.10613943808532779
0 0.32153846153846155 0.7627471383975026 0.04384615384615385 0.1040582726326743
0 0.47807692307692307 0.7705515088449532 0.03923076923076923 0.10822060353798127
0 0.5573076923076923 0.7741935483870968 0.045384615384615384 0.10822060353798127
0 0.28115384615384614 0.7622268470343392 0.043076923076923075 0.10613943808532779
0 0.9619230769230769 0.8813735691987513 0.04 0.09469302809573361
0 0.6665384615384615 0.8688865764828304 0.03923076923076923 0.09053069719042664
0 0.7415384615384616 0.8730489073881373 0.040769230769230766 0.09157127991675339
0 0.7780769230769231 0.8751300728407908 0.038461538461538464 0.09053069719042664
0 0.6288461538461538 0.8678459937565036 0.04 0.08949011446409989
0 0.9211538461538461 0.882414151925078 0.03769230769230769 0.08949011446409989
0 0.8873076923076924 0.8813735691987513 0.03538461538461538 0.08740894901144641
0 0.8511538461538461 0.8798126951092612 0.040769230769230766 0.08740894901144641
0 0.7034615384615385 0.8730489073881373 0.038461538461538464 0.08636836628511967
0 0.8146153846153846 0.8787721123829344 0.038461538461538464 0.08844953173777315
0 0.4003846153846154 0.8595213319458896 0.03923076923076923 0.08636836628511967
0 0.5915384615384616 0.868366285119667 0.04230769230769231 0.08636836628511967
0 0.15653846153846154 0.8480749219562955 0.045384615384615384 0.08532778355879292
0 0.3630769230769231 0.8579604578563996 0.038461538461538464 0.08740894901144641
0 0.07884615384615384 0.8449531737773153 0.040769230769230766 0.08636836628511967
0 0.04346153846153846 0.8428720083246618 0.033846153846153845 0.08428720083246619
0 0.19846153846153847 0.8506763787721123 0.04153846153846154 0.08532778355879292
0 0.515 0.8652445369406868 0.040769230769230766 0.08428720083246619
0 0.24076923076923076 0.8527575442247659 0.03769230769230769 0.08532778355879292
0 0.32346153846153847 0.8563995837669095 0.03923076923076923 0.08636836628511967
0 0.4373076923076923 0.8621227887617066 0.04 0.08428720083246619
0 0.2853846153846154 0.8553590010405827 0.043076923076923075 0.08532778355879292
0 0.11807692307692308 0.8475546305931322 0.04153846153846154 0.08324661810613944
0 0.013846153846153847 0.841831425598335 0.027692307692307693 0.08324661810613944
0 0.5523076923076923 0.868366285119667 0.04 0.08324661810613944
0 0.4773076923076923 0.8657648283038502 0.036923076923076927 0.08220603537981269