0 0.029211295034079845 0.7753846153846153 0.05842259006815969 0.11538461538461539
0 0.6468451801363193 0.7767846153846154 0.0908276533592989 0.10433076923076914
0 0.5562025316455697 0.7796307692307692 0.08850048685491733 0.11231538461538469
0 0.46600778967867573 0.7827692307692309 0.08853943524829595 0.11174615384615393
0 0.10669912366114899 0.7830538461538462 0.09012658227848103 0.11231538461538453
0 0.3758227848101266 0.7833384615384617 0.09290165530671857 0.11174615384615393
0 0.2877994157740993 0.7839076923076923 0.08716650438169424 0.11288461538461529
0 0.1972444011684518 0.7927461538461538 0.08792599805258035 0.11231538461538453
0 0.8210710808179162 0.08009999999999999 0.08853943524829606 0.11459230769230772
0 0.8917818889970789 0.08181538461538462 0.04089581304771178 0.11345384615384616
0 0.022989289191820837 0.08437692307692307 0.043962999026290174 0.11402307692307694
0 0.7272736124634859 0.08494615384615385 0.08569620253164556 0.11288461538461539
0 0.0947809152872444 0.0855153846153846 0.0865043816942551 0.1163
0 0.6396105160662122 0.08893846153846154 0.08501460564751699 0.11288461538461539
0 0.5490652385589094 0.09236153846153845 0.08721518987341766 0.11402307692307694
0 0.18712755598831549 0.09293076923076923 0.08934761441090554 0.11744615384615385
0 0.277682570593963 0.09891538461538461 0.08426484907497565 0.11345384615384616
0 0.3660662122687439 0.10376153846153845 0.09072054527750727 0.11858461538461536
0 0.45706913339824734 0.10461538461538461 0.08652385589094451 0.11687692307692307
0 0.8214410905550146 0.19412307692307693 0.08351509250243426 0.11116923076923076
0 0.890350535540409 0.19612307692307693 0.03947419668938653 0.11060000000000002
0 0.7301752677702045 0.19925384615384614 0.08715676728334955 0.1100307692307692
0 0.02370983446932814 0.1998230769230769 0.045404089581304784 0.11345384615384616
0 0.09406037000973709 0.20210769230769232 0.08938656280428434 0.11345384615384616
0 0.6388997078870496 0.2043846153846154 0.08503407984420636 0.11116923076923076
0 0.5483446932814021 0.20495384615384615 0.08723466407010703 0.11231538461538461
0 0.18676728334956183 0.20980000000000001 0.08862706913339823 0.11402307692307694
0 0.27732229795520935 0.21293846153846152 0.08786757546251218 0.11345384615384616
0 0.4605842259006816 0.22092307692307692 0.08778967867575464 0.11231538461538461
0 0.36822784810126585 0.22206153846153848 0.08782862706913344 0.11231538461538461
0 0.8203602726387537 0.30814615384615385 0.08711781888997082 0.10661538461538464
0 0.8896299902629017 0.30843076923076923 0.0437974683544304 0.10832307692307697
0 0.7269230769230769 0.31213846153846153 0.08355404089581299 0.10889230769230765
0 0.023369036027263874 0.3130769230769231 0.04673807205452775 0.11076923076923077
0 0.09188899707887051 0.31556153846153845 0.08506329113924052 0.1100307692307692
0 0.6392599805258032 0.31613076923076927 0.08430379746835436 0.10661538461538464
0 0.5501557935735151 0.3186923076923077 0.08506329113924041 0.11059999999999998
0 0.1889386562804284 0.3204076923076923 0.08574488802336903 0.11059999999999998
0 0.27732229795520935 0.32582307692307694 0.08354430379746834 0.10889230769230773
0 0.45806231742940606 0.3332307692307692 0.08562804284323267 0.10889230769230773
0 0.3685978578383642 0.33466153846153845 0.08422590068159688 0.10946153846153851
0 0.8232521908471275 0.4170384615384615 0.0856767283349562 0.10889230769230765
0 0.8914313534566699 0.4178923076923077 0.041635832521908465 0.11059999999999998
0 0.7301752677702045 0.4221692307692308 0.08715676728334955 0.10889230769230765
0 0.024079844206426487 0.4253076923076923 0.04758519961051606 0.11059999999999998
0 0.6403407984420643 0.42587692307692304 0.08647517039922098 0.10832307692307687
0 0.09731256085686465 0.42701538461538463 0.08867575462512171 0.10946153846153843
0 0.5505160662122688 0.4298692307692308 0.08723466407010703 0.10946153846153843
0 0.18857838364167476 0.43100769230769226 0.08503407984420641 0.10946153846153843
0 0.27697176241480037 0.4364230769230769 0.08427458617332033 0.1100307692307692
0 0.36895813047711784 0.44412307692307695 0.08495618305744888 0.10718461538461536
0 0.4605939629990263 0.44412307692307695 0.08780915287244408 0.10832307692307687
0 0.8196397273612464 0.5285 0.08711781888997082 0.10946153846153843
0 0.8896299902629017 0.5287846153846154 0.04524829600778971 0.1100307692307692
0 0.7280038948393378 0.5319153846153846 0.08715676728334955 0.11059999999999998
0 0.02624148003894839 0.5376230769230769 0.050467380720545275 0.10946153846153843
0 0.6407010710808179 0.5381923076923076 0.08719571567672829 0.11174615384615383
0 0.09659201557935736 0.5381923076923076 0.09300876338851023 0.10718461538461532
0 0.5490749756572542 0.5416076923076923 0.08579357351509241 0.11288461538461539
0 0.18713729308666016 0.5421769230769231 0.08647517039922104 0.11174615384615383
0 0.2776923076923077 0.5473076923076923 0.08715676728334955 0.10718461538461532
0 0.3678773125608569 0.5535846153846153 0.08856864654333012 0.10718461538461532
0 0.4577117818889971 0.5547230769230769 0.08780915287244397 0.10718461538461532
0 0.8903602726387536 0.6502153846153846 0.046708860759493695 0.11116923076923076
0 0.8210905550146056 0.6530692307692307 0.0885881207400195 0.11687692307692311
0 0.028412852969814995 0.6604769230769231 0.0562414800389484 0.11345384615384616
0 0.5453748782862707 0.6656076923076922 0.08704965920155802 0.11459230769230772
0 0.10416747809152871 0.6658923076923077 0.08939629990262901 0.11630000000000004
0 0.45373904576436225 0.6690307692307692 0.08564751703992214 0.11231538461538461
0 0.3631840311587147 0.6693153846153846 0.08496592015579356 0.11288461538461539
0 0.8957740993184031 0.7631 0.043106134371957136 0.11116923076923076
0 0.829396299902629 0.7682307692307693 0.08930866601752681 0.11345384615384625
0 0.7377604673807205 0.7685153846153846 0.08789678675754624 0.11402307692307685