0 0.5930769230769231 0.09981768459434823 0.22230769230769232 0.08659981768459435
0 0.8211538461538461 0.11713764813126709 0.2276923076923077 0.08842297174111212
0 0.9684615384615385 0.12397447584320875 0.06307692307692307 0.07657247037374658
0 0.12615384615384614 0.09115770282588878 0.23076923076923078 0.09115770282588878
0 0.365 0.1048313582497721 0.2276923076923077 0.09845031905195989
0 0.6488461538461539 0.1814038286235187 0.11615384615384615 0.08842297174111212
0 0.5311538461538462 0.17775752051048313 0.11615384615384615 0.08477666362807658
0 0.765 0.19143117593436645 0.11461538461538462 0.08386508659981769
0 0.9719230769230769 0.2014585232452142 0.05615384615384615 0.07657247037374658
0 0.8834615384615384 0.199179580674567 0.12076923076923077 0.08386508659981769
0 0.4115384615384615 0.1814038286235187 0.1123076923076923 0.08386508659981769
0 0.061153846153846156 0.16818596171376482 0.10461538461538461 0.07839562443026436
0 0.17461538461538462 0.17547857793983593 0.11615384615384615 0.08021877848678213
0 0.2915384615384615 0.18322698268003645 0.1176923076923077 0.08751139471285324
0 0.5842307692307692 0.25979945305378305 0.22923076923076924 0.08751139471285324
0 0.9692307692307692 0.2780309936189608 0.06153846153846154 0.07839562443026436
0 0.8161538461538461 0.2757520510483136 0.23384615384615384 0.09206927985414767
0 0.11653846153846154 0.24931631722880584 0.22 0.08933454876937101
0 0.3423076923076923 0.26298997265268914 0.22230769230769232 0.09206927985414767
0 0.6461538461538462 0.033272561531449404 0.11384615384615385 0.059252506836827715
0 0.5330769230769231 0.03236098450319052 0.10923076923076923 0.06472196900638104
0 0.06846153846153846 0.023701002734731084 0.11076923076923077 0.04740200546946217
0 0.9653846153846154 0.05195989061075661 0.06923076923076923 0.06927985414767548
0 0.76 0.04375569735642662 0.11384615384615385 0.06927985414767548
0 0.8746153846153846 0.0487693710118505 0.11384615384615385 0.07201458523245215
0 0.5146153846153846 0.3318140382862352 0.1176923076923077 0.08842297174111212
0 0.9619230769230769 0.35460346399270737 0.07615384615384616 0.07839562443026436
0 0.6338461538461538 0.3413855970829535 0.11461538461538462 0.08021877848678213
0 0.18730769230769231 0.02871467639015497 0.11923076923076924 0.05742935278030994
0 0.7492307692307693 0.3486782133090246 0.12076923076923077 0.08842297174111212
0 0.05576923076923077 0.32224247948951684 0.10384615384615385 0.0829535095715588
0 0.865 0.3577939835916135 0.12 0.08021877848678213
0 0.3930769230769231 0.3391066545123063 0.1176923076923077 0.0820419325432999
0 0.1626923076923077 0.33044667274384687 0.11 0.07839562443026436
0 0.275 0.33865086599817684 0.11461538461538462 0.07839562443026436
0 0.42153846153846153 0.03463992707383774 0.11384615384615385 0.06927985414767548
0 0.30615384615384617 0.03555150410209663 0.11692307692307692 0.07110300820419325
0 0.5673076923076923 0.41567912488605285 0.2276923076923077 0.09206927985414767
0 0.9592307692307692 0.43299908842297175 0.08153846153846153 0.07657247037374658
0 0.795 0.42889699179580676 0.2276923076923077 0.08386508659981769
0 0.33384615384615385 0.41385597082953507 0.22615384615384615 0.09115770282588878
0 0.10846153846153846 0.40610756608933457 0.21307692307692308 0.08842297174111212
0 0.955 0.5059252506836828 0.09 0.07474931631722881
0 0.6146153846153846 0.49544211485870554 0.1176923076923077 0.07474931631722881
0 0.49923076923076926 0.49134001823154055 0.11846153846153847 0.07839562443026436
0 0.14846153846153845 0.4790337283500456 0.11153846153846154 0.07657247037374658
0 0.7319230769230769 0.5031905195989061 0.11538461538461539 0.0820419325432999
0 0.3776923076923077 0.48951686417502277 0.11692307692307692 0.08021877848678213
0 0.046153846153846156 0.47584320875113945 0.09230769230769231 0.08021877848678213
0 0.8457692307692307 0.5100273473108478 0.11461538461538462 0.08021877848678213
0 0.2623076923076923 0.49179580674567 0.11384615384615385 0.0829535095715588
0 0.9473076923076923 0.5802187784867822 0.10384615384615385 0.08477666362807658
0 0.5957692307692307 0.5715587967183227 0.11461538461538462 0.08568824065633546
0 0.48384615384615387 0.5679124886052871 0.11615384615384615 0.08568824065633546
0 0.35807692307692307 0.5633546034639927 0.1123076923076923 0.08021877848678213
0 0.713076923076923 0.5797629899726527 0.11615384615384615 0.08842297174111212
0 0.8257692307692308 0.5870556061987238 0.11153846153846154 0.08021877848678213
0 0.1276923076923077 0.5578851412944393 0.12307692307692308 0.0902461257976299
0 0.032692307692307694 0.5569735642661805 0.06538461538461539 0.07839562443026436
0 0.24653846153846154 0.5692798541476755 0.11153846153846154 0.08477666362807658
0 0.9457692307692308 0.6599817684594348 0.10153846153846154 0.07930720145852324
0 0.54 0.649954421148587 0.22923076923076924 0.08477666362807658
0 0.7715384615384615 0.6645396536007293 0.22230769230769232 0.08933454876937101
0 0.30346153846153845 0.6453965360072926 0.22692307692307692 0.08933454876937101
0 0.0926923076923077 0.6394712853236099 0.1853846153846154 0.0902461257976299
0 0.9361538461538461 0.7397447584320875 0.11615384615384615 0.08568824065633546
0 0.5861538461538461 0.731084776663628 0.11846153846153847 0.07930720145852324
0 0.4665384615384615 0.7265268915223336 0.11615384615384615 0.08568824065633546
0 0.7038461538461539 0.736098450319052 0.12 0.08113035551504102
0 0.8188461538461539 0.7433910665451231 0.11461538461538462 0.07657247037374658
0 0.35192307692307695 0.7256153144940748 0.11076923076923077 0.07657247037374658
0 0.12730769230769232 0.7169553327256153 0.11692307692307692 0.0829535095715588
0 0.24115384615384616 0.7224247948951686 0.11307692307692307 0.08021877848678213
0 0.03461538461538462 0.719690063810392 0.06923076923076923 0.08477666362807658
0 0.9323076923076923 0.8195077484047402 0.11923076923076924 0.08933454876937101
0 0.7561538461538462 0.817228805834093 0.23076923076923078 0.09662716499544212
0 0.5176923076923077 0.8108477666362808 0.22692307692307692 0.09115770282588878
0 0.2919230769230769 0.8030993618960802 0.2246153846153846 0.09480401093892434
0 0.08807692307692308 0.7999088422971741 0.17615384615384616 0.097538742023701
0 0.9226923076923077 0.898359161349134 0.11923076923076924 0.07839562443026436
0 0.8011538461538461 0.8951686417502279 0.11923076923076924 0.07383773928896992
0 0.34692307692307695 0.8769371011850501 0.11538461538461539 0.07474931631722881
0 0.6823076923076923 0.8906107566089334 0.11461538461538462 0.07474931631722881
0 0.23384615384615384 0.8728350045578851 0.11461538461538462 0.07474931631722881
0 0.5715384615384616 0.886964448495898 0.11076923076923077 0.07292616226071102
0 0.4584615384615385 0.8842297174111212 0.11 0.0674567000911577
0 0.1176923076923077 0.8710118505013673 0.11846153846153847 0.06563354603463993
0 0.03 0.8687329079307201 0.06 0.06198723792160438