0 0.5784375 0.21589147286821705 0.085625 0.04263565891472868
0 0.66125 0.20736434108527133 0.085 0.047286821705426356
0 0.345625 0.26124031007751936 0.0925 0.04573643410852713
0 0.4990625 0.2562015503875969 0.095625 0.04573643410852713
0 0.4296875 0.26627906976744187 0.045625 0.037209302325581395
0 0.2334375 0.29767441860465116 0.10125 0.04573643410852713
0 0.5875 0.25813953488372093 0.086875 0.03875968992248062
0 0.675 0.25116279069767444 0.093125 0.04496124031007752
0 0.4290625 0.29728682170542636 0.048125 0.03798449612403101
0 0.354375 0.30736434108527133 0.098125 0.044186046511627906
0 0.4996875 0.2895348837209302 0.095 0.047286821705426356
0 0.2471875 0.32790697674418606 0.10125 0.04186046511627907
0 0.6753125 0.2802325581395349 0.09125 0.04263565891472868
0 0.5928125 0.3023255813953488 0.088125 0.043410852713178294
0 0.3559375 0.3395348837209302 0.09625 0.04263565891472868
0 0.4984375 0.32131782945736437 0.094375 0.04496124031007752
0 0.42875 0.3306201550387597 0.04625 0.03643410852713178
0 0.251875 0.3581395348837209 0.09875 0.04108527131782946
0 0.6775 0.30930232558139537 0.083125 0.040310077519379844
0 0.5934375 0.33372093023255817 0.09375 0.044186046511627906
0 0.3528125 0.3701550387596899 0.095 0.04186046511627907
0 0.5009375 0.35232558139534886 0.0925 0.044186046511627906
0 0.4309375 0.362015503875969 0.04625 0.03565891472868217
0 0.2471875 0.3887596899224806 0.099375 0.04263565891472868
0 0.6734375 0.3395348837209302 0.07625 0.03875968992248062
0 0.5925 0.3635658914728682 0.089375 0.040310077519379844
0 0.5028125 0.3810077519379845 0.091875 0.04263565891472868
0 0.346875 0.40271317829457365 0.095625 0.044186046511627906
0 0.434375 0.3922480620155039 0.044375 0.03798449612403101
0 0.2484375 0.41821705426356587 0.096875 0.04573643410852713
0 0.6759375 0.3686046511627907 0.03625 0.02868217054263566
0 0.7134375 0.363953488372093 0.0425 0.03178294573643411
0 0.6478125 0.3891472868217054 0.044375 0.03565891472868217
0 0.6028125 0.3949612403100775 0.048125 0.03798449612403101
0 0.5334375 0.4050387596899225 0.091875 0.044186046511627906
0 0.443125 0.42054263565891475 0.091875 0.04108527131782946
0 0.350625 0.43488372093023253 0.095 0.043410852713178294
0 0.2796875 0.4449612403100775 0.04625 0.03178294573643411
0 0.6828125 0.3930232558139535 0.02875 0.02945736434108527
0 0.225 0.45348837209302323 0.048125 0.034108527131782945
0 0.718125 0.39069767441860465 0.043125 0.03255813953488372
0 0.5303125 0.43488372093023253 0.09125 0.04263565891472868
0 0.6484375 0.4201550387596899 0.05 0.037209302325581395
0 0.6053125 0.4263565891472868 0.0425 0.034108527131782945
0 0.440625 0.448062015503876 0.0925 0.043410852713178294
0 0.346875 0.46434108527131784 0.095 0.047286821705426356
0 0.2696875 0.4751937984496124 0.046875 0.03488372093023256
0 0.22125 0.4817829457364341 0.04875 0.03488372093023256
0 0.5346875 0.4631782945736434 0.090625 0.04108527131782946
0 0.650625 0.44922480620155036 0.045 0.03255813953488372
0 0.4409375 0.47751937984496123 0.09 0.04108527131782946
0 0.6078125 0.4565891472868217 0.046875 0.03565891472868217
0 0.718125 0.4437984496124031 0.0925 0.040310077519379844
0 0.340625 0.4937984496124031 0.093125 0.044186046511627906
0 0.271875 0.5046511627906977 0.045 0.03255813953488372
0 0.22375 0.5116279069767442 0.046875 0.034108527131782945
0 0.535625 0.4910852713178295 0.09 0.03875968992248062
0 0.6534375 0.47674418604651164 0.044375 0.03255813953488372
0 0.6096875 0.48410852713178293 0.04375 0.03333333333333333
0 0.44375 0.5069767441860465 0.091875 0.043410852713178294
0 0.34625 0.5217054263565891 0.093125 0.040310077519379844
0 0.721875 0.4744186046511628 0.0925 0.04108527131782946
0 0.2715625 0.5337209302325582 0.045625 0.03255813953488372
0 0.2275 0.5406976744186046 0.04625 0.03565891472868217
0 0.6559375 0.5038759689922481 0.04125 0.03178294573643411
0 0.5378125 0.5197674418604651 0.09 0.04263565891472868
0 0.4434375 0.5341085271317829 0.093125 0.03875968992248062
0 0.6125 0.5131782945736434 0.044375 0.03333333333333333
0 0.3459375 0.55 0.09125 0.037209302325581395
0 0.2725 0.5624031007751938 0.046875 0.03333333333333333
0 0.7246875 0.5038759689922481 0.091875 0.04263565891472868
0 0.2275 0.5724806201550388 0.046875 0.037209302325581395
0 0.6234375 0.5344961240310078 0.089375 0.040310077519379844
0 0.51375 0.5515503875968992 0.04125 0.027906976744186046
0 0.71375 0.5263565891472868 0.091875 0.04186046511627907
0 0.3859375 0.5693798449612403 0.043125 0.03333333333333333
0 0.4715625 0.5585271317829458 0.040625 0.031007751937984496
0 0.556875 0.5472868217054263 0.043125 0.03255813953488372
0 0.32875 0.5790697674418605 0.043125 0.031007751937984496
0 0.42875 0.5674418604651162 0.045 0.03565891472868217
0 0.2571875 0.5980620155038759 0.095625 0.04573643410852713
0 0.516875 0.5775193798449613 0.04125 0.03178294573643411
0 0.6234375 0.5635658914728682 0.089375 0.037209302325581395
0 0.5578125 0.5728682170542636 0.0425 0.027906976744186046
0 0.7128125 0.5534883720930233 0.09 0.040310077519379844
0 0.7125 0.5554263565891473 0.09125 0.034108527131782945
0 0.335 0.6050387596899225 0.043125 0.03255813953488372
0 0.474375 0.5875968992248062 0.04375 0.03643410852713178
0 0.3771875 0.6015503875968993 0.0425 0.03333333333333333
0 0.4271875 0.5976744186046512 0.0425 0.03333333333333333
0 0.2625 0.6205426356589148 0.091875 0.04186046511627907
0 0.560625 0.5992248062015504 0.0425 0.034108527131782945
0 0.62625 0.5910852713178295 0.09 0.03875968992248062
0 0.515 0.608139534883721 0.040625 0.02945736434108527
0 0.71375 0.5829457364341085 0.089375 0.04186046511627907
0 0.334375 0.6333333333333333 0.041875 0.03333333333333333
0 0.383125 0.6271317829457365 0.043125 0.02635658914728682
0 0.475 0.6162790697674418 0.041875 0.03255813953488372
0 0.266875 0.6453488372093024 0.090625 0.03798449612403101
0 0.4328125 0.6251937984496124 0.04375 0.03488372093023256
0 0.6265625 0.6162790697674418 0.086875 0.037209302325581395
0 0.561875 0.6255813953488372 0.04125 0.031007751937984496
0 0.5215625 0.6325581395348837 0.04125 0.03255813953488372
0 0.3821875 0.6507751937984496 0.0425 0.030232558139534883
0 0.336875 0.6585271317829458 0.041875 0.02945736434108527
0 0.7140625 0.610077519379845 0.089375 0.03875968992248062
0 0.4784375 0.6422480620155039 0.04125 0.03333333333333333
0 0.2696875 0.67015503875969 0.09125 0.03798449612403101
0 0.435625 0.6507751937984496 0.043125 0.03565891472868217
0 0.6259375 0.6422480620155039 0.08875 0.03953488372093023
0 0.5615625 0.6511627906976745 0.040625 0.02868217054263566
0 0.521875 0.6589147286821705 0.041875 0.031007751937984496
0 0.3409375 0.6833333333333333 0.0425 0.030232558139534883
0 0.4753125 0.6666666666666666 0.04 0.02945736434108527
0 0.7165625 0.6368217054263566 0.090625 0.03953488372093023
0 0.3871875 0.6798449612403101 0.043125 0.031007751937984496
0 0.2684375 0.6957364341085271 0.09 0.03488372093023256
0 0.43375 0.6779069767441861 0.041875 0.03255813953488372