0 0.3905076923076924 0.12028511087645195 0.19270769230769233 0.09857444561774022
0 0.8170692307692308 0.12488912354804646 0.19390000000000004 0.0910559662090813
0 0.6004769230769231 0.13031678986272438 0.19642307692307687 0.093558606124604
0 0.13803846153846153 0.18837381203801476 0.09425384615384615 0.0860401267159451
0 0.2898230769230769 0.20298838437170008 0.19579230769230768 0.10357972544878562
0 0.8827846153846153 0.20925026399155228 0.09653076923076906 0.097740232312566
0 0.5192615384615384 0.22011615628299894 0.19219230769230763 0.09439281942977823
0 0.7252 0.22554382259767689 0.19393846153846145 0.09022175290390708
0 0.2013 0.28819429778247097 0.19643846153846153 0.09189017951425553
0 0.4248846153846154 0.30197465681098207 0.19451538461538467 0.09774023231256597
0 0.8371461538461539 0.3053220696937698 0.19875384615384623 0.09606124604012674
0 0.6336384615384616 0.31241816261879624 0.19579999999999997 0.0902217529039071
0 0.08653846153846154 0.0337909186906019 0.10230769230769231 0.0675818373812038
0 0.26883076923076926 0.03800422386483632 0.19153846153846155 0.07435058078141499
0 0.13043076923076924 0.38676874340021117 0.10946923076923078 0.10357972544878567
0 0.3178076923076923 0.38676874340021117 0.1945615384615385 0.10357972544878567
0 0.8803538461538462 0.39136219640971487 0.09531538461538451 0.08270327349524809
0 0.5350769230769231 0.3992925026399155 0.1897538461538462 0.08854276663146782
0 0.7364538461538462 0.3992925026399155 0.1896769230769231 0.08520591341077091
0 0.8503846153846154 0.04171066525871172 0.10230769230769231 0.08342133051742344
0 0.693076923076923 0.04171066525871172 0.19692307692307692 0.08342133051742344
0 0.4723384615384615 0.04344244984160507 0.19449999999999998 0.08520591341077086
0 0.22807692307692307 0.4769799366420274 0.19643846153846153 0.08687434002111931
0 0.4276307692307692 0.4803273495248152 0.1878384615384616 0.08185850052798309
0 0.8298461538461538 0.48073917634635693 0.19146153846153854 0.08937697993664201
0 0.6363769230769231 0.4849208025343189 0.18910769230769225 0.0860401267159451
0 0.33697692307692306 0.5626082365364308 0.19396153846153844 0.0877085533262935
0 0.8934307692307693 0.5638542766631468 0.09348461538461554 0.08687434002111931
0 0.7507538461538462 0.5659450897571279 0.18662307692307703 0.08937697993664208
0 0.18184615384615385 0.5680359028511087 0.09546153846153843 0.09355860612460398
0 0.5448153846153846 0.5701267159450897 0.19705384615384622 0.09272439281942972
0 0.8304538461538461 0.6519852164730728 0.1902461538461539 0.08102428722280888
0 0.22016923076923078 0.6532418162618796 0.19643846153846153 0.08854276663146769
0 0.42610769230769235 0.6590813093980993 0.18844615384615385 0.09022175290390713
0 0.6339384615384616 0.6595036958817317 0.1927615384615384 0.0877085533262935
0 0.8751769230769231 0.734688489968321 0.0898384615384615 0.08270327349524809
0 0.7288538461538462 0.7413727560718057 0.1951538461538461 0.09105596620908132
0 0.3290692307692308 0.7430411826821541 0.19031538461538458 0.0860401267159451
0 0.5295769230769232 0.7442872228088702 0.1945846153846154 0.08854276663146769
0 0.18276153846153848 0.7451319957761352 0.09486153846153846 0.09189017951425553
0 0.8082923076923076 0.8269904963041182 0.19094615384615385 0.08687434002111931
0 0.42154615384615385 0.8294931362196409 0.18540769230769227 0.08687434002111931
0 0.6126230769230769 0.8299155227032734 0.18906923076923074 0.08437170010559672
0 0.2247307692307692 0.8324181626187962 0.1946153846153846 0.0877085533262935
0 0.16601538461538462 0.1048363252375924 0.19523076923076926 0.09105596620908132