0 0.11269230769230769 0.05053763440860215 0.16692307692307692 0.1010752688172043
0 0.13615384615384615 0.13440860215053763 0.10846153846153846 0.0913978494623656
0 0.9707692307692307 0.2586021505376344 0.05846153846153846 0.0956989247311828
0 0.8926923076923077 0.2456989247311828 0.10461538461538461 0.09462365591397849
0 0.2957692307692308 0.15913978494623657 0.19384615384615383 0.10752688172043011
0 0.05269230769230769 0.12365591397849462 0.05846153846153846 0.08494623655913978
0 0.7138461538461538 0.22258064516129034 0.20461538461538462 0.10967741935483871
0 0.5473076923076923 0.20053763440860214 0.09692307692307692 0.0956989247311828
0 0.4469230769230769 0.1860215053763441 0.1076923076923077 0.0956989247311828
0 0.7896153846153846 0.3150537634408602 0.11538461538461539 0.10752688172043011
0 0.9292307692307692 0.33978494623655914 0.14153846153846153 0.10752688172043011
0 0.23115384615384615 0.23709677419354838 0.11384615384615385 0.1064516129032258
0 0.6726923076923077 0.3021505376344086 0.11076923076923077 0.1010752688172043
0 0.09923076923076923 0.21827956989247313 0.16538461538461538 0.1064516129032258
0 0.33615384615384614 0.2537634408602151 0.11538461538461539 0.1032258064516129
0 0.7538461538461538 0.06344086021505377 0.21615384615384614 0.08817204301075268
0 0.5 0.27956989247311825 0.2230769230769231 0.11612903225806452
0 0.29307692307692307 0.01935483870967742 0.18923076923076923 0.03870967741935484
0 0.4765384615384615 0.030107526881720432 0.11461538461538462 0.060215053763440864
0 0.9276923076923077 0.09086021505376345 0.11076923076923077 0.07634408602150537
0 0.9876923076923076 0.10215053763440861 0.024615384615384615 0.06881720430107527
0 0.58 0.04032258064516129 0.09846153846153846 0.07419354838709677
0 0.14961538461538462 0.00913978494623656 0.11307692307692307 0.01827956989247312
0 0.7353846153846154 0.39731182795698927 0.2246153846153846 0.12258064516129032
0 0.9196153846153846 0.42473118279569894 0.11384615384615385 0.10215053763440861
0 0.12307692307692308 0.3096774193548387 0.10538461538461538 0.1010752688172043
0 0.040769230769230766 0.29838709677419356 0.06230769230769231 0.0935483870967742
0 0.9865384615384616 0.43870967741935485 0.026923076923076925 0.09247311827956989
0 0.28384615384615386 0.3349462365591398 0.22230769230769232 0.11612903225806452
0 0.44884615384615384 0.3596774193548387 0.11692307692307692 0.1043010752688172
0 0.5611538461538461 0.3763440860215054 0.1123076923076923 0.10215053763440861
0 0.8011538461538461 0.49516129032258066 0.11846153846153847 0.10967741935483871
0 0.6915384615384615 0.4817204301075269 0.10538461538461538 0.0978494623655914
0 0.09923076923076923 0.3978494623655914 0.19384615384615383 0.11612903225806452
0 0.5176923076923077 0.4591397849462366 0.22153846153846155 0.11182795698924732
0 0.24846153846153846 0.4198924731182796 0.11461538461538462 0.1032258064516129
0 0.925 0.5204301075268817 0.15 0.10752688172043011
0 0.3573076923076923 0.4381720430107527 0.10692307692307693 0.1
0 0.7303846153846154 0.5763440860215053 0.21769230769230768 0.110752688172043
0 0.565 0.5526881720430108 0.11076923076923077 0.10215053763440861
0 0.4603846153846154 0.5387096774193548 0.1123076923076923 0.1064516129032258
0 0.11461538461538462 0.48870967741935484 0.1076923076923077 0.0978494623655914
0 0.03307692307692308 0.47634408602150535 0.06615384615384616 0.09032258064516129
0 0.8984615384615384 0.6064516129032258 0.11 0.1053763440860215
0 0.28115384615384614 0.5177419354838709 0.2276923076923077 0.12043010752688173
0 0.9723076923076923 0.6198924731182796 0.04923076923076923 0.0967741935483871
0 0.4938461538461538 0.6327956989247312 0.22076923076923077 0.12258064516129032
0 0.08538461538461538 0.5731182795698925 0.17076923076923076 0.11612903225806452
0 0.6723076923076923 0.6623655913978495 0.11307692307692307 0.11720430107526882
0 0.33192307692307693 0.6123655913978494 0.1076923076923077 0.1
0 0.911923076923077 0.6983870967741935 0.15615384615384614 0.1043010752688172
0 0.7757692307692308 0.6795698924731183 0.09846153846153846 0.1010752688172043
0 0.225 0.6021505376344086 0.11153846153846154 0.0967741935483871
0 0.5492307692307692 0.7295698924731183 0.11153846153846154 0.1053763440860215
0 0.032692307692307694 0.6548387096774193 0.06538461538461539 0.0989247311827957
0 0.27692307692307694 0.693010752688172 0.22692307692307692 0.12258064516129032
0 0.8734615384615385 0.7806451612903226 0.10384615384615385 0.0967741935483871
0 0.9557692307692308 0.7919354838709678 0.05615384615384615 0.09247311827956989
0 0.44076923076923075 0.7193548387096774 0.11692307692307692 0.1086021505376344
0 0.7153846153846154 0.7602150537634409 0.21923076923076923 0.12473118279569892
0 0.11653846153846154 0.6725806451612903 0.09615384615384616 0.1
0 0.08384615384615385 0.7494623655913979 0.1676923076923077 0.10752688172043011
0 0.4876923076923077 0.8123655913978495 0.2246153846153846 0.13010752688172042
0 0.7642307692307693 0.8548387096774194 0.10615384615384615 0.1053763440860215
0 0.8938461538461538 0.875268817204301 0.1646153846153846 0.0913978494623656
0 0.3192307692307692 0.7924731182795699 0.09923076923076923 0.10215053763440861
0 0.66 0.843010752688172 0.11384615384615385 0.1010752688172043
0 0.22 0.7784946236559139 0.10846153846153846 0.10215053763440861
0 0.1076923076923077 0.8220430107526882 0.10307692307692308 0.06451612903225806
0 0.8515384615384616 0.932258064516129 0.10153846153846154 0.06774193548387097
0 0.02653846153846154 0.8096774193548387 0.05307692307692308 0.06236559139784946
0 0.5292307692307693 0.8865591397849463 0.10384615384615385 0.060215053763440864
0 0.6896153846153846 0.910752688172043 0.21153846153846154 0.07419354838709677
0 0.9353846153846154 0.9478494623655914 0.07 0.053763440860215055
0 0.25115384615384617 0.8489247311827957 0.18846153846153846 0.06774193548387097
0 0.806923076923077 0.1424731182795699 0.11153846153846154 0.0967741935483871
0 0.6953846153846154 0.12795698924731183 0.11538461538461539 0.1
0 0.9288461538461539 0.16666666666666666 0.1423076923076923 0.1032258064516129
0 0.3546153846153846 0.08010752688172043 0.10923076923076923 0.09462365591397849
0 0.5192307692307693 0.10483870967741936 0.22153846153846155 0.11720430107526882
0 0.24807692307692308 0.06505376344086021 0.10846153846153846 0.0967741935483871