0 0.8953846153846153 0.12601626016260162 0.19076923076923077 0.12375790424570912
0 0.6911538461538461 0.14453477868112014 0.21153846153846154 0.13279132791327913
0 0.2784615384615385 0.16937669376693767 0.20615384615384616 0.12646793134598014
0 0.48384615384615387 0.16124661246612465 0.21076923076923076 0.13098464317976513
0 0.08884615384615385 0.17886178861788618 0.1776923076923077 0.11924119241192412
0 0.8953846153846153 0.24390243902439024 0.1976923076923077 0.12466124661246612
0 0.6915384615384615 0.26151761517615174 0.21153846153846154 0.13640469738030714
0 0.08884615384615385 0.2935862691960253 0.1776923076923077 0.11924119241192412
0 0.48307692307692307 0.2804878048780488 0.2076923076923077 0.12646793134598014
0 0.2776923076923077 0.29132791327913277 0.20615384615384616 0.12014453477868112
0 0.895 0.36088527551942184 0.2053846153846154 0.12646793134598014
0 0.6861538461538461 0.37985546522131886 0.2123076923076923 0.13188798554652212
0 0.08730769230769231 0.4065040650406504 0.17461538461538462 0.11924119241192412
0 0.2746153846153846 0.4037940379403794 0.2053846153846154 0.12556458897922312
0 0.4796153846153846 0.3956639566395664 0.20846153846153845 0.12917795844625113
0 0.8865384615384615 0.03523035230352303 0.20076923076923076 0.07046070460704607
0 0.6811538461538461 0.04697380307136405 0.21153846153846154 0.0939476061427281
0 0.8953846153846153 0.47831978319783197 0.20923076923076922 0.12375790424570912
0 0.4707692307692308 0.052845528455284556 0.2076923076923077 0.10569105691056911
0 0.085 0.5203252032520326 0.17 0.12104787714543812
0 0.685 0.498193315266486 0.21384615384615385 0.13369467028003612
0 0.27076923076923076 0.5194218608852755 0.20615384615384616 0.12285456187895212
0 0.47807692307692307 0.514453477868112 0.20692307692307693 0.12375790424570912
0 0.2723076923076923 0.06142728093947606 0.19615384615384615 0.1120144534778681
0 0.08692307692307692 0.06955736224028906 0.17384615384615384 0.1120144534778681
0 0.8957692307692308 0.5966576332429991 0.20846153846153845 0.12556458897922312
0 0.085 0.6345980126467932 0.16538461538461538 0.12014453477868112
0 0.6846153846153846 0.6151761517615176 0.21076923076923076 0.13008130081300814
0 0.27153846153846156 0.6327913279132791 0.2053846153846154 0.12646793134598014
0 0.47807692307692307 0.6264679313459801 0.20846153846153845 0.12917795844625113
0 0.08653846153846154 0.7484191508581752 0.16153846153846155 0.12285456187895212
0 0.8938461538461538 0.7158988256549232 0.2123076923076923 0.12917795844625113
0 0.2696153846153846 0.7502258355916892 0.20692307692307693 0.12646793134598014
0 0.6823076923076923 0.7344173441734417 0.21307692307692308 0.13550135501355012
0 0.475 0.7461607949412827 0.2076923076923077 0.12827461607949414
0 0.08884615384615385 0.8672086720867209 0.15923076923076923 0.11562782294489611
0 0.8930769230769231 0.8378500451671184 0.21384615384615385 0.12737127371273713
0 0.26653846153846156 0.8703703703703703 0.19846153846153847 0.12285456187895212
0 0.4723076923076923 0.8626919602529358 0.2023076923076923 0.12285456187895212
0 0.6803846153846154 0.8568202348690154 0.21153846153846154 0.11562782294489611