0 0.55625 0.16753246753246753 0.10375 0.19913419913419914
0 0.9615625 0.40086580086580087 0.076875 0.21298701298701297
0 0.6425 0.37965367965367963 0.121875 0.22164502164502164
0 0.7546875 0.38831168831168833 0.115 0.21471861471861473
0 0.8728125 0.3974025974025974 0.118125 0.21385281385281385
0 0.31125 0.36493506493506495 0.116875 0.20952380952380953
0 0.19875 0.35714285714285715 0.11 0.2077922077922078
0 0.53125 0.3826839826839827 0.115625 0.21385281385281385
0 0.4196875 0.3761904761904762 0.115 0.21645021645021645
0 0.9375 0.6082251082251082 0.116875 0.21212121212121213
0 0.715 0.5969696969696969 0.116875 0.21731601731601732
0 0.829375 0.6073593073593073 0.1125 0.21385281385281385
0 0.27625 0.5675324675324676 0.11625 0.21212121212121213
0 0.605625 0.5917748917748917 0.116875 0.22251082251082252
0 0.4975 0.5883116883116883 0.11125 0.20865800865800865
0 0.39 0.5818181818181818 0.116875 0.21471861471861473
0 0.1678125 0.5666666666666667 0.113125 0.2051948051948052
0 0.8028125 0.8147186147186147 0.116875 0.21731601731601732
0 0.6925 0.8073593073593074 0.11375 0.21471861471861473
0 0.9146875 0.8255411255411256 0.1175 0.2051948051948052
0 0.2471875 0.7792207792207793 0.118125 0.20952380952380953
0 0.3578125 0.7883116883116883 0.116875 0.21385281385281385
0 0.1390625 0.7727272727272727 0.11625 0.21038961038961038
0 0.469375 0.7974025974025974 0.12 0.22251082251082252
0 0.5828125 0.8064935064935065 0.1175 0.21904761904761905