0 0.0665625 0.2045847750865052 0.133125 0.12370242214532871
0 0.6815625 0.2231833910034602 0.089375 0.21972318339100347
0 0.7625 0.21972318339100347 0.083125 0.2171280276816609
0 0.6021875 0.23140138408304498 0.085 0.21885813148788927
0 0.5215625 0.2378892733564014 0.083125 0.21453287197231835
0 0.8353125 0.22448096885813149 0.075625 0.20588235294117646
0 0.3121875 0.2512975778546713 0.32875 0.22837370242214533
0 0.9046875 0.22664359861591696 0.085 0.2102076124567474
0 0.9678125 0.22794117647058823 0.056875 0.20674740484429066
0 0.0725 0.31314878892733566 0.145 0.11418685121107267
0 0.1259375 0.4632352941176471 0.0775 0.21107266435986158
0 0.6321875 0.4411764705882353 0.3225 0.2231833910034602
0 0.2015625 0.46453287197231835 0.0825 0.22145328719723184
0 0.3553125 0.45761245674740486 0.0825 0.22058823529411764
0 0.2784375 0.4623702422145329 0.080625 0.21885813148788927
0 0.0509375 0.4736159169550173 0.0825 0.21193771626297578
0 0.91 0.4320934256055363 0.18 0.22577854671280276
0 0.4321875 0.4563148788927336 0.08375 0.21453287197231835
0 0.1678125 0.08001730103806229 0.076875 0.1323529411764706
0 0.2434375 0.07698961937716263 0.08 0.13321799307958476
0 0.024375 0.08866782006920415 0.04875 0.13408304498269896
0 0.0915625 0.6704152249134948 0.18 0.21107266435986158
0 0.719375 0.6457612456747405 0.085625 0.21885813148788927
0 0.5578125 0.6548442906574394 0.08375 0.21539792387543252
0 0.6396875 0.6518166089965398 0.084375 0.21539792387543252
0 0.3415625 0.6691176470588235 0.33 0.22404844290657439
0 0.7965625 0.648356401384083 0.083125 0.2179930795847751
0 0.3209375 0.07525951557093426 0.068125 0.13667820069204153
0 0.0884375 0.08650519031141868 0.085 0.13581314878892733
0 0.9496875 0.6461937716262975 0.075625 0.21107266435986158
0 0.614375 0.06833910034602077 0.32875 0.13667820069204153
0 0.4003125 0.0726643598615917 0.08 0.13927335640138408
0 0.8821875 0.6596020761245674 0.079375 0.21107266435986158
0 0.886875 0.0657439446366782 0.2075 0.1314878892733564
0 0.0709375 0.8624567474048442 0.08375 0.16349480968858132
0 0.6709375 0.8334775086505191 0.320625 0.17647058823529413
0 0.150625 0.8589965397923875 0.07875 0.1643598615916955
0 0.916875 0.8248269896193772 0.16625 0.16176470588235295
0 0.475625 0.8464532871972318 0.070625 0.15657439446366783
0 0.223125 0.860726643598616 0.07375 0.15397923875432526
0 0.375 0.8542387543252595 0.07625 0.15311418685121106
0 0.305625 0.8589965397923875 0.075625 0.14965397923875431