0 0.3365625 0.070995670995671 0.065625 0.141991341991342
0 0.91625 0.9090909090909091 0.065625 0.11428571428571428
0 0.8565625 0.9047619047619048 0.063125 0.10909090909090909
0 0.274375 0.06883116883116883 0.065 0.13766233766233765
0 0.79125 0.9090909090909091 0.065625 0.09177489177489177
0 0.2209375 0.06623376623376623 0.065625 0.13246753246753246
0 0.7340625 0.9069264069264069 0.064375 0.08398268398268398
0 0.675625 0.9038961038961039 0.06125 0.07705627705627706
0 0.62 0.9012987012987013 0.05625 0.07272727272727272
0 0.5065625 0.8909090909090909 0.0575 0.0735930735930736
0 0.5653125 0.8965367965367965 0.059375 0.0683982683982684
0 0.393125 0.8805194805194805 0.060625 0.07012987012987013
0 0.450625 0.8861471861471861 0.058125 0.070995670995671
0 0.335625 0.8753246753246753 0.05875 0.070995670995671
0 0.22375 0.8649350649350649 0.061875 0.07012987012987013
0 0.1628125 0.8593073593073594 0.059375 0.06926406926406926
0 0.2809375 0.8705627705627705 0.05375 0.0683982683982684
0 0.1053125 0.8545454545454545 0.0625 0.06666666666666667
0 0.39875 0.07835497835497836 0.06875 0.14632034632034632
0 0.0384375 0.848917748917749 0.055625 0.06406926406926407
0 0.9703125 0.21471861471861473 0.059375 0.1471861471861472
0 0.914375 0.21385281385281385 0.0625 0.14891774891774892
0 0.8521875 0.21385281385281385 0.064375 0.1497835497835498
0 0.796875 0.21904761904761905 0.06875 0.15151515151515152
0 0.73875 0.21818181818181817 0.071875 0.1497835497835498
0 0.6825 0.22251082251082252 0.068125 0.1497835497835498
0 0.6215625 0.22554112554112554 0.074375 0.1497835497835498
0 0.561875 0.22164502164502164 0.07375 0.15584415584415584
0 0.0390625 0.1735930735930736 0.05375 0.1445887445887446
0 0.159375 0.18571428571428572 0.07 0.1497835497835498
0 0.5040625 0.22034632034632035 0.07875 0.15584415584415584
0 0.4403125 0.21515151515151515 0.06625 0.15324675324675324
0 0.0953125 0.18571428571428572 0.069375 0.14805194805194805
0 0.3271875 0.20952380952380953 0.060625 0.14632034632034632
0 0.2171875 0.19956709956709956 0.06125 0.14285714285714285
0 0.2715625 0.20606060606060606 0.061875 0.14285714285714285
0 0.3834375 0.22077922077922077 0.065 0.14805194805194805
0 0.9665625 0.3606060606060606 0.065625 0.1445887445887446
0 0.9059375 0.358008658008658 0.066875 0.14805194805194805
0 0.8421875 0.3554112554112554 0.065 0.14285714285714285
0 0.7815625 0.3606060606060606 0.070625 0.1471861471861472
0 0.7253125 0.36277056277056274 0.074375 0.15497835497835497
0 0.6684375 0.3696969696969697 0.07125 0.14891774891774892
0 0.608125 0.36536796536796534 0.069375 0.1523809523809524
0 0.55 0.36493506493506495 0.069375 0.15064935064935064
0 0.145625 0.329004329004329 0.07 0.1523809523809524
0 0.030625 0.31861471861471863 0.051875 0.14632034632034632
0 0.439375 0.3593073593073593 0.06625 0.1471861471861472
0 0.494375 0.3645021645021645 0.07 0.1445887445887446
0 0.204375 0.3380952380952381 0.06375 0.14632034632034632
0 0.26125 0.34545454545454546 0.065625 0.14545454545454545
0 0.0828125 0.329004329004329 0.07125 0.14545454545454545
0 0.3234375 0.35584415584415585 0.07125 0.14891774891774892
0 0.3828125 0.3619047619047619 0.06875 0.1445887445887446
0 0.9678125 0.5043290043290043 0.06375 0.14891774891774892
0 0.903125 0.5 0.07125 0.14805194805194805
0 0.843125 0.49826839826839825 0.06625 0.15151515151515152
0 0.7846875 0.5021645021645021 0.065625 0.1445887445887446
0 0.7271875 0.5060606060606061 0.064375 0.1445887445887446
0 0.973125 0.09523809523809523 0.05375 0.10562770562770563
0 0.66875 0.5125541125541125 0.06875 0.14545454545454545
0 0.613125 0.5095238095238095 0.068125 0.1471861471861472
0 0.5540625 0.5034632034632035 0.069375 0.1445887445887446
0 0.91875 0.08961038961038961 0.06375 0.10562770562770563
0 0.49875 0.5025974025974026 0.0675 0.14545454545454545
0 0.4371875 0.49913419913419915 0.076875 0.1497835497835498
0 0.0265625 0.46060606060606063 0.053125 0.14372294372294372
0 0.2046875 0.4805194805194805 0.065625 0.14545454545454545
0 0.14375 0.47489177489177486 0.071875 0.1497835497835498
0 0.0821875 0.470995670995671 0.068125 0.1445887445887446
0 0.380625 0.5 0.06875 0.14632034632034632
0 0.259375 0.48874458874458876 0.065 0.14891774891774892
0 0.3209375 0.49523809523809526 0.07 0.14805194805194805
0 0.859375 0.08658008658008658 0.064375 0.11168831168831168
0 0.8021875 0.08744588744588745 0.063125 0.12207792207792208
0 0.9275 0.6428571428571429 0.064375 0.141991341991342
0 0.864375 0.6398268398268399 0.065 0.14805194805194805
0 0.7440625 0.08354978354978355 0.06625 0.12727272727272726
0 0.8053125 0.6463203463203463 0.07 0.14632034632034632
0 0.7471875 0.6484848484848484 0.07125 0.14805194805194805
0 0.6878125 0.6541125541125541 0.065 0.14805194805194805
0 0.97625 0.6887445887445888 0.038125 0.14372294372294372
0 0.57375 0.651082251082251 0.06375 0.14891774891774892
0 0.5084375 0.645021645021645 0.07 0.1471861471861472
0 0.63 0.658008658008658 0.059375 0.14372294372294372
0 0.4484375 0.641991341991342 0.0675 0.14891774891774892
0 0.089375 0.6090909090909091 0.063125 0.14112554112554113
0 0.1465625 0.6147186147186147 0.064375 0.141991341991342
0 0.6809375 0.08138528138528138 0.065625 0.13506493506493505
0 0.3846875 0.6393939393939394 0.060625 0.14112554112554113
0 0.32875 0.6346320346320347 0.06375 0.13852813852813853
0 0.2084375 0.6238095238095238 0.070625 0.14372294372294372
0 0.268125 0.6294372294372295 0.06375 0.1393939393939394
0 0.0265625 0.6064935064935065 0.053125 0.14112554112554113
0 0.5675 0.07792207792207792 0.07 0.15064935064935064
0 0.510625 0.07402597402597402 0.075 0.14805194805194805
0 0.624375 0.08441558441558442 0.065 0.15064935064935064
0 0.930625 0.7848484848484848 0.06875 0.1445887445887446
0 0.869375 0.7826839826839826 0.07625 0.15411255411255412
0 0.8128125 0.7878787878787878 0.07125 0.141991341991342
0 0.4553125 0.07272727272727272 0.066875 0.14545454545454545
0 0.044375 0.05194805194805195 0.05125 0.1038961038961039
0 0.7534375 0.7974025974025974 0.0675 0.15151515151515152
0 0.694375 0.7978354978354978 0.07 0.1471861471861472
0 0.6328125 0.7965367965367965 0.061875 0.1471861471861472
0 0.461875 0.780952380952381 0.065 0.14805194805194805
0 0.518125 0.7878787878787878 0.064375 0.14285714285714285
0 0.3453125 0.7718614718614719 0.059375 0.14372294372294372
0 0.574375 0.7943722943722944 0.065625 0.141991341991342
0 0.23625 0.7623376623376623 0.064375 0.1445887445887446
0 0.1634375 0.05844155844155844 0.061875 0.11688311688311688
0 0.1203125 0.7519480519480519 0.0625 0.14372294372294372
0 0.016875 0.7406926406926407 0.03375 0.1445887445887446
0 0.401875 0.7796536796536796 0.06625 0.141991341991342
0 0.1778125 0.758008658008658 0.060625 0.141991341991342
0 0.2928125 0.7692640692640693 0.06 0.14545454545454545
0 0.058125 0.7484848484848485 0.068125 0.14805194805194805
0 0.0975 0.05800865800865801 0.06875 0.11601731601731602