0 0.6589716684155299 0.7680769230769231 0.11227701993704092 0.1453846153846154
0 0.5697796432318992 0.7823076923076923 0.11227701993704092 0.14923076923076922
0 0.869884575026233 0.7784615384615384 0.09024134312696747 0.13846153846153847
0 0.4774396642182581 0.7876923076923077 0.11017838405036726 0.1476923076923077
0 0.17103882476390347 0.08884615384615385 0.16054564533053514 0.06461538461538462
0 0.3515215110178384 0.08653846153846154 0.1689401888772298 0.07384615384615385
0 0.22245540398740818 0.8703846153846154 0.32948583420776495 0.13307692307692306
0 0.8735571878279118 0.91 0.08604407135362015 0.13615384615384615
0 0.6358866736621196 0.9246153846153846 0.3861490031479538 0.15076923076923077
0 0.8210912906610703 0.08961538461538461 0.15110178384050368 0.06769230769230769
0 0.12224554039874082 0.9692307692307692 0.08499475341028331 0.06153846153846154
0 0.21038824763903463 0.9688461538461538 0.08289611752360965 0.06230769230769231
0 0.2969569779643232 0.9688461538461538 0.08184679958027283 0.06230769230769231
0 0.3284365162644281 0.18730769230769231 0.08289611752360965 0.13
0 0.08394543546694648 0.19346153846153846 0.09863588667366212 0.14076923076923076
0 0.2528856243441763 0.19692307692307692 0.08709338929695698 0.13230769230769232
0 0.7964323189926548 0.19384615384615383 0.09338929695697797 0.13923076923076924
0 0.1694648478488982 0.2026923076923077 0.08604407135362015 0.1376923076923077
0 0.7025183630640084 0.19615384615384615 0.10178384050367262 0.14384615384615385
0 0.8709338929695698 0.19576923076923078 0.05666316894018888 0.14461538461538462
0 0.5954879328436516 0.20461538461538462 0.10388247639034627 0.14384615384615385
0 0.5078698845750262 0.2123076923076923 0.10598111227701994 0.1453846153846154
0 0.3200419727177335 0.028076923076923076 0.15739769150052466 0.05307692307692308
0 0.1589716684155299 0.03192307692307692 0.1689401888772298 0.054615384615384614
0 0.8242392444910808 0.028076923076923076 0.14375655823714587 0.05615384615384615
0 0.19832109129066108 0.3334615384615385 0.3410283315844701 0.14692307692307693
0 0.8646379853095488 0.3453846153846154 0.07660020986358866 0.14
0 0.621196222455404 0.3496153846153846 0.3882476390346275 0.17
0 0.2570828961175236 0.46807692307692306 0.08919202518363065 0.13615384615384615
0 0.06400839454354669 0.47423076923076923 0.08814270724029381 0.13615384615384615
0 0.15320041972717732 0.47384615384615386 0.08499475341028331 0.13076923076923078
0 0.75498426023085 0.4757692307692308 0.09338929695697797 0.1346153846153846
0 0.6694648478488983 0.48346153846153844 0.09968520461699895 0.14
0 0.8672612801678908 0.4896153846153846 0.07974816369359916 0.14307692307692307
0 0.5766002098635886 0.4938461538461538 0.10388247639034627 0.14384615384615385
0 0.4910807974816369 0.5061538461538462 0.10598111227701994 0.14461538461538462
0 0.18363064008394545 0.61 0.36096537250786986 0.1476923076923077
0 0.6033578174186779 0.6292307692307693 0.3934942287513116 0.16615384615384615
0 0.8641133263378804 0.64 0.08709338929695698 0.1376923076923077
0 0.34679958027282265 0.7342307692307692 0.07450157397691501 0.13076923076923078
0 0.16474291710388247 0.7411538461538462 0.09024134312696747 0.12846153846153846
0 0.25445960125918154 0.7403846153846154 0.08604407135362015 0.12923076923076923
0 0.05141657922350472 0.7519230769230769 0.09338929695697797 0.13307692307692306
0 0.748688352570829 0.7576923076923077 0.11017838405036726 0.14384615384615385