0 0.55875 0.888840830449827 0.2925 0.07612456747404844
0 0.0615625 0.8788927335640139 0.123125 0.06920415224913495
0 0.2671875 0.884515570934256 0.280625 0.07006920415224914
0 0.85125 0.9013840830449827 0.288125 0.0657439446366782
0 0.705 0.11072664359861592 0.2775 0.11245674740484429
0 0.9234375 0.11721453287197232 0.153125 0.10640138408304499
0 0.4246875 0.11072664359861592 0.27375 0.1254325259515571
0 0.135625 0.10726643598615918 0.2625 0.1185121107266436
0 0.8665625 0.2227508650519031 0.266875 0.10986159169550173
0 0.5671875 0.21885813148788927 0.27875 0.12370242214532871
0 0.064375 0.21150519031141868 0.12125 0.10294117647058823
0 0.283125 0.2227508650519031 0.268125 0.11072664359861592
0 0.5671875 0.02768166089965398 0.269375 0.05536332179930796
0 0.083125 0.02249134948096886 0.155 0.04498269896193772
0 0.841875 0.035899653979238756 0.2725 0.06228373702422145
0 0.295625 0.026384083044982697 0.26625 0.052768166089965395
0 0.70125 0.3352076124567474 0.28375 0.11505190311418685
0 0.9328125 0.3408304498269896 0.134375 0.11418685121107267
0 0.1190625 0.3222318339100346 0.234375 0.11591695501730104
0 0.41875 0.333477508650519 0.2775 0.11418685121107267
0 0.8390625 0.4524221453287197 0.28125 0.11505190311418685
0 0.539375 0.4476643598615917 0.279375 0.11764705882352941
0 0.05 0.4359861591695502 0.099375 0.11332179930795848
0 0.2471875 0.44420415224913495 0.2775 0.11678200692041522
0 0.9184375 0.5674740484429066 0.163125 0.11245674740484429
0 0.681875 0.5657439446366782 0.289375 0.1254325259515571
0 0.3834375 0.5583910034602076 0.28625 0.12024221453287197
0 0.1175 0.5566608996539792 0.235 0.11332179930795848
0 0.8334375 0.6855536332179931 0.29625 0.1254325259515571
0 0.530625 0.6816608996539792 0.293125 0.12110726643598616
0 0.0471875 0.6704152249134948 0.094375 0.11418685121107267
0 0.2346875 0.6773356401384083 0.283125 0.12370242214532871
0 0.13375 0.7884948096885813 0.2675 0.1254325259515571
0 0.9353125 0.8092560553633218 0.1225 0.12975778546712802
0 0.4234375 0.8006055363321799 0.291875 0.12110726643598616
0 0.7253125 0.8083910034602076 0.30375 0.12716262975778547