0 0.47555384615384616 0.1129780564263323 0.35778461538461537 0.1292476489028213
0 0.14565384615384616 0.11715778474399165 0.29075384615384614 0.13575757575757572
0 0.7576 0.2231556948798328 0.1648153846153846 0.1245977011494253
0 0.9265769230769231 0.22827586206896552 0.14683846153846145 0.1292476489028213
0 0.5559846153846154 0.23478578892371996 0.16681538461538473 0.12366771159874611
0 0.3821076923076923 0.23989550679205854 0.16953076923076918 0.12831765935214212
0 0.053492307692307686 0.24082549634273773 0.10697692307692307 0.12087774294670847
0 0.20520769230769229 0.2529153605015674 0.16617692307692306 0.12087774294670847
0 0.8348538461538461 0.34915360501567394 0.3302846153846153 0.11994775339602921
0 0.4735 0.36588296760710554 0.3550461538461538 0.13296760710553815
0 0.14393846153846154 0.37100313479623825 0.2873384615384615 0.12831765935214207
0 0.7579384615384616 0.4672413793103448 0.16686923076923083 0.11994775339602921
0 0.9238384615384615 0.47514106583072097 0.15231538461538444 0.12087774294670842
0 0.5467461538461539 0.48491118077324974 0.1579230769230769 0.12180773249738772
0 0.3797153846153846 0.4946708463949843 0.16473846153846156 0.1301776384535005
0 0.05396923076923077 0.4951306165099269 0.10738461538461536 0.11994775339602928
0 0.19254615384615384 0.4960606060606061 0.1572923076923077 0.1218077324973876
0 0.8369076923076924 0.5904388714733542 0.326176923076923 0.12831765935214207
0 0.4741846153846154 0.6178683385579937 0.3468230769230769 0.1366875653082549
0 0.1425769230769231 0.6290282131661442 0.28460769230769234 0.11994775339602921
0 0.7524615384615385 0.7108568443051201 0.16276153846153849 0.11622779519331246
0 0.9272615384615385 0.7150365726227795 0.145476923076923 0.11157784743991637
0 0.3797153846153846 0.737816091954023 0.16200769230769227 0.11064785788923731
0 0.5532461538461538 0.7396760710553814 0.16406923076923075 0.11994775339602921
0 0.055 0.7480459770114942 0.10807692307692307 0.11436781609195407
0 0.18946923076923078 0.7489759665621735 0.15797692307692307 0.11250783699059569
0 0.8338307692307693 0.8410344827586207 0.3323384615384615 0.12924764890282137
0 0.47076153846153845 0.8498641588296761 0.3427230769230769 0.109717868338558
0 0.14052307692307692 0.8531138975966561 0.28049999999999997 0.1069278996865203
0 0.8410153846153846 0.09483803552769068 0.3179692307692309 0.141337513061651