0 0.915 0.23501577287066247 0.11153846153846154 0.20609884332281808
0 0.17192307692307693 0.23659305993690852 0.10384615384615385 0.20084121976866456
0 0.8003846153846154 0.2392218717139853 0.1076923076923077 0.20189274447949526
0 0.693076923076923 0.2455310199789695 0.10230769230769231 0.2092534174553102
0 0.2792307692307692 0.2476340694006309 0.10615384615384615 0.20294426919032596
0 0.06923076923076923 0.24973711882229233 0.10076923076923076 0.20609884332281808
0 0.3830769230769231 0.2502628811777077 0.09923076923076923 0.19768664563617244
0 0.4846153846153846 0.25499474237644587 0.10230769230769231 0.20084121976866456
0 0.5865384615384616 0.25499474237644587 0.10384615384615385 0.19453207150368035
0 0.8923076923076924 0.4442691903259727 0.2153846153846154 0.20399579390115669
0 0.2915384615384615 0.45531019978969506 0.31461538461538463 0.21871713985278654
0 0.6180769230769231 0.4589905362776025 0.3161538461538462 0.2113564668769716
0 0.06307692307692307 0.4589905362776025 0.12615384615384614 0.20504731861198738
0 0.945 0.655099894847529 0.11 0.19558359621451105
0 0.8415384615384616 0.658254468980021 0.09384615384615384 0.20294426919032596
0 0.8826923076923077 0.06624605678233439 0.23461538461538461 0.13038906414300735
0 0.7346153846153847 0.6629863301787592 0.10076923076923076 0.20609884332281808
0 0.6292307692307693 0.6645636172450052 0.10307692307692308 0.19978969505783387
0 0.20461538461538462 0.667192429022082 0.10384615384615385 0.19032597266035753
0 0.5230769230769231 0.6698212407991588 0.10538461538461538 0.19242902208201892
0 0.31038461538461537 0.6703470031545742 0.10307692307692308 0.2092534174553102
0 0.04807692307692308 0.06729758149316509 0.09615384615384616 0.13459516298633017
0 0.0973076923076923 0.6740273396424816 0.10384615384615385 0.2082018927444795
0 0.4173076923076923 0.6798107255520505 0.10230769230769231 0.20715036803364878
0 0.27153846153846156 0.07255520504731862 0.31153846153846154 0.14511041009463724
0 0.5942307692307692 0.07308096740273397 0.32153846153846155 0.14616193480546794
0 0.8980769230769231 0.8322818086225027 0.20384615384615384 0.14511041009463724
0 0.6284615384615385 0.8359621451104101 0.32 0.13354363827549948
0 0.30653846153846154 0.8412197686645636 0.31846153846153846 0.13144058885383805
0 0.07346153846153847 0.8459516298633017 0.14692307692307693 0.1156677181913775