0 0.3174461538461539 0.07333812949640288 0.044469230769230816 0.07698561151079136
0 0.9191846153846154 0.07393525179856116 0.04436923076923064 0.07722302158273382
0 0.015538461538461537 0.07394964028776979 0.030738461538461537 0.08063309352517986
0 0.4095692307692308 0.07422302158273382 0.046123076923076954 0.07766906474820144
0 0.45333076923076926 0.07482014388489208 0.04259230769230761 0.07707194244604317
0 0.8252384615384615 0.07487769784172663 0.05034615384615371 0.07909352517985613
0 0.14245384615384615 0.07536690647482015 0.04194615384615383 0.07698561151079138
0 0.3646615384615385 0.07576978417266186 0.04358461538461536 0.07617266187050359
0 0.1862 0.07638129496402876 0.04799230769230768 0.07495683453237409
0 0.27326923076923076 0.07638129496402876 0.04362307692307695 0.07415107913669063
0 0.23081538461538462 0.07658273381294964 0.04190769230769232 0.07455395683453236
0 0.9648076923076923 0.07690647482014389 0.04736153846153859 0.0787841726618705
0 0.24423846153846154 0.7686474820143886 0.04362307692307695 0.0656402877697841
0 0.020300000000000002 0.7696546762589928 0.04024615384615384 0.06604316546762595
0 0.19637692307692306 0.7704676258992806 0.039738461538461556 0.06685611510791355
0 0.6286846153846154 0.7709064748201438 0.04375384615384624 0.058978417266187064
0 0.6707153846153846 0.7714676258992805 0.04013076923076929 0.061223021582733746
0 0.06773076923076923 0.7735035971223022 0.04413076923076924 0.06725899280575524
0 0.11256153846153848 0.7737122302158274 0.041946153846153855 0.06685611510791355
0 0.15479230769230767 0.7755323741007194 0.04236153846153846 0.06320863309352527
0 0.05690769230769231 0.07820143884892086 0.048476923076923084 0.07941726618705038
0 0.5003 0.07841726618705036 0.04545384615384609 0.07646762589928059
0 0.7109461538461539 0.7911223021582734 0.046123076923076954 0.06908633093525195
0 0.10086923076923077 0.08023021582733812 0.04023076923076924 0.07617266187050359
0 0.7819538461538461 0.08159712230215828 0.03866153846153854 0.06440287769784174
0 0.5562384615384616 0.08246762589928057 0.058576923076923144 0.07676978417266185
0 0.6952230769230769 0.08597122302158273 0.04371538461538456 0.0687769784172662
0 0.6101 0.08711510791366907 0.047653846153846185 0.08366906474820145
0 0.6531153846153845 0.08738129496402876 0.04373846153846146 0.07284172661870503
0 0.8693923076923077 0.011410071942446042 0.04372307692307704 0.022820143884892084
0 0.8702230769230769 0.14115107913669064 0.04606153846153854 0.06596402877697842
0 0.7873 0.14302877697841726 0.044676923076923024 0.06409352517985614
0 0.4299307692307692 0.14349640287769785 0.047723076923076896 0.08546762589928059
0 0.8282846153846154 0.1441223021582734 0.03839230769230758 0.05127338129496402
0 0.9206923076923078 0.14959712230215827 0.043369230769230854 0.06596402877697842
0 0.2572384615384616 0.15093525179856115 0.04536153846153848 0.07576978417266189
0 0.34365384615384614 0.15113669064748203 0.04316923076923077 0.08833093525179858
0 0.7396769230769231 0.15131654676258993 0.047038461538461605 0.07128057553956833
0 0.2100230769230769 0.1517410071942446 0.047115384615384615 0.07901438848920862
0 0.9663076923076923 0.15225179856115106 0.04569230769230776 0.07628057553956832
0 0.29946923076923077 0.15255395683453238 0.03884615384615384 0.07901438848920864
0 0.16887692307692306 0.1529568345323741 0.04539999999999999 0.07738848920863307
0 0.3866538461538461 0.15324460431654677 0.0387692307692308 0.07797122302158273
0 0.0333 0.15336690647482015 0.04026153846153847 0.07090647482014391
0 0.5203307692307692 0.15338848920863307 0.041915384615384625 0.08066906474820142
0 0.12361538461538461 0.15600000000000003 0.03719230769230771 0.07698561151079138
0 0.07856153846153846 0.15640287769784175 0.045869230769230766 0.07617266187050362
0 0.4752923076923077 0.15684172661870502 0.04610000000000005 0.07497122302158274
0 0.823076923076923 0.01618705035971223 0.046153846153846156 0.03237410071942446
0 0.6982307692307692 0.15912949640287768 0.04638461538461535 0.07502877697841726
0 0.5632923076923076 0.16028776978417267 0.04125384615384624 0.0788705035971223
0 0.6546230769230769 0.16288489208633095 0.0427230769230769 0.08566187050359712
0 0.9161769230769231 0.016884892086330934 0.042369230769230715 0.03376258992805756
0 0.6071615384615384 0.16804316546762588 0.042746153846153795 0.07346762589928056
0 0.3432230769230769 0.017827338129496405 0.03450000000000002 0.03565467625899281
0 0.4281615384615385 0.017841726618705037 0.0422692307692308 0.035683453237410075
0 0.9624692307692307 0.017978417266187048 0.04803076923076927 0.035949640287769785
0 0.4734384615384616 0.018446043165467628 0.0400384615384615 0.036892086330935256
0 0.034600000000000006 0.019043165467625897 0.042861538461538465 0.038086330935251794
0 0.2530769230769231 0.019064748201438848 0.04153846153846154 0.038129496402877695
0 0.29653846153846153 0.019064748201438848 0.040769230769230766 0.038129496402877695
0 0.1673076923076923 0.019424460431654675 0.04230769230769231 0.03884892086330935
0 0.3830769230769231 0.019424460431654675 0.04153846153846154 0.03884892086330935
0 0.7328230769230769 0.019539568345323742 0.04469999999999992 0.03845323741007194
0 0.5146153846153846 0.019784172661870502 0.043076923076923075 0.039568345323741004
0 0.2121923076923077 0.02005755395683453 0.03845384615384616 0.039302158273381294
0 0.12209999999999999 0.02046043165467626 0.04022307692307694 0.04092086330935252
0 0.0792153846153846 0.021676258992805758 0.04283846153846153 0.04254676258992806
0 0.7773076923076923 0.02194244604316547 0.04384615384615385 0.04388489208633094
0 0.8754 0.22041007194244605 0.048400000000000054 0.08191366906474822
0 0.19703076923076923 0.2220431654676259 0.034130769230769235 0.054294964028776996
0 0.9235307692307692 0.2236906474820144 0.04569999999999989 0.08097122302158272
0 0.8290846153846153 0.2249424460431655 0.04133076923076925 0.07909352517985607
0 0.03438461538461539 0.2273093525179856 0.03983076923076923 0.07860431654676259
0 0.7859692307692308 0.22853237410071944 0.04469230769230762 0.08191366906474822
0 0.7408538461538462 0.2294748201438849 0.04671538461538463 0.08066187050359712
0 0.2449 0.22994244604316547 0.044938461538461504 0.07901438848920866
0 0.5156846153846154 0.23001438848920866 0.0377461538461538 0.07797122302158273
0 0.5574846153846154 0.02344604316546763 0.04234615384615381 0.04627338129496402
0 0.11928461538461538 0.23115827338129497 0.04153076923076924 0.08630215827338132
0 0.2921076923076923 0.23115827338129497 0.043192307692307676 0.08063309352517989
0 0.16216153846153847 0.23156834532374101 0.044107692307692334 0.07901438848920866
0 0.42928461538461543 0.2325611510791367 0.041307692307692344 0.08187050359712227
0 0.47384615384615386 0.23286330935251798 0.043853846153846146 0.07587050359712233
0 0.3362923076923077 0.23358992805755396 0.040569230769230774 0.07253237410071946
0 0.382 0.23376258992805757 0.04421538461538463 0.07527338129496403
0 0.9636384615384616 0.23384892086330936 0.047692307692307694 0.08003597122302158
0 0.07618461538461539 0.23500719424460434 0.04284615384615386 0.08023021582733812
0 0.556076923076923 0.2369064748201439 0.042223076923077 0.07197122302158271
0 0.6023076923076923 0.023741007194244605 0.043076923076923075 0.04748201438848921
0 0.6870461538461539 0.24119424460431654 0.04539999999999999 0.08347482014388487
0 0.601323076923077 0.24307194244604316 0.047107692307692316 0.08347482014388487
0 0.6444307692307693 0.2436978417266187 0.04107692307692315 0.07597122302158275
0 0.6454307692307691 0.025323741007194246 0.04440000000000002 0.05064748201438849
0 0.6887076923076924 0.02548201438848921 0.04271538461538459 0.05095683453237411
0 0.15934615384615386 0.30146043165467623 0.04194615384615387 0.05510791366906476
0 0.8652076923076923 0.3016906474820144 0.047399999999999914 0.07565467625899279
0 0.8209000000000001 0.3032517985611511 0.0369923076923078 0.06753237410071943
0 0.2910307692307692 0.3040935251798561 0.04362307692307695 0.06280575539568342
0 0.2035307692307692 0.3045035971223021 0.041923076923076924 0.07090647482014384
0 0.9103307692307693 0.3046618705035971 0.04403846153846154 0.07722302158273384
0 0.24706153846153847 0.30530935251798563 0.04233846153846151 0.07090647482014384
0 0.023992307692307695 0.3055107913669065 0.04503076923076923 0.07131654676258993
0 0.3345461538461539 0.3069352517985611 0.03908461538461543 0.069273381294964
0 0.5187538461538461 0.3072302158273381 0.0400384615384615 0.08066906474820143
0 0.736676923076923 0.30935251798561153 0.04437692307692312 0.07597122302158275
0 0.3763846153846154 0.3097841726618705 0.0413153846153846 0.07917266187050356
0 0.11170000000000001 0.3111870503597122 0.0437 0.07131654676258993
0 0.9544461538461538 0.3112302158273381 0.04869999999999996 0.07221582733812949
0 0.4680692307692308 0.311431654676259 0.04512307692307699 0.08126618705035973
0 0.7809615384615385 0.3129496402877698 0.0400153846153846 0.07815827338129495
0 0.06752307692307692 0.31341726618705035 0.04111538461538461 0.07010071942446047
0 0.4230230769230769 0.31368345323741004 0.04353846153846147 0.0809712230215827
0 0.5615538461538462 0.31428057553956834 0.04354615384615377 0.08216546762589931
0 0.9871076923076924 0.31732374100719424 0.025776923076923246 0.07628057553956832
0 0.6941076923076923 0.32132374100719424 0.038046153846153875 0.06627338129496403
0 0.6506692307692308 0.32162589928057556 0.0422307692307693 0.07587050359712233
0 0.6061076923076923 0.32402877697841725 0.03840000000000006 0.07047482014388491
0 0.866 0.3808561151079137 0.047700000000000166 0.07736690647482011
0 0.06036153846153846 0.3814892086330935 0.0475923076923077 0.08954676258992808
0 0.020946153846153847 0.3818920863309353 0.03808461538461538 0.07576978417266182
0 0.9084769230769231 0.3834028776978417 0.03518461538461522 0.07347482014388484
0 0.2375230769230769 0.3835107913669065 0.03972307692307691 0.07576978417266182
0 0.8235230769230769 0.38565467625899275 0.04355384615384607 0.08156834532374105
0 0.19355384615384616 0.3859424460431655 0.045376923076923086 0.07333812949640292
0 0.10693076923076922 0.38634532374100716 0.041946153846153834 0.07658273381294968
0 0.28105384615384615 0.38634532374100716 0.04186923076923073 0.07658273381294968
0 0.5044538461538461 0.38684892086330935 0.044146153846153925 0.07976978417266191
0 0.7372384615384615 0.38699999999999996 0.04285384615384618 0.07707194244604312
0 0.14937692307692307 0.38715827338129494 0.040192307692307694 0.07738848920863305
0 0.36788461538461537 0.3882014388489209 0.04420000000000003 0.078273381294964
0 0.9496692307692307 0.3883525179856115 0.048953846153846056 0.08036690647482017
0 0.7786384615384615 0.38850359712230215 0.03972307692307691 0.07407194244604319
0 0.32284615384615384 0.3889496402877698 0.04326153846153847 0.07617266187050355
0 0.5509692307692308 0.39059712230215826 0.04483846153846151 0.07107194244604315
0 0.41596923076923076 0.3931510791366907 0.04482307692307691 0.0743741007194245
0 0.4606923076923077 0.395546762589928 0.0399923076923077 0.07197122302158271
0 0.5977846153846154 0.39659712230215827 0.04420000000000003 0.07466906474820141
0 0.6925153846153846 0.3973453237410072 0.05216923076923072 0.07617266187050363
0 0.6482769230769231 0.40034532374100723 0.04898461538461543 0.07856834532374103
0 0.8778615384615385 0.4595755395683453 0.04513076923076929 0.07707194244604325
0 0.20958461538461537 0.45989208633093526 0.04710000000000002 0.0777985611510792
0 0.2544153846153846 0.4604964028776979 0.04231538461538461 0.08225179856115103
0 0.03935384615384615 0.4617122302158273 0.03850769230769231 0.07738848920863305
0 0.920653846153846 0.46452517985611513 0.045438461538461664 0.07797122302158281
0 0.07942307692307693 0.4657625899280575 0.04065384615384616 0.0741510791366906
0 0.3464 0.4658705035971223 0.04548461538461538 0.07646762589928055
0 0.7523538461538462 0.4658705035971223 0.042300000000000004 0.07587050359712233
0 0.16605384615384616 0.4671870503597122 0.04321538461538462 0.07536690647482014
0 0.9608923076923077 0.4672230215827339 0.04317692307692316 0.0809712230215827
0 0.5269384615384616 0.46782014388489207 0.04166153846153853 0.07736690647482011
0 0.43616923076923075 0.4679712230215827 0.04673076923076923 0.07227338129496405
0 0.48136923076923077 0.46812230215827344 0.04799230769230777 0.07856834532374103
0 0.7941846153846154 0.468568345323741 0.04388461538461544 0.07587050359712233
0 0.30033076923076923 0.46982014388489207 0.04576153846153847 0.07658273381294968
0 0.8369846153846153 0.4702230215827338 0.03841538461538466 0.07437410071942438
0 0.39112307692307696 0.4714172661870503 0.04386153846153849 0.07497122302158277
0 0.5695769230769231 0.47231654676258994 0.04420769230769233 0.07797122302158281
0 0.12208461538461539 0.4734676258992806 0.04279999999999999 0.07495683453237414
0 0.7039000000000001 0.4744172661870504 0.05313076923076918 0.07676978417266189
0 0.6133384615384616 0.47561870503597126 0.04707692307692311 0.07976978417266178
0 0.6580538461538462 0.47831654676258994 0.04416923076923083 0.07376978417266185
0 0.8742692307692307 0.5369640287769785 0.04605384615384607 0.0752661870503598
0 0.21023076923076925 0.5370791366906474 0.041469230769230744 0.06928776978417263
0 0.2565769230769231 0.5395107913669065 0.04404615384615384 0.07333812949640292
0 0.03696923076923077 0.5399136690647482 0.045869230769230766 0.08144604316546765
0 0.1643153846153846 0.5417410071942446 0.04148461538461539 0.08023021582733812
0 0.07919999999999999 0.5421438848920863 0.04281538461538461 0.0777985611510792
0 0.8205307692307693 0.5423021582733812 0.04066923076923069 0.07133093525179862
0 0.9196 0.5431438848920863 0.043030769230769275 0.07302158273381296
0 0.7298615384615385 0.5453884892086331 0.04791538461538459 0.07975539568345316
0 0.5275153846153846 0.5462302158273381 0.04319230769230776 0.0791942446043165
0 0.47827692307692304 0.5465107913669065 0.04321538461538466 0.07975539568345316
0 0.30033076923076923 0.5466043165467626 0.03970000000000001 0.07131654676259001
0 0.3432 0.5469928057553958 0.04356153846153846 0.07376978417266185
0 0.4324769230769231 0.5480431654676259 0.040638461538461484 0.08126618705035973
0 0.3880769230769231 0.5486402877697841 0.04675384615384613 0.0734748201438848
0 0.9616307692307692 0.5490431654676259 0.04421538461538463 0.07694964028776981
0 0.12273846153846155 0.549841726618705 0.0389 0.07455395683453245
0 0.5725461538461538 0.5501654676258992 0.04557692307692308 0.0803237410071943
0 0.6728153846153846 0.5507266187050359 0.046738461538461534 0.06908633093525178
0 0.6259846153846154 0.5510071942446043 0.04675384615384613 0.07975539568345316
0 0.7806 0.5524100719424461 0.04009230769230761 0.07020863309352512
0 0.2111 0.6092014388489209 0.044930769230769205 0.0741510791366906
0 0.25787692307692306 0.6146690647482014 0.049246153846153835 0.07698561151079136
0 0.7007384615384615 0.6192517985611511 0.04852307692307687 0.07133093525179862
0 0.30146923076923077 0.6195323741007194 0.04110769230769226 0.07536690647482014
0 0.04238461538461539 0.6197410071942446 0.04283076923076923 0.07576978417266182
0 0.8781692307692307 0.620093525179856 0.04905384615384614 0.07863309352517982
0 0.922046153846154 0.620093525179856 0.04071538461538449 0.07414388489208629
0 0.1693 0.6201438848920864 0.04104615384615386 0.07495683453237414
0 0.345 0.6219640287769784 0.0423923076923077 0.07455395683453245
0 0.5228076923076923 0.6239928057553957 0.044476923076923025 0.07860431654676259
0 0.8277307692307692 0.6240287769784173 0.0430692307692306 0.07751079136690649
0 0.08505384615384615 0.6250071942446043 0.03891538461538463 0.0676690647482014
0 0.3872307692307692 0.6252086330935251 0.04020769230769229 0.06888489208633093
0 0.4779769230769231 0.6260143884892087 0.043200000000000065 0.0745539568345323
0 0.12533076923076925 0.6264244604316547 0.043230769230769225 0.07698561151079136
0 0.43141538461538464 0.6266258992805755 0.04451538461538453 0.06847482014388494
0 0.7370692307692308 0.6285179856115107 0.04310769230769228 0.07863309352517982
0 0.9643769230769231 0.6293597122302158 0.047299999999999835 0.07582733812949646
0 0.6106769230769231 0.6299208633093525 0.046161538461538455 0.07582733812949646
0 0.7845 0.6302014388489209 0.04428461538461534 0.07751079136690649
0 0.6557076923076923 0.6321726618705036 0.044938461538461594 0.07807194244604315
0 0.5674230769230769 0.6327050359712231 0.03926153846153843 0.06685611510791371
0 0.8755692307692308 0.06456115107913668 0.04606153846153854 0.07659712230215827
0 0.34824615384615387 0.6837553956834532 0.045423076923076885 0.049841726618705014
0 0.3961076923076923 0.689431654676259 0.040638461538461526 0.05794244604316544
0 0.8694615384615384 0.691705035971223 0.043653846153846154 0.056726618705035904
0 0.21564615384615382 0.691863309352518 0.04883076923076925 0.07982014388489211
0 0.2619923076923077 0.6924676258992806 0.04188461538461542 0.07536690647482014
0 0.9123923076923076 0.6950791366906475 0.04903846153846154 0.07582733812949646
0 0.30536153846153846 0.696115107913669 0.04370769230769234 0.0777985611510792
0 0.43877692307692306 0.6985467625899281 0.035853846153846076 0.07131654676259001
0 0.04130769230769231 0.6987482014388489 0.040676923076923076 0.07576978417266182
0 0.8262307692307692 0.6990071942446043 0.04847692307692306 0.07020863309352512
0 0.08440769230769231 0.6993597122302159 0.04368461538461538 0.0761726618705035
0 0.17146923076923076 0.6997625899280575 0.03672307692307693 0.0761726618705035
0 0.4803615384615385 0.7003669064748201 0.04016923076923079 0.07333812949640292
0 0.5230230769230769 0.7011798561151078 0.04058461538461538 0.07171942446043161
0 0.6920307692307692 0.7015395683453237 0.049130769230769145 0.0752661870503598
0 0.964076923076923 0.7032230215827339 0.04310000000000015 0.06628057553956843
0 0.12901538461538462 0.7034100719424461 0.04279999999999999 0.07212230215827338
0 0.5632384615384616 0.7043453237410072 0.03657692307692304 0.06628057553956843
0 0.6058692307692307 0.7049064748201439 0.04256153846153841 0.0718920863309353
0 0.6476 0.7054676258992806 0.039538461538461606 0.0718920863309353
0 0.7379692307692308 0.705748201438849 0.0497076923076924 0.07470503597122305
0 0.783 0.7063093525179855 0.04368461538461545 0.0735827338129497
0 0.7390076923076924 0.0714388489208633 0.04570000000000006 0.07784892086330936