0 0.15615384615384614 0.26749611197511663 0.045384615384615384 0.1368584758942457
0 0.19576923076923078 0.25894245723172626 0.04923076923076923 0.14307931570762053
0 0.2323076923076923 0.25660964230171074 0.046153846153846156 0.1368584758942457
0 0.8476923076923077 0.104199066874028 0.03923076923076923 0.12752721617418353
0 0.815 0.1150855365474339 0.040769230769230766 0.12752721617418353
0 0.26884615384615385 0.2511664074650078 0.04692307692307692 0.1368584758942457
0 0.30615384615384617 0.24650077760497668 0.046153846153846156 0.13996889580093314
0 0.7503846153846154 0.1368584758942457 0.04 0.1290824261275272
0 0.7826923076923077 0.12986003110419908 0.03923076923076923 0.12752721617418353
0 0.7169230769230769 0.14774494556765164 0.04153846153846154 0.1321928460342146
0 0.6834615384615385 0.1594090202177294 0.04 0.1321928460342146
0 0.34115384615384614 0.24494556765163297 0.046153846153846156 0.1368584758942457
0 0.37653846153846154 0.23950233281493002 0.043076923076923075 0.1368584758942457
0 0.5153846153846153 0.2052877138413686 0.043076923076923075 0.13374805598755832
0 0.6507692307692308 0.17262830482115085 0.04153846153846154 0.13530326594090203
0 0.615 0.1827371695178849 0.043076923076923075 0.13374805598755832
0 0.44769230769230767 0.223950233281493 0.043076923076923075 0.13374805598755832
0 0.4115384615384615 0.23405909797822705 0.04384615384615385 0.1321928460342146
0 0.4815384615384615 0.21695178849144633 0.040769230769230766 0.13374805598755832
0 0.5492307692307692 0.20139968895800933 0.04153846153846154 0.13530326594090203
0 0.5819230769230769 0.19673405909797823 0.038461538461538464 0.13063763608087092
0 0.0876923076923077 0.37947122861586313 0.07307692307692308 0.09020217729393468
0 0.15692307692307692 0.3701399688958009 0.06923076923076923 0.09020217729393468
0 0.8434615384615385 0.20295489891135304 0.06384615384615384 0.08087091757387248
0 0.2226923076923077 0.36003110419906686 0.07 0.09175738724727839
0 0.28923076923076924 0.3483670295489891 0.06846153846153846 0.09020217729393468
0 0.7838461538461539 0.22628304821150855 0.06 0.08087091757387248
0 0.7265384615384616 0.24572317262830481 0.06307692307692307 0.09020217729393468
0 0.35423076923076924 0.3429237947122862 0.06769230769230769 0.08709175738724728
0 0.30115384615384616 0.07853810264385692 0.06692307692307692 0.07931570762052877
0 0.4165384615384615 0.33048211508553654 0.06615384615384616 0.08553654743390357
0 0.47846153846153844 0.31726283048211507 0.06230769230769231 0.08398133748055987
0 0.666923076923077 0.2698289269051322 0.06692307692307692 0.08553654743390357
0 0.5426923076923077 0.30171073094867806 0.06461538461538462 0.08553654743390357
0 0.6046153846153847 0.2884914463452566 0.06384615384615384 0.08087091757387248
0 0.36346153846153845 0.0660964230171073 0.06692307692307692 0.08398133748055987
0 0.09307692307692307 0.45412130637636083 0.07076923076923076 0.08864696734059098
0 0.8469230769230769 0.2713841368584759 0.06538461538461539 0.08398133748055987
0 0.16115384615384615 0.4440124416796267 0.07 0.08864696734059098
0 0.22807692307692307 0.43001555209953346 0.06846153846153846 0.08709175738724728
0 0.29307692307692307 0.42068429237947125 0.07 0.09175738724727839
0 0.7588461538461538 0.30870917573872475 0.11846153846153847 0.1088646967340591
0 0.36153846153846153 0.4144634525660964 0.06692307692307692 0.08087091757387248
0 0.4257692307692308 0.39968895800933124 0.06692307692307692 0.08553654743390357
0 0.6103846153846154 0.3545878693623639 0.06307692307692307 0.08398133748055987
0 0.6715384615384615 0.34136858475894244 0.06307692307692307 0.08398133748055987
0 0.4888461538461538 0.3880248833592535 0.06461538461538462 0.08864696734059098
0 0.5511538461538461 0.3740279937791602 0.06384615384615384 0.08398133748055987
0 0.666923076923077 0.017884914463452566 0.06307692307692307 0.03576982892690513
0 0.4246153846153846 0.0552099533437014 0.06230769230769231 0.08398133748055987
0 0.03307692307692308 0.5404354587869362 0.06615384615384616 0.09175738724727839
0 0.09769230769230769 0.5256609642301711 0.07 0.09331259720062209
0 0.8580769230769231 0.33981337480559876 0.06230769230769231 0.08087091757387248
0 0.1646153846153846 0.5147744945567652 0.06846153846153846 0.08553654743390357
0 0.48653846153846153 0.04432348367029549 0.06615384615384616 0.08709175738724728
0 0.6061538461538462 0.027993779160186624 0.06461538461538462 0.05598755832037325
0 0.7980769230769231 0.36158631415241055 0.06230769230769231 0.08553654743390357
0 0.2323076923076923 0.5031104199066874 0.07 0.09331259720062209
0 0.30230769230769233 0.49222395023328147 0.06692307692307692 0.09020217729393468
0 0.7373076923076923 0.38724727838258166 0.06538461538461539 0.09175738724727839
0 0.3657692307692308 0.48367029548989116 0.06615384615384616 0.08864696734059098
0 0.5461538461538461 0.03576982892690513 0.06153846153846154 0.07153965785381027
0 0.675 0.4097978227060653 0.06615384615384616 0.08398133748055987
0 0.6130769230769231 0.42534992223950235 0.06153846153846154 0.08398133748055987
0 0.43 0.4712286158631415 0.06692307692307692 0.08709175738724728
0 0.5557692307692308 0.4432348367029549 0.06307692307692307 0.08398133748055987
0 0.4946153846153846 0.4603421461897356 0.06615384615384616 0.08553654743390357
0 0.20961538461538462 0.15707620528771385 0.07076923076923076 0.09175738724727839
0 0.27384615384615385 0.14618973561430793 0.06846153846153846 0.09486780715396578
0 0.8184615384615385 0.027993779160186624 0.06153846153846154 0.05598755832037325
0 0.33807692307692305 0.14074650077760498 0.06846153846153846 0.09331259720062209
0 0.7607692307692308 0.038880248833592534 0.06 0.07776049766718507
0 0.7007692307692308 0.052099533437014 0.06230769230769231 0.08398133748055987
0 0.40115384615384614 0.1321928460342146 0.06692307692307692 0.09175738724727839
0 0.6426923076923077 0.07387247278382582 0.06384615384615384 0.08553654743390357
0 0.4626923076923077 0.12052877138413685 0.06461538461538462 0.08864696734059098
0 0.5234615384615384 0.10730948678071539 0.06384615384615384 0.08242612752721618
0 0.583076923076923 0.09409020217729394 0.06230769230769231 0.08087091757387248