0 0.539375 0.16277056277056276 0.099375 0.19480519480519481
0 0.9596875 0.3562770562770563 0.08 0.20952380952380953
0 0.63625 0.36623376623376624 0.116875 0.21645021645021645
0 0.7484375 0.36406926406926404 0.11 0.20952380952380953
0 0.8665625 0.3619047619047619 0.113125 0.20865800865800865
0 0.3046875 0.38354978354978353 0.111875 0.20432900432900433
0 0.1921875 0.3865800865800866 0.105625 0.2025974025974026
0 0.5253125 0.3800865800865801 0.110625 0.20952380952380953
0 0.4134375 0.38441558441558443 0.11 0.21212121212121213
0 0.941875 0.5658008658008657 0.111875 0.20692640692640693
0 0.719375 0.5761904761904761 0.11125 0.21298701298701297
0 0.8340625 0.5748917748917749 0.1075 0.20865800865800865
0 0.2803125 0.5887445887445888 0.11125 0.20692640692640693
0 0.61 0.5813852813852813 0.111875 0.21731601731601732
0 0.5021875 0.5883116883116883 0.10625 0.20432900432900433
0 0.394375 0.5922077922077922 0.111875 0.20952380952380953
0 0.171875 0.5987012987012987 0.108125 0.20086580086580086
0 0.818125 0.7844155844155845 0.11125 0.21298701298701297
0 0.7075 0.7878787878787878 0.10875 0.20952380952380953
0 0.93 0.7844155844155845 0.1125 0.2
0 0.261875 0.803030303030303 0.11375 0.20432900432900433
0 0.3725 0.8012987012987013 0.111875 0.20952380952380953
0 0.1534375 0.8069264069264069 0.11125 0.20606060606060606
0 0.484375 0.7995670995670996 0.114375 0.21731601731601732
0 0.598125 0.7974025974025974 0.1125 0.21385281385281385