0 0.3159375 0.7790432801822323 0.17125 0.0554290053151101
0 0.150625 0.7873955960516325 0.1625 0.05011389521640091
0 0.4934375 0.7744874715261959 0.126875 0.051632498101746395
0 0.8109375 0.7646165527714502 0.169375 0.051632498101746395
0 0.64125 0.7718299164768413 0.16375 0.051632498101746395
0 0.9346875 0.765375854214123 0.0825 0.05315110098709187
0 0.231875 0.8257403189066059 0.156875 0.051632498101746395
0 0.3903125 0.8227031131359149 0.156875 0.05011389521640091
0 0.5515625 0.8162490508731967 0.15375 0.05087319665907365
0 0.713125 0.8162490508731967 0.160625 0.053910402429764616
0 0.94125 0.810554290053151 0.05625 0.04403948367501898
0 0.855 0.8143507972665148 0.115 0.051632498101746395
0 0.1265625 0.8671222475322703 0.073125 0.04935459377372817
0 0.1975 0.8675018982536067 0.06875 0.044798785117691725
0 0.5103125 0.8580106302201974 0.078125 0.04328018223234624
0 0.2709375 0.8690205011389521 0.079375 0.04783599088838269
0 0.350625 0.8656036446469249 0.080625 0.044798785117691725
0 0.4334375 0.8629460895975702 0.078125 0.04403948367501898
0 0.5909375 0.8568716780561884 0.07625 0.04403948367501898
0 0.6721875 0.857630979498861 0.08 0.04859529233105543
0 0.755625 0.857630979498861 0.08 0.04176157934700076
0 0.9215625 0.8549734244495064 0.08125 0.047076689445709946
0 0.8325 0.8591495823842066 0.066875 0.04555808656036447
0 0.84375 0.10858010630220197 0.060625 0.04403948367501898
0 0.6278125 0.11996962794229309 0.065 0.04783599088838269
0 0.76875 0.11503416856492027 0.065 0.04555808656036447
0 0.7 0.12072892938496584 0.06375 0.047076689445709946
0 0.3403125 0.13857251328777526 0.119375 0.04935459377372817
0 0.564375 0.1302201974183751 0.064375 0.0463173880030372
0 0.49875 0.13819286256643887 0.065625 0.04403948367501898
0 0.4290625 0.14236902050113895 0.06 0.04555808656036447
0 0.7978125 0.1545178435839028 0.13375 0.04935459377372817
0 0.6628125 0.16324981017463933 0.13 0.04935459377372817
0 0.298125 0.1829916476841306 0.119375 0.04859529233105543
0 0.5315625 0.1776765375854214 0.13375 0.05694760820045558
0 0.40375 0.190584662110858 0.124375 0.04859529233105543
0 0.83125 0.19779802581624906 0.063125 0.0425208807896735
0 0.7321875 0.20387243735763097 0.129375 0.051632498101746395
0 0.59375 0.21222475322703113 0.129375 0.05087319665907365
0 0.461875 0.22475322703113135 0.125 0.04859529233105543
0 0.33625 0.23614274867122248 0.1225 0.04403948367501898
0 0.7940625 0.24259681093394078 0.1325 0.044798785117691725
0 0.629375 0.2501898253606682 0.06625 0.047076689445709946
0 0.6946875 0.24829157175398633 0.065625 0.0425208807896735
0 0.53375 0.2600607441154138 0.11875 0.04935459377372817
0 0.4125 0.2718299164768413 0.12375 0.04783599088838269
0 0.2859375 0.28018223234624146 0.123125 0.04935459377372817
0 0.8265625 0.28018223234624146 0.0625 0.0425208807896735
0 0.696875 0.285876993166287 0.063125 0.04100227790432802
0 0.761875 0.2851176917236143 0.06375 0.044798785117691725
0 0.6290625 0.29081245254365984 0.065625 0.0425208807896735
0 0.5625 0.2999240698557327 0.065 0.044798785117691725
0 0.3203125 0.31473044798785116 0.061875 0.03644646924829157
0 0.375625 0.31245254365983294 0.043125 0.03720577069096431
0 0.49625 0.3086560364464693 0.065 0.051632498101746395
0 0.260625 0.3211845102505695 0.060625 0.0387243735763098
0 0.43125 0.31397114654517844 0.06 0.04328018223234624
0 0.78875 0.3234624145785877 0.12875 0.0463173880030372
0 0.6578125 0.32915717539863326 0.1275 0.05087319665907365
0 0.549375 0.34206529992406987 0.094375 0.05011389521640091
0 0.28875 0.35497342444950647 0.105625 0.04176157934700076
0 0.3934375 0.35269552012148825 0.1 0.04859529233105543
0 0.8209375 0.360668185269552 0.061875 0.0387243735763098
0 0.7190625 0.3686408504176158 0.12625 0.04555808656036447
0 0.4175 0.5592255125284739 0.080625 0.058466211085801065
0 0.1753125 0.570615034168565 0.050625 0.05087319665907365
0 0.109375 0.5744115413819286 0.083125 0.058466211085801065
0 0.3296875 0.577828397873956 0.079375 0.05618830675778284
0 0.505625 0.571753986332574 0.0725 0.053910402429764616
0 0.2525 0.5937737281700836 0.071875 0.04783599088838269
0 0.1434375 0.6268033409263477 0.14875 0.058466211085801065
0 0.7175 0.6108580106302202 0.165 0.07137433561123765
0 0.3821875 0.6271829916476841 0.165 0.06681852695520121
0 0.5484375 0.6241457858769932 0.166875 0.05998481397114654
0 0.26 0.6389521640091116 0.075625 0.04859529233105543
0 0.89375 0.6138952164009112 0.173125 0.06454062262718299
0 0.4628125 0.6704631738800304 0.165625 0.05770690964312832
0 0.6359375 0.6689445709946849 0.171875 0.06605922551252848
0 0.1303125 0.6921032649962034 0.16875 0.06150341685649203
0 0.93625 0.659832953682612 0.08375 0.05087319665907365
0 0.2965625 0.687547456340167 0.16375 0.0554290053151101
0 0.8096875 0.667046317388003 0.16875 0.06150341685649203
0 0.5496875 0.7201974183750949 0.1625 0.05998481397114654
0 0.4046875 0.7274107820804859 0.128125 0.060744115413819286
0 0.1025 0.7422171602126044 0.09 0.05011389521640091
0 0.221875 0.7395596051632498 0.17125 0.053910402429764616
0 0.72125 0.7217160212604404 0.1675 0.058466211085801065
0 0.8909375 0.717160212604404 0.165 0.05618830675778284