0 0.07031875000000001 0.18343425605536334 0.1391 0.11686851211072666
0 0.6885187500000001 0.23215397923875433 0.08377499999999997 0.21587370242214532
0 0.76940625 0.2325432525951557 0.07760625000000004 0.2135207612456748
0 0.6087874999999999 0.23644463667820068 0.07986250000000006 0.21508650519031142
0 0.5282125 0.23917820069204154 0.07764375000000001 0.21119377162629757
0 0.8419312499999999 0.24076989619377162 0.07046875 0.2024913494809689
0 0.31854375 0.2423356401384083 0.32333125 0.21282871972318337
0 0.9111875 0.2461937716262976 0.07958750000000009 0.20610726643598615
0 0.9742562499999999 0.25071799307958476 0.05148750000000007 0.20429930795847748
0 0.07444375 0.2930017301038062 0.14888125 0.10667820069204156
0 0.12723750000000003 0.4451124567474048 0.07258750000000001 0.2080882352941176
0 0.6335875 0.4474913494809688 0.31769374999999994 0.2081487889273356
0 0.2027375 0.45018166089965395 0.07706249999999998 0.2182266435986159
0 0.35660625 0.45055363321799313 0.07708124999999999 0.21740484429065737
0 0.27965 0.45174740484429066 0.07534374999999997 0.21510380622837372
0 0.05173125 0.45213667820069203 0.07713125 0.2080882352941176
0 0.9121875 0.45198961937716264 0.175625 0.2171280276816609
0 0.43323749999999994 0.45288927335640133 0.07817499999999995 0.21115916955017297
0 0.1785125 0.06441176470588235 0.07368749999999999 0.1288235294117647
0 0.25429375 0.06480103806228374 0.07647500000000002 0.12960207612456748
0 0.029093749999999998 0.0655795847750865 0.058187499999999996 0.131159169550173
0 0.0874 0.650674740484429 0.1748 0.20266435986159168
0 0.71559375 0.656089965397924 0.08044375000000002 0.2150605536332181
0 0.55388125 0.6576557093425606 0.07826250000000001 0.2119463667820069
0 0.6358625000000001 0.6584342560553633 0.07878750000000004 0.2119463667820069
0 0.33741875 0.6612024221453288 0.3250125 0.20812283737024215
0 0.79250625 0.6627249134948097 0.07759375000000006 0.21428200692041527
0 0.33185000000000003 0.06684256055363322 0.06476875000000003 0.13329584775086506
0 0.0990625 0.06685121107266435 0.08161250000000003 0.13174740484429068
0 0.945775 0.6678892733564015 0.07057500000000004 0.20797577854671287
0 0.6257 0.067621107266436 0.3255875000000001 0.13484429065743944
0 0.41101875 0.06801038062283737 0.07656874999999999 0.13563148788927332
0 0.8780249999999999 0.6781487889273357 0.07397500000000008 0.20797577854671287
0 0.89811875 0.07286332179930796 0.20375624999999986 0.14572664359861592
0 0.06215625 0.8413494809688582 0.07994375 0.1596799307958477
0 0.6622875 0.8414273356401385 0.31674375 0.1612456747404845
0 0.14193124999999998 0.8417474048442906 0.07492499999999998 0.16046712802768165
0 0.913775 0.8451643598615917 0.1724437499999999 0.15377162629757773
0 0.46704375 0.8452508650519032 0.06689374999999999 0.15344290657439436
0 0.21433125 0.8472058823529411 0.06981875000000003 0.1511072664359862
0 0.3661875 0.8479844290657439 0.07256874999999993 0.1495415224913494
0 0.29660000000000003 0.8495415224913495 0.07203750000000003 0.14641868512110726