0 0.2358477508650519 0.6281812499999999 0.1463581314878893 0.061993749999999966
0 0.08275086505190311 0.6361 0.15600346020761244 0.06067499999999995
0 0.45949826989619375 0.06397499999999999 0.2750865051903114 0.07254374999999999
0 0.7188235294117648 0.6565125 0.23416955017301042 0.06143124999999998
0 0.5370674740484429 0.6703937500000001 0.12444636678200684 0.06067499999999995
0 0.40039792387543255 0.68094375 0.1368166089965398 0.06397500000000007
0 0.1543771626297578 0.690175 0.3083823529411765 0.06990624999999995
0 0.7823269896193772 0.7043125 0.11566608996539796 0.05643750000000011
0 0.6617214532871972 0.71160625 0.11890138408304503 0.0556687500000001
0 0.4608477508650519 0.7279375 0.27049307958477514 0.07617500000000006
0 0.22146193771626296 0.74673125 0.14864186851211075 0.06364374999999996
0 0.07102076124567473 0.75448125 0.14204152249134946 0.06265625
0 0.7113840830449827 0.75671875 0.24054498269896188 0.06143124999999998
0 0.5165311418685121 0.7782250000000001 0.125363321799308 0.06265625
0 0.3739359861591695 0.79108125 0.13591695501730106 0.06133749999999992
0 0.14766435986159168 0.805925 0.29532871972318336 0.06331250000000012
0 0.7823269896193772 0.8066312499999999 0.11141868512110722 0.05605625000000004
0 0.6570934256055363 0.81796875 0.12075259515570927 0.0590187499999999
0 0.44692906574394464 0.83675625 0.2727854671280276 0.07814999999999998
0 0.22762975778546712 0.84203125 0.14270761245674743 0.06298124999999999
0 0.7076643598615916 0.8586499999999999 0.24692041522491354 0.06795625000000001
0 0.07589965397923874 0.8614875000000001 0.15143598615916956 0.06759999999999991
0 0.5112889273356401 0.87995 0.13129757785467125 0.0596875
0 0.3693771626297578 0.8911625 0.13500865051903108 0.05770624999999995
0 0.777811418685121 0.89435625 0.10982698961937719 0.0556687500000001
0 0.6516349480968858 0.9083687500000001 0.11891003460207615 0.050681250000000094
0 0.15003460207612457 0.90963125 0.29969723183390995 0.07946875000000006
0 0.7180449826989619 0.0918375 0.2390138408304498 0.07881250000000001
0 0.44008650519031145 0.931725 0.27187716262975775 0.06693749999999994
0 0.7023529411764705 0.94484375 0.2278027681660899 0.06833750000000009
0 0.2248875432525952 0.9551375 0.1426989619377163 0.06628125000000011
0 0.07566608996539792 0.9681624999999999 0.15006055363321796 0.06331250000000012
0 0.5094636678200692 0.97129375 0.11943771626297572 0.05506875000000008
0 0.7690311418685121 0.975625 0.10726643598615918 0.04875
0 0.37736159169550176 0.97731875 0.12816608996539788 0.045356250000000105
0 0.07933391003460206 0.11359999999999999 0.1309083044982699 0.05375
0 0.4026903114186851 0.11558125000000001 0.13500865051903108 0.0643
0 0.20504325259515568 0.12101875 0.12218858131487886 0.05539999999999999
0 0.5366176470588235 0.12481249999999999 0.1244636678200691 0.06034375000000001
0 0.6701384083044982 0.1385 0.1185640138408304 0.0600125
0 0.7862716262975779 0.151025 0.11623702422145339 0.053418750000000015
0 0.1486764705882353 0.16735 0.25499999999999995 0.059025000000000015
0 0.44693771626297574 0.1718 0.2764532871972318 0.06067500000000001
0 0.4024740484429066 0.0183 0.13182525951557086 0.0366
0 0.71530276816609 0.19175 0.24357266435986152 0.07089999999999998
0 0.10077854671280277 0.21252500000000002 0.126340830449827 0.05176875000000002
0 0.22307093425605537 0.2156625 0.11625432525951555 0.048143749999999985
0 0.5338927335640138 0.022425 0.12629757785467127 0.044187500000000005
0 0.38649653979238763 0.22934374999999999 0.13820934256055367 0.05770625000000003
0 0.5281747404844291 0.23000625 0.1322231833910034 0.05836874999999999
0 0.7180363321799308 0.24632500000000002 0.24448961937716274 0.06067500000000003
0 0.1644204152249135 0.26050625 0.2508910034602076 0.05078125
0 0.45674740484429066 0.286225 0.275977508650519 0.05671875
0 0.6594117647058824 0.29265625 0.12358996539792379 0.05704999999999998
0 0.7864965397923875 0.29925 0.1185121107266436 0.05308749999999996
0 0.10511245674740485 0.30585 0.12679930795847752 0.0478125
0 0.23288927335640142 0.30700000000000005 0.11397058823529412 0.044843750000000036
0 0.6642128027681661 0.03346875 0.12404844290657448 0.06628124999999999
0 0.5231574394463667 0.34179375 0.1303892733564014 0.05506874999999997
0 0.39104671280276815 0.34245 0.1372837370242214 0.05506874999999997
0 0.716219723183391 0.3467375 0.24266435986159168 0.05770624999999999
0 0.11880622837370243 0.35399375 0.12862456747404843 0.04583749999999995
0 0.2406401384083045 0.354325 0.11122837370242218 0.04451875000000001
0 0.678356401384083 0.39850625 0.1185640138408304 0.05308750000000004
0 0.45378027681660904 0.3988375 0.27096020761245676 0.05375
0 0.7933477508650519 0.400325 0.11030276816608996 0.05144374999999997
0 0.1724134948096886 0.401475 0.23309688581314872 0.0478125
0 0.23128892733564013 0.44665625 0.11717128027681663 0.04583749999999995
0 0.10557093425605536 0.4483 0.12589100346020762 0.04583749999999995
0 0.7203200692041523 0.45044375000000003 0.23718858131487894 0.05012500000000003
0 0.5366089965397924 0.45473125000000003 0.13357266435986168 0.05605625000000004
0 0.3926470588235294 0.45604999999999996 0.137742214532872 0.05671875
0 0.787871972318339 0.04814375 0.11487024221453285 0.06265625
0 0.799506920415225 0.50255 0.11714532871972325 0.05144374999999997
0 0.6765311418685122 0.50320625 0.12495674740484433 0.052762500000000045
0 0.45948096885813144 0.5132625000000001 0.27688581314878885 0.05441249999999997
0 0.24269896193771626 0.51425625 0.14636678200692038 0.0596875
0 0.08230103806228374 0.5190375 0.15875432525951558 0.06001249999999999
0 0.7308217993079585 0.55498125 0.23536332179930788 0.05209999999999994
0 0.5384429065743945 0.559925 0.12900519031141877 0.05473749999999995
0 0.40610726643598616 0.568825 0.1354498269896194 0.05869375000000005
0 0.16030276816608996 0.57591875 0.3138581314878893 0.07090000000000003
0 0.781712802768166 0.60395 0.11624567474048432 0.05441249999999997
0 0.6598615916955017 0.6087125 0.12262110726643599 0.05489999999999995
0 0.4508131487889273 0.6197750000000001 0.2723269896193771 0.06693750000000001