0 0.6496444444444444 0.5927116637063351 0.18598888888888893 0.020136175251628176
0 0.15954444444444446 0.592753108348135 0.1668111111111111 0.038815867377146276
0 0.9082333333333333 0.5959680284191831 0.08856666666666671 0.02208999407933692
0 0.3715888888888889 0.598040260509177 0.12341111111111117 0.028235642391947865
0 0.497 0.6006867969212552 0.11974444444444443 0.027750148016577793
0 0.8121444444444443 0.6018413262285376 0.09228888888888882 0.024043812907045596
0 0.4624222222222222 0.06149792776791001 0.29195555555555547 0.03236826524570753
0 0.6478111111111111 0.6129603315571344 0.1798555555555555 0.022794552989934873
0 0.9607666666666668 0.0625636471284784 0.07846666666666655 0.023410301953818824
0 0.44058888888888886 0.6226169330965068 0.25058888888888886 0.028330373001776144
0 0.15096666666666667 0.6298283007696862 0.1659 0.03793960923623441
0 0.6493333333333333 0.6349674363528716 0.17680000000000007 0.02180580224985194
0 0.4338222222222222 0.6507400828892835 0.25510000000000005 0.025914742451154518
0 0.6471888888888889 0.6550266429840141 0.1786333333333333 0.022776791000591948
0 0.6550111111111111 0.06687981053878034 0.09270000000000007 0.02873297809354648
0 0.1496111111111111 0.6642036708111309 0.16319999999999998 0.033599763173475426
0 0.6389333333333332 0.6732859680284192 0.16701111111111105 0.01950858496151558
0 0.4266 0.6781468324452339 0.25691111111111115 0.025896980461811592
0 0.13004444444444443 0.6923268206039076 0.2600777777777778 0.028294849023090565
0 0.7585777777777778 0.07044997039668442 0.10788888888888878 0.027246891651865016
0 0.4266 0.704825340438129 0.2551111111111111 0.028288928359976435
0 0.13562222222222223 0.721894612196566 0.26876666666666665 0.03164594434576662
0 0.4239 0.7339135583185317 0.24427777777777782 0.02490822972172893
0 0.13065555555555555 0.7548253404381291 0.2606444444444444 0.03307282415630558
0 0.1302 0.7882415630550621 0.25974444444444444 0.03161042036708104
0 0.1293 0.8202131438721136 0.2561444444444444 0.03111308466548264
0 0.8626 0.08303137951450563 0.10304444444444445 0.023404381290704553
0 0.9583666666666666 0.08750740082889284 0.08326666666666672 0.02211959739490824
0 0.1572777777777778 0.09193013617525163 0.18214444444444444 0.04608052101835405
0 0.6533222222222222 0.09264653641207815 0.09157777777777786 0.027525162818235648
0 0.46042222222222223 0.09348134991119005 0.29435555555555565 0.036619301361752524
0 0.7545777777777778 0.09859088217880403 0.10948888888888884 0.030645352279455293
0 0.8626 0.10989342806394317 0.09984444444444433 0.023386619301361752
0 0.9587666666666667 0.11266429840142095 0.0824666666666667 0.022960331557134415
0 0.7027888888888889 0.12349911190053287 0.19725555555555552 0.03349911190053285
0 0.46122222222222226 0.12609828300769685 0.2863555555555556 0.03447010065127293
0 0.9095444444444445 0.013102427471876848 0.18091111111111105 0.023439905269390174
0 0.8634 0.13419775014801658 0.09343333333333324 0.025079928952042637
0 0.9611666666666666 0.13568975725281232 0.07766666666666677 0.022948490230905855
0 0.1545777777777778 0.13904677323860273 0.18394444444444447 0.046056838365896996
0 0.6974444444444445 0.14776198934280638 0.19668888888888886 0.03528715216104205
0 0.4600222222222222 0.15701006512729426 0.2775555555555555 0.03487862640615747
0 0.8979555555555555 0.15992895204262877 0.20408888888888896 0.024854943753700426
0 0.6609444444444444 0.01693901716992303 0.0935222222222223 0.025991711071640028
0 0.6932222222222222 0.1733747779751332 0.19163333333333335 0.03616933096506811
0 0.15232222222222222 0.18207223208999407 0.18304444444444445 0.04459443457667255
0 0.8982333333333333 0.1858436944937833 0.2035222222222223 0.023943161634103052
0 0.3936222222222222 0.18792184724689165 0.13194444444444445 0.035293072824156314
0 0.5324444444444444 0.19328596802841916 0.13265555555555553 0.03151568975725282
0 0.6963333333333334 0.20007104795737124 0.19558888888888887 0.03502072232089993
0 0.8985222222222222 0.21130254588513914 0.20295555555555564 0.025725281231497955
0 0.7645777777777778 0.021847246891651864 0.10868888888888882 0.028123149792776792
0 0.3900111111111111 0.2175902901124926 0.1343222222222222 0.03491415038484312
0 0.1444777777777778 0.02197750148016578 0.28894444444444445 0.043712255772646536
0 0.14735555555555557 0.22174067495559502 0.18034444444444445 0.04217288336293666
0 0.5284444444444445 0.2229188869153345 0.1326555555555556 0.031930136175251596
0 0.6918333333333333 0.2240378922439313 0.19559999999999997 0.03320899940793371
0 0.8962 0.23706927175843695 0.20731111111111103 0.025115452930728217
0 0.6302777777777778 0.24575488454706926 0.08374444444444433 0.025109532267613952
0 0.3816 0.24892835997631735 0.13192222222222225 0.030207223208999396
0 0.7278222222222221 0.2521965660153937 0.10225555555555553 0.028999407933688583
0 0.5224444444444444 0.2561752516281824 0.13026666666666661 0.03191237418590881
0 0.8992888888888889 0.2604322084073416 0.1988777777777778 0.025701598579040835
0 0.1451 0.26386027235050324 0.17582222222222224 0.041776198934280674
0 0.6246555555555556 0.2688217880402605 0.08936666666666673 0.02689757252812312
0 0.7261333333333333 0.2742155121373594 0.10449999999999995 0.025097690941385427
0 0.376 0.27984014209591473 0.13032222222222217 0.0297690941385435
0 0.9383777777777778 0.28290112492599173 0.0959777777777779 0.022095914742451185
0 0.8352111111111111 0.2851509769094139 0.09883333333333338 0.025387803433984602
0 0.5148444444444444 0.28623445825932503 0.12786666666666666 0.030615748963883978
0 0.6221333333333333 0.2939846062759029 0.08767777777777787 0.025683836589698042
0 0.4640222222222222 0.02994671403197158 0.28555555555555556 0.030680876258140907
0 0.7224888888888888 0.29892835997631734 0.1039444444444444 0.024783895796329163
0 0.9428777777777778 0.3065660153937241 0.09597777777777765 0.022682060390763734
0 0.8290222222222222 0.3094138543516874 0.10333333333333333 0.0247779751332149
0 0.37 0.31053878034339844 0.13112222222222222 0.028898756660745973
0 0.6190666666666667 0.31760805210183546 0.09054444444444446 0.025743043220840745
0 0.5100444444444444 0.31779159265837775 0.12466666666666665 0.03316163410301953
0 0.12027777777777778 0.32082889283599764 0.23989999999999997 0.04319123741859091
0 0.7243222222222222 0.32266429840142097 0.10028888888888887 0.022806394316163398
0 0.9458666666666666 0.33 0.0965222222222221 0.022480757844878643
0 0.8390777777777777 0.3314683244523387 0.09839999999999995 0.024108940201302564
0 0.8678 0.03378330373001776 0.10063333333333327 0.024706927175843687
0 0.6190666666666667 0.3440201302545885 0.08686666666666673 0.02507992895204257
0 0.7169777777777777 0.3453285968028419 0.09784444444444439 0.02377738306690354
0 0.44441111111111115 0.34550621669626996 0.26713333333333333 0.0374067495559503
0 0.9503333333333333 0.35266429840142094 0.09933333333333344 0.021486086441681446
0 0.8442777777777778 0.3549437537004144 0.099011111111111 0.021486086441681446
0 0.13110000000000002 0.36073416222616933 0.2579333333333333 0.04220840734162224
0 0.6726000000000001 0.36880402605091767 0.2037333333333332 0.023765541740675016
0 0.9615666666666667 0.03740674955595027 0.07686666666666674 0.024280639431616343
0 0.43517777777777783 0.37544108940201304 0.2668444444444444 0.03603907637655411
0 0.9477111111111112 0.37679692125518055 0.09896666666666659 0.02147424511545292
0 0.8418333333333333 0.37825932504440496 0.09778888888888888 0.022451154529307325
0 0.6655666666666666 0.3926110124333925 0.19701111111111105 0.024404973357016004
0 0.1275 0.3992421551213736 0.25434444444444443 0.041314387211367654
0 0.8632444444444444 0.40059798697454113 0.20304444444444444 0.021462403789224392
0 0.6605444444444445 0.040817051509769095 0.10233333333333323 0.02683244523386619
0 0.4360888888888889 0.40357015985790406 0.2632444444444444 0.03361752516281822
0 0.6646444444444444 0.4146240378922439 0.19027777777777777 0.020805210183540614
0 0.8705888888888889 0.424404973357016 0.19447777777777775 0.02210183540556538
0 0.43743333333333334 0.4304914150384843 0.26233333333333336 0.029763173475429238
0 0.1266 0.43650088809946713 0.2525444444444444 0.036009473060982795
0 0.6631222222222222 0.43712255772646536 0.18844444444444433 0.022095914742451116
0 0.7617777777777778 0.04465956187092955 0.10468888888888891 0.023422143280047367
0 0.8620111111111111 0.44592658377738303 0.20426666666666657 0.021444641799881602
0 0.4360888888888889 0.4593368857312019 0.2632444444444444 0.030704558910597927
0 0.6634222222222222 0.46079928952042626 0.19026666666666667 0.02378922439313207
0 0.8565111111111111 0.4689165186500888 0.20304444444444444 0.021101243339254054
0 0.12734444444444445 0.47375962107756064 0.2546777777777778 0.03647128478389574
0 0.6031444444444445 0.48493191237418587 0.07952222222222215 0.023126110124333892
0 0.6973888888888888 0.48737714624037887 0.09906666666666676 0.026056838365896975
0 0.3742888888888889 0.48866785079928954 0.12341111111111104 0.02973357015985792
0 0.5024222222222222 0.48962699822380107 0.11974444444444443 0.02973357015985792
0 0.8586444444444444 0.4901480165778567 0.1975333333333333 0.021166370633510952
0 0.6022333333333333 0.5080876258140912 0.08135555555555558 0.021154529307282427
0 0.6986222222222223 0.5092243931320308 0.09784444444444439 0.025393724097098936
0 0.8109222222222223 0.5124866785079929 0.0935111111111112 0.016915334517465918
0 0.9146555555555557 0.5134695085849615 0.08917777777777777 0.017566607460035567
0 0.14312222222222223 0.052024866785079935 0.28624444444444447 0.05763765541740676
0 0.3711333333333333 0.5175133214920071 0.1207111111111111 0.031640023682652486
0 0.5042222222222222 0.5175133214920071 0.12515555555555555 0.025873297809354674
0 0.15052222222222222 0.5191947898164594 0.1686222222222222 0.040775606867969286
0 0.6000888888888889 0.5296092362344582 0.08442222222222225 0.022451154529307325
0 0.692188888888889 0.5296092362344582 0.09233333333333323 0.025056246299585517
0 0.9112888888888888 0.5331971580817052 0.08978888888888883 0.022451154529307325
0 0.8118444444444444 0.5362936648904677 0.08800000000000005 0.020817051509769143
0 0.49745555555555554 0.5446773238602723 0.1224555555555556 0.028259325044404985
0 0.3706888888888889 0.5449141503848431 0.12161111111111116 0.028738898756660726
0 0.6934222222222223 0.5514564831261101 0.0935555555555556 0.02178804026050915
0 0.6007 0.5516222616933096 0.08442222222222225 0.021462403789224392
0 0.9097555555555555 0.555044404973357 0.08917777777777777 0.020479573712255724
0 0.16090000000000002 0.5552516281823564 0.1659111111111111 0.04075784487862636
0 0.8087777777777777 0.5581409117821197 0.09167777777777776 0.022759029011249293
0 0.3733888888888889 0.5711190053285968 0.12341111111111117 0.027288336293664842
0 0.49655555555555553 0.5718413262285376 0.11704444444444448 0.02776791000592072
0 0.693111111111111 0.5721669626998224 0.09416666666666666 0.021450562462995867
0 0.5994777777777778 0.5731438721136767 0.08931111111111117 0.020148016577856705
0 0.9094555555555556 0.5750976909413854 0.08612222222222221 0.02014209591474244
0 0.8674 0.05851391355831853 0.10304444444444445 0.02298993487270575
0 0.8109222222222223 0.5806453522794554 0.08861111111111111 0.023404381290704542