0 0.9149076923076924 0.234794952681388 0.11159999999999995 0.2064563617245005
0 0.1719923076923077 0.23682439537329128 0.10352307692307691 0.20038906414300736
0 0.8005461538461539 0.23934805467928497 0.10794615384615379 0.2013985278654048
0 0.6932153846153846 0.24542586750788645 0.10206923076923081 0.20949526813880123
0 0.27932307692307695 0.24744479495268137 0.10643846153846154 0.20341745531019975
0 0.06910769230769231 0.24997896950578338 0.10060769230769233 0.2064563617245005
0 0.38295384615384614 0.2504837013669821 0.09899230769230764 0.19735015772870662
0 0.4847307692307692 0.25503680336487905 0.10265384615384619 0.20038906414300736
0 0.5866307692307693 0.25503680336487905 0.10360000000000005 0.1943112513144059
0 0.8921615384615385 0.44429022082018926 0.2156692307692307 0.2044374342797056
0 0.2915153846153846 0.45542586750788644 0.31443076923076924 0.21860147213459521
0 0.6180076923076923 0.45895899053627764 0.31590000000000007 0.21151419558359624
0 0.06318461538461538 0.45895899053627764 0.12577692307692306 0.2054468980021031
0 0.9451 0.6552996845425868 0.10979999999999983 0.19532071503680337
0 0.8416461538461539 0.6583385909568875 0.09390000000000012 0.20341745531019984
0 0.8825384615384615 0.06628811777076762 0.23492307692307698 0.13055730809674027
0 0.7346076923076923 0.6628916929547845 0.10045384615384609 0.20645636172450044
0 0.6291307692307693 0.6644058885383807 0.1027153846153846 0.1993690851735015
0 0.20456153846153846 0.6669400630914827 0.10350769230769233 0.19026288117770773
0 0.5232153846153845 0.6699789695057834 0.10559230769230768 0.19229232386961106
0 0.3104076923076923 0.6704837013669821 0.10346153846153847 0.2094952681388013
0 0.04807692307692308 0.06729758149316509 0.09615384615384616 0.13459516298633017
0 0.09723076923076923 0.6740273396424816 0.10354615384615386 0.20848580441640377
0 0.4173692307692308 0.679589905362776 0.1026769230769231 0.20746582544689796
0 0.27153076923076924 0.07236593059936908 0.31147692307692315 0.14472134595162986
0 0.5943461538461539 0.07287066246056782 0.32188461538461544 0.14573080967402735
0 0.8980846153846154 0.8324079915878023 0.20382307692307677 0.14472134595162975
0 0.6283692307692307 0.8359516298633018 0.3203384615384615 0.13358569926393266
0 0.3066846153846154 0.8410094637223974 0.31812307692307695 0.13156677181913765
0 0.07339230769230769 0.8460778128286015 0.14678461538461537 0.11537329127234493