0 0.054527750730282376 0.8007692307692308 0.06815968841285297 0.11846153846153847
0 0.6708860759493671 0.7680769230769231 0.1002921129503408 0.10923076923076923
0 0.5808179162609542 0.7757692307692308 0.09834469328140215 0.11692307692307692
0 0.49123661148977604 0.7838461538461539 0.09834469328140215 0.11615384615384615
0 0.13242453748782862 0.8038461538461539 0.1002921129503408 0.11692307692307692
0 0.4011684518013632 0.7896153846153846 0.10223953261927946 0.11692307692307692
0 0.31353456669912366 0.795 0.09737098344693282 0.1176923076923077
0 0.22395326192794549 0.8088461538461539 0.09737098344693282 0.11692307692307692
0 0.7833495618305745 0.06346153846153846 0.09834469328140215 0.11923076923076924
0 0.8539435248296008 0.061153846153846156 0.05063291139240506 0.11538461538461539
0 0.006815968841285297 0.11115384615384616 0.013631937682570594 0.11615384615384615
0 0.689873417721519 0.07346153846153847 0.09542356377799416 0.1176923076923077
0 0.05939629990262902 0.10884615384615384 0.09639727361246349 0.12076923076923077
0 0.6032132424537487 0.0823076923076923 0.09444985394352483 0.11692307692307692
0 0.5131450827653359 0.09076923076923077 0.09737098344693282 0.11846153846153847
0 0.1518987341772152 0.11115384615384616 0.09931840311587146 0.12230769230769231
0 0.24294060370009737 0.1123076923076923 0.09444985394352483 0.1176923076923077
0 0.33154819863680624 0.11192307692307692 0.10126582278481013 0.12307692307692308
0 0.42210321324245376 0.10807692307692307 0.09639727361246349 0.12153846153846154
0 0.7935735150925024 0.1773076923076923 0.0934761441090555 0.11538461538461539
0 0.8627069133398247 0.1753846153846154 0.04868549172346641 0.1123076923076923
0 0.7030185004868549 0.18730769230769231 0.09639727361246349 0.11461538461538462
0 0.01314508276533593 0.22692307692307692 0.02629016553067186 0.11538461538461539
0 0.06864654333008763 0.22538461538461538 0.09931840311587146 0.11846153846153847
0 0.6124634858812074 0.1973076923076923 0.09444985394352483 0.11538461538461539
0 0.5223953261927945 0.20307692307692307 0.09737098344693282 0.11692307692307692
0 0.16212268743914313 0.2276923076923077 0.09834469328140215 0.11846153846153847
0 0.2526777020447907 0.22576923076923078 0.09737098344693282 0.1176923076923077
0 0.436222005842259 0.22384615384615383 0.09737098344693282 0.11692307692307692
0 0.3442064264849075 0.23 0.09737098344693282 0.11692307692307692
0 0.802823758519961 0.2907692307692308 0.09639727361246349 0.11153846153846154
0 0.8719571567672834 0.2873076923076923 0.053554040895813046 0.11076923076923077
0 0.7098344693281402 0.3 0.09250243427458617 0.11307692307692307
0 0.01801363193768257 0.3396153846153846 0.03602726387536514 0.11307692307692307
0 0.07643622200584226 0.3384615384615385 0.09444985394352483 0.11461538461538462
0 0.6226874391431353 0.3088461538461538 0.0934761441090555 0.11076923076923077
0 0.5340798442064265 0.31653846153846155 0.09444985394352483 0.11538461538461539
0 0.17380720545277506 0.33807692307692305 0.09542356377799416 0.11538461538461539
0 0.26241480038948395 0.3384615384615385 0.09250243427458617 0.11307692307692307
0 0.443524829600779 0.33576923076923076 0.09542356377799416 0.11307692307692307
0 0.35443037974683544 0.3423076923076923 0.0934761441090555 0.11384615384615385
0 0.8149951314508277 0.3996153846153846 0.09542356377799416 0.11307692307692307
0 0.8831548198636806 0.39653846153846156 0.05160662122687439 0.1123076923076923
0 0.7229795520934762 0.4096153846153846 0.09639727361246349 0.11307692307692307
0 0.023369036027263874 0.4511538461538461 0.04673807205452775 0.11307692307692307
0 0.633398247322298 0.41846153846153844 0.09542356377799416 0.11307692307692307
0 0.09201557935735151 0.4492307692307692 0.09834469328140215 0.11384615384615385
0 0.5443037974683544 0.42730769230769233 0.09639727361246349 0.11384615384615385
0 0.1830574488802337 0.44846153846153847 0.09444985394352483 0.11384615384615385
0 0.27166504381694256 0.44884615384615384 0.0934761441090555 0.11461538461538462
0 0.3641674780915287 0.45153846153846156 0.09444985394352483 0.11153846153846154
0 0.45569620253164556 0.44653846153846155 0.09737098344693282 0.11307692307692307
0 0.8213242453748782 0.5107692307692308 0.09639727361246349 0.11384615384615385
0 0.8914313534566699 0.5073076923076923 0.054527750730282376 0.1123076923076923
0 0.7302823758519961 0.5192307692307693 0.09639727361246349 0.11538461538461539
0 0.030671859785783837 0.5634615384615385 0.06037000973709834 0.1123076923076923
0 0.6436222005842259 0.5303846153846153 0.09639727361246349 0.11615384615384615
0 0.10077896786757547 0.5603846153846154 0.10223953261927946 0.1123076923076923
0 0.5525803310613437 0.5388461538461539 0.09542356377799416 0.1176923076923077
0 0.19182083739045763 0.5592307692307692 0.09639727361246349 0.11615384615384615
0 0.28237585199610515 0.5596153846153846 0.09639727361246349 0.11153846153846154
0 0.3729308666017527 0.5607692307692308 0.09737098344693282 0.11153846153846154
0 0.4625121713729309 0.556923076923077 0.09737098344693282 0.11153846153846154
0 0.9026290165530672 0.6284615384615385 0.05647517039922103 0.11384615384615385
0 0.8339824732229796 0.635 0.09834469328140215 0.12153846153846154
0 0.043816942551119765 0.6861538461538461 0.06621226874391431 0.11615384615384615
0 0.5598831548198637 0.6626923076923077 0.09737098344693282 0.11923076923076924
0 0.11976630963972736 0.6873076923076923 0.09931840311587146 0.12076923076923077
0 0.4688412852969815 0.6711538461538461 0.09542356377799416 0.11692307692307692
0 0.37828627069133397 0.6765384615384615 0.09444985394352483 0.11692307692307692
0 0.9182083739045764 0.7407692307692307 0.05258033106134372 0.11307692307692307
0 0.8524829600778968 0.7496153846153846 0.09931840311587146 0.11846153846153847
0 0.76095423563778 0.7546153846153846 0.09737098344693282 0.11846153846153847