0 0.9833923076923078 0.10590956887486856 0.021253846153846238 0.051430073606729756
0 0.9598384615384615 0.10691903259726604 0.025115384615384685 0.056698212407991604
0 0.32816923076923077 0.10773922187171399 0.026684615384615428 0.05613038906414302
0 0.9327384615384615 0.10975814931650893 0.023053846153846 0.04860147213459516
0 0.8841307692307692 0.11096740273396424 0.02656923076923074 0.056698212407991604
0 0.9087461538461538 0.11501577287066246 0.025430769230769187 0.05750788643533123
0 0.1237 0.11513144058885383 0.0299769230769231 0.058264984227129335
0 0.023453846153846155 0.11618296529968455 0.03335384615384615 0.06177707676130391
0 0.058369230769230764 0.11670872765509988 0.03076923076923077 0.052302839116719235
0 0.5378461538461539 0.14393270241850684 0.025661538461538385 0.0571503680336488
0 0.48355384615384617 0.1444479495268139 0.0272153846153847 0.05332281808622502
0 0.5094307692307692 0.14828601472134595 0.02389230769230765 0.05332281808622502
0 0.45603076923076924 0.14932702418506835 0.027223076923077 0.05749737118822293
0 0.5872 0.1507255520504732 0.023415384615384657 0.058201892744479504
0 0.6149846153846154 0.15229232386961095 0.023400000000000056 0.055057833859095705
0 0.6408538461538462 0.1540378548895899 0.02466923076923072 0.055057833859095705
0 0.6669769230769231 0.15455310199789693 0.02389230769230765 0.05261829652996846
0 0.5615538461538462 0.15542586750788645 0.02259230769230761 0.050883280757097776
0 0.4267153846153846 0.1559516298633018 0.029276923076923034 0.056803364879074655
0 0.984423076923077 0.15875920084121975 0.020953846153845986 0.050220820189274436
0 0.29346923076923076 0.1587907465825447 0.027761538461538487 0.05251314405888538
0 0.8408846153846155 0.1589589905362776 0.02362307692307695 0.049810725552050475
0 0.15091538461538462 0.16023133543638274 0.032530769230769245 0.062124079915878004
0 0.7186153846153847 0.16048370136698212 0.019061538461538442 0.05261829652996846
0 0.6960538461538461 0.16065194532071503 0.024938461538461593 0.05297581493165089
0 0.3755769230769231 0.16078864353312303 0.027723076923076895 0.055772870662460575
0 0.7429538461538462 0.16117770767613038 0.024915384615384693 0.05332281808622502
0 0.8657692307692307 0.16138801261829652 0.021838461538461442 0.05385909568874867
0 0.26526153846153844 0.16169295478443743 0.026976923076923117 0.056130389064143
0 0.7667846153846154 0.1622187171398528 0.021592307692307643 0.05332281808622501
0 0.08763846153846154 0.1625131440588854 0.02922307692307693 0.05616193480546791
0 0.4002076923076923 0.16274447949526816 0.020115384615384643 0.05297581493165089
0 0.9359923076923077 0.1634174553101998 0.020676923076923162 0.05223974763406941
0 0.9626538461538462 0.1634174553101998 0.021853846153846043 0.051430073606729784
0 0.18107692307692308 0.1635646687697161 0.02969230769230771 0.05967402733964248
0 0.32035384615384616 0.16458464773922188 0.02483846153846151 0.051062039957939016
0 0.3471 0.16585699263932702 0.02535384615384618 0.0550473186119874
0 0.23744615384615386 0.1671188222923239 0.026453846153846144 0.05540483701366982
0 0.888423076923077 0.16867507886435332 0.023900000000000126 0.05304942166140903
0 0.055161538461538456 0.17216614090431123 0.03051538461538461 0.060021030494216594
0 0.9108153846153846 0.17333333333333334 0.02187692307692312 0.051840168243953745
0 0.20870769230769232 0.17454258675078865 0.026200000000000022 0.05577287066246059
0 0.11985384615384616 0.17497371188222924 0.030492307692307683 0.05931650893796007
0 0.02666153846153846 0.17794952681388013 0.03053076923076923 0.057560462670872774
0 0.4854769230769231 0.20498422712933753 0.025830769230769175 0.05104100946372242
0 0.512723076923077 0.20539432176656153 0.025515384615384672 0.05351209253417454
0 0.6211153846153846 0.20944269190325973 0.024969230769230796 0.0522712933753943
0 0.5935538461538462 0.20951629863301788 0.02578461538461537 0.05269190325972662
0 0.6473692307692308 0.21100946372239746 0.025469230769230692 0.05610935856992641
0 0.5685692307692307 0.21280757097791797 0.0227846153846153 0.05762355415352262
0 0.5398153846153846 0.21321766561514197 0.02610769230769235 0.05433228180862252
0 0.8502153846153846 0.21383806519453208 0.02569230769230776 0.05588853838065192
0 0.9863538461538461 0.21403785488958993 0.021253846153846238 0.05223974763406941
0 0.8201538461538462 0.21444794952681387 0.024223076923076754 0.05304942166140903
0 0.4577846153846154 0.21527865404837013 0.026438461538461456 0.04939011566771816
0 0.6754076923076923 0.2165930599369085 0.024946153846153896 0.055415352260778115
0 0.965323076923077 0.21667718191377497 0.020669230769230686 0.051840168243953745
0 0.6998923076923077 0.21667718191377497 0.0225 0.052649842271293365
0 0.8715461538461539 0.21707676130389064 0.019761538461538504 0.05103049421661406
0 0.4306846153846154 0.21794952681388013 0.02645384615384623 0.04815983175604628
0 0.9402923076923078 0.21849631966351207 0.02216153846153842 0.05223974763406941
0 0.4017846153846154 0.21856992639327025 0.025861538461538422 0.05515247108307044
0 0.7465461538461539 0.21869610935856992 0.02455384615384621 0.0550788643533123
0 0.7229923076923077 0.21889589905362775 0.0224923076923077 0.05791798107255519
0 0.7708307692307692 0.2197055730809674 0.02217692307692302 0.05143007360672972
0 0.2640692307692308 0.22126182965299684 0.028823076923076944 0.0550473186119874
0 0.37503846153846154 0.22144058885383808 0.026130769230769253 0.05395373291272345
0 0.7954153846153846 0.2219348054679285 0.026899999999999934 0.05588853838065192
0 0.34776153846153846 0.22253417455310198 0.025084615384615396 0.054679284963196635
0 0.32114615384615386 0.22289169295478445 0.026946153846153825 0.056130389064143
0 0.1486076923076923 0.22305993690851736 0.029961538461538453 0.060021030494216594
0 0.29306923076923075 0.22307045215562565 0.026438461538461543 0.0550473186119874
0 0.08493846153846155 0.2255099894847529 0.031015384615384622 0.05931650893796007
0 0.1806923076923077 0.2255099894847529 0.028415384615384613 0.05370136698212407
0 0.9188153846153846 0.22639327024185069 0.020684615384615287 0.051840168243953745
0 0.8949692307692309 0.22740273396424815 0.024546153846153735 0.05223974763406941
0 0.23546153846153847 0.230136698212408 0.028307692307692273 0.056855941114616185
0 0.20870769230769232 0.2328496319663512 0.028315384615384638 0.05432176656151416
0 0.05362307692307692 0.23429022082018927 0.028976923076923074 0.0628286014721346
0 0.11548461538461538 0.2363932702418507 0.030492307692307683 0.05861198738170348
0 0.02525384615384615 0.23955835962145108 0.029246153846153856 0.06212407991587804
0 0.5062538461538462 0.26425867507886436 0.028223076923076965 0.05927444794952682
0 0.6084615384615385 0.2656782334384858 0.026576923076923043 0.0558464773922187
0 0.6355307692307692 0.26839116719242906 0.024699999999999923 0.054889589905362794
0 0.4233153846153846 0.26981072555205043 0.026153846153846153 0.05474237644584651
0 0.45130769230769235 0.27002103049421666 0.02613846153846155 0.05680336487907464
0 0.5307846153846154 0.2704311251314406 0.01888461538461535 0.05186119873817037
0 0.9752 0.27093585699263933 0.01953846153846161 0.0485068349106204
0 0.6614384615384615 0.27093585699263933 0.02515384615384619 0.0504206098843323
0 0.47690000000000005 0.2712513144058885 0.02372307692307686 0.05433228180862249
0 0.836176923076923 0.27237644584647736 0.02210769230769214 0.053932702418506825
0 0.5557769230769231 0.27249211356466874 0.024292307692307637 0.0584542586750789
0 0.9520923076923077 0.2730178759200841 0.024215384615384628 0.05457413249211354
0 0.6887538461538462 0.27349106203995793 0.02374615384615376 0.05424815983175608
0 0.39531538461538457 0.2739327024185068 0.024961538461538497 0.05557308096740276
0 0.7830769230769231 0.27540483701366986 0.023292307692307758 0.051703470031545726
0 0.7579846153846154 0.27540483701366986 0.022607692307692384 0.051703470031545726
0 0.8638615384615385 0.2765194532071504 0.022853846153846183 0.057760252365930576
0 0.7124384615384615 0.2765194532071504 0.021630769230769148 0.05329127234490008
0 0.7346153846153847 0.2765194532071504 0.021623076923076846 0.04946372239747633
0 0.8119000000000001 0.2771608832807571 0.023053846153846 0.055205047318611984
0 0.5824153846153846 0.2774237644584648 0.023376923076923153 0.05680336487907464
0 0.3682846153846154 0.2782965299684543 0.025869230769230766 0.05251314405888535
0 0.2603615384615385 0.2797476340694007 0.0251153846153846 0.053953732912723484
0 0.31650769230769227 0.2802944269190326 0.027215384615384614 0.05793901156677184
0 0.2877692307692308 0.280651945320715 0.027492307692307698 0.058664563617244994
0 0.9269999999999999 0.28131440588853834 0.02166153846153835 0.04946372239747633
0 0.8838153846153847 0.281472134595163 0.01840769230769218 0.04659305993690855
0 0.14436923076923078 0.2820294426919032 0.03022307692307694 0.061419558359621415
0 0.9040076923076923 0.283869610935857 0.02050000000000007 0.051377497371188234
0 0.3428615384615385 0.28426919032597264 0.023761538461538452 0.05359621451104104
0 0.17633076923076924 0.2857097791798107 0.030461538461538477 0.0561619348054679
0 0.08236923076923076 0.2864143007360673 0.030500000000000003 0.058969505783385924
0 0.23440000000000003 0.28662460567823345 0.027246153846153816 0.051787592008412195
0 0.2061923076923077 0.291335436382755 0.030169230769230792 0.055404837013669786
0 0.11304615384615385 0.2939537329127235 0.027669230769230748 0.05440588853838066
0 0.053746153846153846 0.29782334384858045 0.02666153846153846 0.0572134595162986
0 0.026276923076923073 0.30045215562565725 0.026161538461538455 0.051945320715036776
0 0.9875 0.3232807570977918 0.025 0.049779179810725584
0 0.6197769230769231 0.32391167192429027 0.028676923076923055 0.0561619348054679
0 0.4850307692307692 0.3260042060988433 0.02311538461538458 0.05680336487907464
0 0.5104692307692308 0.32744479495268136 0.024007692307692334 0.05310199789695058
0 0.4592846153846154 0.3286750788643533 0.024630769230769217 0.04898002103049426
0 0.7484153846153847 0.3290220820189274 0.021207692307692257 0.05553101997896945
0 0.4324923076923077 0.3290851735015773 0.025846153846153776 0.05145110410094632
0 0.5372615384615385 0.3290851735015773 0.02640769230769225 0.0572134595162986
0 0.7739692307692307 0.3294952681388013 0.02190000000000002 0.0539327024185068
0 0.9579230769230769 0.32966351209253414 0.022815384615384505 0.0485068349106204
0 0.6725307692307692 0.32966351209253414 0.024453846153846125 0.05297581493165089
0 0.7241153846153846 0.33093585699263933 0.023499999999999965 0.05680336487907464
0 0.4046461538461538 0.3317665615141956 0.026761538461538434 0.0518611987381704
0 0.6465000000000001 0.3330073606729758 0.030300000000000077 0.051377497371188234
0 0.8446923076923076 0.3331650893796004 0.021400000000000127 0.05106203995793907
0 0.8703692307692308 0.33380651945320716 0.022792307692307775 0.05106203995793907
0 0.9337692307692308 0.3339642481598318 0.021184615384615357 0.04882229232386956
0 0.5648076923076923 0.33422712933753945 0.02670000000000003 0.05762355415352256
0 0.3772923076923077 0.33460567823343845 0.027984615384615382 0.05214511041009467
0 0.6983230769230769 0.3352471083070452 0.02467692307692302 0.05201892744479498
0 0.7970769230769231 0.33540483701366985 0.020953846153846073 0.05424815983175608
0 0.9114769230769232 0.33572029442691903 0.02050000000000007 0.049779179810725584
0 0.8224076923076924 0.33683491062039955 0.02351538461538474 0.05266035751840172
0 0.5916538461538461 0.3374763406940063 0.024253846153846133 0.053291272344900054
0 0.26353846153846155 0.3380546792849632 0.026176923076923056 0.055404837013669876
0 0.8888384615384616 0.3384332281808623 0.01956923076923081 0.049463722397476304
0 0.31995384615384614 0.3391377497371188 0.027738461538461583 0.05758149316508937
0 0.3493538461538462 0.34022082018927446 0.026669230769230737 0.059032597266035734
0 0.23559230769230768 0.3414931650893796 0.030692307692307675 0.058664563617244966
0 0.15103846153846154 0.3434490010515247 0.03124615384615385 0.05650893796004207
0 0.29107692307692307 0.345478443743428 0.027738461538461497 0.06011566771819134
0 0.0902 0.3473080967402734 0.02613846153846153 0.04738170347003161
0 0.20698461538461538 0.35035751840168244 0.02910000000000001 0.06047318611987381
0 0.18017692307692307 0.35082018927444797 0.03097692307692306 0.06002103049421666
0 0.11997692307692308 0.3546792849631967 0.03279999999999999 0.05299684542586748
0 0.03385384615384615 0.3571398527865405 0.027953846153846156 0.05370136698212413
0 0.008769230769230769 0.35837013669821244 0.017538461538461537 0.06036803364879071
0 0.06119230769230769 0.3601261829652997 0.02923076923076923 0.06036803364879071
0 0.9918153846153845 0.3749737118822293 0.016361538461538448 0.04914826498422714
0 0.9719307692307693 0.3808832807570978 0.021869230769230644 0.04882229232386956
0 0.9480076923076923 0.38263932702418507 0.024453846153846125 0.05042060988433233
0 0.4851846153846154 0.38465825446898 0.024630769230769217 0.05474237644584654
0 0.4317384615384615 0.3860988433228181 0.030969230769230763 0.05598317560462672
0 0.9256 0.38630914826498425 0.020261538461538574 0.049463722397476304
0 0.7624153846153846 0.38630914826498425 0.025407692307692287 0.04882229232386956
0 0.6641307692307692 0.38694006309148266 0.023069230769230776 0.053291272344900054
0 0.4600461538461538 0.38732912723449003 0.024946153846153896 0.05433228180862246
0 0.9035384615384615 0.38853838065194535 0.021899999999999847 0.049463722397476304
0 0.8598615384615385 0.3888538380651945 0.02093076923076926 0.051377497371188234
0 0.7376769230769231 0.3894952681388013 0.020746153846153866 0.05074658254468979
0 0.5119769230769231 0.38980021030494216 0.023415384615384657 0.04939011566771822
0 0.7153846153846154 0.38981072555205043 0.022392307692307614 0.0539327024185068
0 0.8793846153846154 0.38997896950578337 0.019807692307692307 0.04659305993690846
0 0.8352384615384615 0.390136698212408 0.02210769230769214 0.05266035751840172
0 0.5395230769230769 0.39021030494216613 0.02370769230769226 0.05433228180862246
0 0.6144846153846154 0.39021030494216613 0.023676923076923057 0.05433228180862246
0 0.6398615384615385 0.3904521556256572 0.024015384615384636 0.0539327024185068
0 0.4019384615384615 0.3910304942166141 0.025561538461538476 0.05762355415352256
0 0.6901769230769231 0.39156677181913774 0.026599999999999943 0.05297581493165089
0 0.785876923076923 0.39364879074658254 0.020492307692307768 0.051377497371188234
0 0.5654153846153845 0.3937118822292324 0.024899999999999915 0.05227129337539436
0 0.5892000000000001 0.3941219768664564 0.023084615384615377 0.05145110410094632
0 0.8108461538461538 0.39427970557308095 0.022815384615384505 0.05457413249211354
0 0.2639076923076923 0.3959200841219768 0.026915384615384622 0.057560462670872774
0 0.3183307692307692 0.40153522607781283 0.026376923076923048 0.05264984227129343
0 0.2350230769230769 0.4034700315457413 0.028207692307692277 0.0572134595162986
0 0.3456692307692308 0.40364879074658255 0.02764615384615389 0.0561619348054679
0 0.15014615384615385 0.4043427970557308 0.026876923076923076 0.053354363827549954
0 0.37288461538461537 0.4052260778128286 0.02609999999999996 0.05299684542586748
0 0.2909923076923077 0.40680336487907465 0.026130769230769253 0.04984227129337537
0 0.09276923076923077 0.4099579390115668 0.026130769230769218 0.0561619348054679
0 0.20576153846153847 0.4099579390115668 0.026684615384615404 0.0561619348054679
0 0.17709999999999998 0.4113669821240799 0.02583846153846152 0.051945320715036776
0 0.034361538461538464 0.41593059936908516 0.026930769230769223 0.05686645636172454
0 0.12087692307692306 0.41732912723449 0.02946153846153847 0.05475289169295484
0 0.0644 0.4192639327024185 0.03 0.05299684542586748
0 0.01023076923076923 0.4215457413249211 0.02026153846153846 0.0561619348054679
0 0.991 0.42970557308096735 0.01800000000000007 0.04308096740273399
0 0.9706461538461538 0.4333753943217665 0.02164615384615375 0.04914826498422714
0 0.948823076923077 0.4359305993690852 0.02141538461538473 0.0485068349106204
0 0.7654923076923077 0.4377497371188223 0.023984615384615434 0.05557308096740276
0 0.9254846153846155 0.43960042060988436 0.02236153846153859 0.05266035751840172
0 0.9019076923076923 0.4402418506834911 0.021907692307692322 0.049463722397476304
0 0.8771384615384615 0.4416719242902208 0.02139230769230765 0.04914826498422714
0 0.8544999999999999 0.44182965299684546 0.022799999999999904 0.05074658254468979
0 0.6644923076923077 0.44290220820189274 0.022523076923076903 0.05351209253417454
0 0.4529692307692308 0.4435120925341745 0.02404615384615384 0.049810725552050475
0 0.7131153846153846 0.44392218717139853 0.024007692307692334 0.05310199789695058
0 0.7379538461538462 0.4449526813880126 0.02369230769230766 0.05433228180862246
0 0.5038461538461538 0.4453627760252366 0.025230769230769196 0.05762355415352256
0 0.6384538461538461 0.4455730809674027 0.025846153846153776 0.053922187171398496
0 0.8315076923076923 0.44566771819137746 0.016969230769230726 0.043722397476340734
0 0.5294384615384615 0.44639327024185066 0.025215384615384594 0.0506309148264984
0 0.6107538461538462 0.4476340694006309 0.025853846153846078 0.05474237644584654
0 0.6884307692307693 0.4476340694006309 0.023415384615384657 0.05227129337539436
0 0.7823769230769232 0.44789695057833856 0.02096153846153855 0.051377497371188234
0 0.8114307692307692 0.4483701366982124 0.023046153846153872 0.0517034700315457
0 0.47675384615384614 0.451745531019979 0.02343076923076926 0.05474237644584642
0 0.5572846153846154 0.45277602523659305 0.02550769230769237 0.05104100946372236
0 0.39983846153846153 0.4529863301787592 0.024369230769230775 0.0506309148264984
0 0.5836615384615385 0.45524710830704523 0.025869230769230853 0.05433228180862246
0 0.26223846153846153 0.4555941114616193 0.0251153846153846 0.057560462670872774
0 0.3166615384615385 0.4568243953732913 0.02766153846153849 0.05511041009463719
0 0.4252769230769231 0.4570977917981072 0.025261538461538398 0.053922187171398496
0 0.14975384615384615 0.4585804416403786 0.027653846153846143 0.05370136698212413
0 0.3730076923076923 0.46191377497371183 0.026353846153846148 0.05475289169295484
0 0.2890615384615384 0.4631335436382755 0.02793076923076919 0.05650893796004207
0 0.23463846153846152 0.46349106203995794 0.02641538461538464 0.05440588853838066
0 0.3445153846153846 0.46366982124079914 0.02636923076923075 0.053354363827549954
0 0.20717692307692306 0.46664563617245003 0.025399999999999985 0.05159831756046272
0 0.17876923076923076 0.46735015772870664 0.027123076923076916 0.05511041009463719
0 0.09238461538461538 0.46752891692954784 0.027415384615384605 0.0561619348054679
0 0.03295384615384615 0.47349106203995794 0.027184615384615387 0.05124079915878025
0 0.12074615384615385 0.4752471083070452 0.0286923076923077 0.05896950578338595
0 0.06298461538461538 0.47752891692954785 0.028199999999999996 0.05511041009463719
0 0.009461538461538462 0.47770767613038906 0.01872307692307692 0.05264984227129343
0 0.9898307692307692 0.4807676130389064 0.020330769230769104 0.047549947423764484
0 0.9656307692307692 0.4869926393270242 0.01860769230769235 0.047234490010515204
0 0.9443846153846154 0.49113564668769716 0.020023076923077077 0.049779179810725584
0 0.7612846153846153 0.4925026288117771 0.020976923076923063 0.05310199789695058
0 0.8994538461538462 0.4938485804416404 0.021207692307692434 0.05074658254468979
0 0.9203461538461539 0.4957623554153523 0.020961538461538462 0.04819137749737123
0 0.8728461538461538 0.49592008412197686 0.0202846153846153 0.05042060988433233
0 0.827423076923077 0.4967192429022082 0.01860769230769235 0.04690851735015774
0 0.8504153846153846 0.4967192429022082 0.021169230769230756 0.043722397476340734
0 0.6622384615384616 0.4976445846477392 0.02402307692307694 0.0518611987381704
0 0.7098 0.49990536277602526 0.024007692307692334 0.05227129337539436
0 0.7375 0.5005257623554153 0.023392307692307754 0.0518611987381704
0 0.6357461538461538 0.5007255520504732 0.02343846153846156 0.05227129337539436
0 0.5286846153846153 0.5009358569926393 0.02371538461538456 0.05269190325972662
0 0.45101538461538465 0.5011461619348054 0.025553846153846174 0.049810725552050475
0 0.6854153846153845 0.5015562565720295 0.020407692307692286 0.0506309148264984
0 0.7844769230769231 0.5032702418506835 0.02329230769230767 0.05297581493165089
0 0.5047538461538461 0.5034069400630915 0.0222153846153847 0.04362776025236594
0 0.6104538461538461 0.5036067297581494 0.02465384615384612 0.05639327024185068
0 0.8071153846153846 0.5050157728706625 0.02141538461538473 0.04563617245005255
0 0.3974076923076923 0.5064879074658255 0.026130769230769253 0.053922187171398496
0 0.4797461538461538 0.5071083070452156 0.02699999999999993 0.05269190325972662
0 0.3164076923076923 0.5135015772870662 0.02714615384615382 0.05264984227129343
0 0.2621076923076923 0.5145636172450053 0.025376923076923085 0.055457413249211364
0 0.42435384615384614 0.5149316508937959 0.026423076923076855 0.05515247108307044
0 0.3712153846153846 0.5161409043112514 0.023784615384615352 0.05159831756046267
0 0.14834615384615385 0.5164879074658254 0.026884615384615375 0.0544058885383806
0 0.2890615384615384 0.5192954784437435 0.024338461538461528 0.05159831756046267
0 0.34374615384615387 0.5203470031545742 0.028930769230769243 0.05580441640378548
0 0.23463846153846152 0.5213985278654049 0.02641538461538464 0.05230283911671925
0 0.20563076923076923 0.5245636172450052 0.02796153846153848 0.05370136698212407
0 0.17684615384615385 0.5252681388012618 0.029438461538461524 0.05580441640378548
0 0.09148461538461539 0.5270241850683491 0.03023846153846154 0.05511041009463719
0 0.03243846153846154 0.5294742376445846 0.029238461538461533 0.05299684542586754
0 0.9844076923076923 0.5332492113564669 0.02037692307692291 0.04486855941114618
0 0.12100769230769232 0.5335120925341745 0.02612307692307691 0.04773922187171402
0 0.008953846153846154 0.5364984227129337 0.017700000000000004 0.05650893796004201
0 0.9640846153846153 0.5367507886435331 0.018876923076923048 0.04774973711882226
0 0.061830769230769224 0.5378969505783386 0.02845384615384616 0.05791798107255525
0 0.9430153846153847 0.5398317560462671 0.019492307692307805 0.04815983175604622
0 0.9228461538461539 0.5451840168243954 0.022507692307692475 0.05721345951629866
0 0.8478846153846153 0.5453943217665614 0.021938461538461525 0.050220820189274436
0 0.826053846153846 0.5476550998948476 0.0222461538461539 0.05227129337539436
0 0.8981538461538461 0.5478654048370136 0.021315384615384642 0.05104100946372236
0 0.8737692307692309 0.5495057833859096 0.021323076923076768 0.05269190325972656
0 0.6575692307692308 0.5501261829652997 0.02373076923076916 0.04815983175604622
0 0.7605307692307692 0.5501261829652997 0.02127692307692314 0.053922187171398496
0 0.7328307692307692 0.5521871713985279 0.023699999999999957 0.0473396424815983
0 0.8045307692307693 0.5536277602523659 0.022561538461538407 0.050220820189274436
0 0.6836076923076924 0.5540378548895899 0.0222153846153847 0.05104100946372236
0 0.7064923076923078 0.5542376445846477 0.022199999999999925 0.05145110410094638
0 0.5042769230769231 0.5554784437434279 0.024884615384615314 0.053922187171398496
0 0.45144615384615383 0.5558885383806519 0.02580769230769227 0.05474237644584642
0 0.5298923076923077 0.5562986330178759 0.024915384615384693 0.05227129337539436
0 0.7830076923076923 0.556919032597266 0.021661538461538524 0.0535120925341746
0 0.6301769230769231 0.5575289169295479 0.023138461538461483 0.04981072555205042
0 0.5544615384615385 0.558769716088328 0.022869230769230784 0.04981072555205042
0 0.6059384615384615 0.5608307045215563 0.02284615384615388 0.04981072555205042
0 0.4779384615384616 0.5616508937960042 0.025799999999999972 0.05063091482649846
0 0.5793 0.5653522607781283 0.023161538461538386 0.04239747634069394
0 0.39710769230769233 0.5663827549947423 0.026130769230769253 0.0551524710830705
0 0.4248 0.5692639327024185 0.02552307692307697 0.052691903259726496
0 0.37031538461538466 0.5709148264984227 0.024938461538461507 0.05598317560462672
0 0.2612076923076923 0.5721240799158781 0.025623076923076967 0.056866456361724424
0 0.15143076923076923 0.5735226077812828 0.02893846153846154 0.05475289169295472
0 0.28816153846153847 0.5737013669821242 0.02561538461538458 0.05721345951629872
0 0.2345076923076923 0.5747528916929548 0.02563846153846157 0.052996845425867606
0 0.3167846153846154 0.5749316508937959 0.02791538461538459 0.055457413249211364
0 0.3429692307692308 0.5770347003154574 0.023792307692307654 0.05264984227129331
0 0.20832307692307692 0.5794952681388013 0.02667692307692306 0.05404837013669831
0 0.9844076923076923 0.5805888538380651 0.022184615384615497 0.0473396424815983
0 0.17966923076923078 0.5824815983175605 0.026876923076923076 0.05230283911671925
0 0.0929 0.586508937960042 0.028961538461538466 0.055457413249211364
0 0.9624307692307693 0.5879915878023133 0.022792307692307775 0.04981072555205036
0 0.12344615384615384 0.5882649842271294 0.027923076923076932 0.05404837013669831
0 0.031415384615384616 0.5900210304942166 0.030269230769230764 0.05475289169295472
0 0.9406076923076923 0.5914931650893795 0.019492307692307805 0.050220820189274436
0 0.0089 0.5945846477392219 0.0178 0.055457413249211364
0 0.06286153846153845 0.5954679284963196 0.032569230769230774 0.05440588853838066
0 0.8501384615384616 0.5972555205047319 0.021638461538461624 0.050220820189274436
0 0.8283153846153846 0.5993165089379601 0.022546153846153803 0.050220820189274436
0 0.9187769230769232 0.599726603575184 0.021607692307692418 0.04445846477392216
0 0.8957461538461539 0.600136698212408 0.020115384615384684 0.04939011566771822
0 0.8731692307692307 0.6030178759200842 0.020723076923076966 0.050220820189274436
0 0.6568076923076923 0.6030178759200842 0.024007692307692334 0.052691903259726496
0 0.8048307692307692 0.6042481598317561 0.0255692307692306 0.04939011566771822
0 0.7320769230769231 0.6044584647739222 0.023392307692307754 0.05227129337539436
0 0.7551076923076923 0.60465825446898 0.02188461538461542 0.047749737118822376
0 0.6823923076923077 0.6065194532071503 0.022192307692307622 0.05310199789695058
0 0.7078307692307692 0.6071293375394322 0.023684615384615356 0.05598317560462672
0 0.6304615384615385 0.6079600420609884 0.0225076923076923 0.04939011566771822
0 0.7790923076923076 0.6085699263932702 0.022869230769230697 0.04815983175604622
0 0.5048846153846154 0.6122818086225026 0.023076923076923078 0.051451104100946436
0 0.5564076923076924 0.6122818086225026 0.025553846153846174 0.05063091482649852
0 0.6053230769230769 0.6124815983175604 0.02402307692307694 0.050220820189274436
0 0.5303615384615384 0.6126919032597266 0.023453846153846162 0.04981072555205036
0 0.5807923076923077 0.6139221871713986 0.02313076923076918 0.04981072555205036
0 0.45355384615384614 0.6149526813880126 0.02640769230769225 0.05598317560462672
0 0.4791384615384615 0.6170136698212407 0.0227846153846153 0.0485699263932703
0 0.39860769230769233 0.623186119873817 0.02191538461538462 0.04362776025236594
0 0.42617692307692306 0.625478443743428 0.02793076923076919 0.056161934805468015
0 0.3746769230769231 0.625856992639327 0.025838461538461564 0.051451104100946436
0 0.26300769230769233 0.6266982124079916 0.026653846153846136 0.04527865404837008
0 0.31948461538461537 0.6288117770767613 0.025084615384615396 0.045983175604626725
0 0.3456692307692308 0.6296845425867509 0.025076923076923094 0.04913774973711884
0 0.23553846153846153 0.6302103049421662 0.026661538461538438 0.050893796004206196
0 0.29188461538461535 0.6316193480546792 0.027407692307692303 0.050893796004206196
0 0.20960769230769233 0.6335436382754994 0.0251307692307692 0.04984227129337549
0 0.1557923076923077 0.6337223974763406 0.025853846153846165 0.053701366982124014
0 0.18313076923076924 0.6361829652996845 0.025076923076923094 0.052996845425867606
0 0.982 0.6363617245005257 0.02158461538461534 0.0485699263932703
0 0.9564076923076923 0.6394426919032598 0.017976923076922995 0.04898002103049414
0 0.09893076923076924 0.6428496319663513 0.027161538461538463 0.052996845425867606
0 0.12755384615384616 0.6431966351209253 0.02946153846153847 0.051598317560462605
0 0.9365384615384615 0.64397476340694 0.021599999999999946 0.05227129337539436
0 0.03719230769230769 0.6467087276550999 0.030015384615384614 0.05511041009463731
0 0.9120076923076922 0.6491167192429022 0.021915384615384448 0.050220820189274436
0 0.8901846153846154 0.6507676130389064 0.020423076923077065 0.047749737118822376
0 0.8264769230769231 0.6511777076761304 0.020684615384615287 0.04939011566771822
0 0.8492076923076923 0.6517981072555206 0.02217692307692302 0.05227129337539436
0 0.3437846153846154 0.06590956887486855 0.08389230769230774 0.02751840168243954
0 0.06683846153846154 0.652502628811777 0.0318 0.05264984227129331
0 0.8700076923076923 0.6542586750788644 0.01982307692307691 0.04815983175604622
0 0.7557307692307693 0.6544689800210305 0.02191538461538462 0.0485699263932703
0 0.012161538461538463 0.6553101997896951 0.024123076923076924 0.056161934805468015
0 0.8042 0.6563196635120925 0.021899999999999847 0.05227129337539436
0 0.6565076923076923 0.6583806519453207 0.023400000000000056 0.05063091482649852
0 0.733 0.6587907465825447 0.02283076923076928 0.04650893796004208
0 0.7786076923076923 0.6590010515247109 0.021907692307692322 0.050220820189274436
0 0.6805923076923077 0.6604416403785489 0.020384615384615383 0.04568874868559416
0 0.6307615384615385 0.6614616193480546 0.0225076923076923 0.05433228180862258
0 0.7082846153846154 0.6624921135646687 0.023384615384615455 0.051451104100946436
0 0.5271923076923077 0.6640799158780231 0.02352307692307687 0.05124079915878025
0 0.5547461538461538 0.6647634069400632 0.024646153846153818 0.05104100946372236
0 0.5801846153846154 0.6649631966351209 0.025546153846153875 0.051451104100946436
0 0.5024230769230769 0.6656677181913775 0.02379230769230774 0.05440588853838066
0 0.6068307692307692 0.665993690851735 0.022223076923077 0.05680336487907464
0 0.4501846153846154 0.6719768664563617 0.023046153846153872 0.04527865404837008
0 0.4748230769230769 0.6719768664563617 0.021492307692307734 0.05230283911671925
0 0.40063846153846155 0.6732071503680337 0.02511538461538464 0.053354363827549954
0 0.4251538461538462 0.6772450052576235 0.022284615384615406 0.050189274447949545
0 0.2645461538461539 0.6779495268138801 0.026653846153846136 0.05511041009463731
0 0.3744538461538462 0.6800525762355416 0.026669230769230737 0.05511041009463731
0 0.32063846153846154 0.680757097791798 0.025853846153846165 0.05511041009463731
0 0.3463769230769231 0.6814300736067297 0.024646153846153818 0.05227129337539436
0 0.2945846153846154 0.6842691903259727 0.024069230769230742 0.05230283911671925
0 0.23656153846153843 0.6853207150368034 0.026146153846153854 0.05650893796004207
0 0.21076153846153847 0.6879495268138801 0.024876923076923102 0.05475289169295472
0 0.9523461538461538 0.688422712933754 0.020692307692307763 0.04403785488959002
0 0.9729692307692307 0.688422712933754 0.017969230769230866 0.04403785488959002
0 0.15643846153846155 0.6893585699263933 0.02559999999999998 0.053354363827549954
0 0.9929846153846155 0.6896635120925342 0.014030769230769062 0.04815983175604622
0 0.18300769230769232 0.6911146161934806 0.026869230769230774 0.05475289169295472
0 0.932023076923077 0.6958359621451105 0.018592307692307748 0.04239747634069394
0 0.9096 0.6964563617245005 0.021307692307692166 0.046919032597265924
0 0.12883846153846154 0.6965509989484753 0.027923076923076932 0.05230283911671925
0 0.09956923076923077 0.698832807570978 0.02793076923076923 0.053354363827549954
0 0.8873230769230769 0.6999474237644584 0.01951538461538453 0.04650893796004208
0 0.8243692307692309 0.7026288117770768 0.020684615384615287 0.0485699263932703
0 0.8458923076923077 0.7040694006309148 0.02037692307692291 0.04815983175604622
0 0.8678692307692308 0.7050998948475289 0.019761538461538504 0.04939011566771822
0 0.043092307692307694 0.7054994742376446 0.032061538461538454 0.05475289169295472
0 0.0697923076923077 0.7054994742376446 0.02435384615384615 0.04984227129337549
0 0.018069230769230768 0.707602523659306 0.02052307692307692 0.0505467928496319
0 0.8013384615384616 0.7081808622502629 0.020992307692307664 0.04403785488959002
0 0.7289384615384615 0.7085909568874869 0.02313076923076918 0.04898002103049414
0 0.7552769230769231 0.709621451104101 0.02342307692307696 0.05351209253417466
0 0.6780307692307693 0.7108622502628812 0.02189230769230772 0.05104100946372236
0 0.7766538461538461 0.7120925341745532 0.01980000000000001 0.047749737118822376
0 0.7028923076923077 0.7125026288117771 0.02404615384615384 0.046098843322818
0 0.6273 0.7162145110410094 0.022207692307692223 0.05104100946372236
0 0.6521384615384616 0.7176550998948475 0.02430769230769224 0.05227129337539436
0 0.5275 0.7184752891692955 0.024953846153846194 0.04815983175604622
0 0.6039692307692307 0.7186855941114616 0.024330769230769315 0.050220820189274436
0 0.5016538461538461 0.7188433228180863 0.025846153846153776 0.04913774973711884
0 0.5786769230769231 0.7192954784437434 0.024330769230769315 0.05227129337539436
0 0.5536923076923077 0.7199158780231335 0.021930769230769222 0.052691903259726496
0 0.45043846153846157 0.7246267087276551 0.02355384615384607 0.05650893796004207
0 0.47559999999999997 0.7256782334384858 0.025084615384615306 0.053701366982124014
0 0.3992230769230769 0.7286645636172451 0.022292307692307705 0.05404837013669831
0 0.4243846153846154 0.7290220820189274 0.024338461538461614 0.05124079915878025
0 0.2691461538461538 0.7319978969505784 0.02404615384615384 0.05440588853838066
0 0.32308461538461536 0.7344584647739222 0.024600000000000014 0.048790746582544786
0 0.3476076923076923 0.7346372239747634 0.023299999999999974 0.0505467928496319
0 0.37314615384615385 0.7346372239747634 0.02406153846153844 0.04773922187171408
0 0.9680000000000001 0.7363827549947424 0.02128461538461544 0.04362776025236594
0 0.9916230769230768 0.7380231335436382 0.01674615384615383 0.047749737118822376
0 0.2953615384615385 0.7388433228180862 0.02768461538461539 0.056161934805468015
0 0.9467769230769231 0.7388538380651946 0.016169230769230755 0.046919032597265924
0 0.24193846153846152 0.7393690851735015 0.026623076923076933 0.050893796004206196
0 0.21562307692307692 0.742534174553102 0.023299999999999974 0.04527865404837008
0 0.9290153846153847 0.7433753943217666 0.019792307692307706 0.046098843322818
0 0.159 0.7435856992639327 0.026623076923076933 0.04738170347003149
0 0.18826923076923077 0.7460357518401682 0.02815384615384617 0.052996845425867606
0 0.12973846153846152 0.7484963196635122 0.029715384615384612 0.048790746582544786
0 0.9070384615384616 0.7485278654048371 0.020399999999999988 0.0473396424815983
0 0.883553846153846 0.751608832807571 0.02101538461538474 0.046098843322818
0 0.8409307692307693 0.7540799158780231 0.020076923076923006 0.04939011566771822
0 0.8188000000000001 0.7557308096740274 0.021592307692307817 0.05186119873817028
0 0.09906153846153846 0.7560462670872765 0.027423076923076918 0.05475289169295472
0 0.8621538461538462 0.7569610935856993 0.02217692307692302 0.04939011566771822
0 0.0712076923076923 0.7570977917981072 0.02923076923076923 0.0519453207150369
0 0.7935153846153845 0.7575814931650894 0.021000000000000053 0.04568874868559416
0 0.04232307692307692 0.7609568874868559 0.027953846153846152 0.05124079915878025
0 0.6991153846153846 0.7610725552050472 0.0225153846153846 0.047749737118822376
0 0.7209461538461539 0.7614931650893796 0.022207692307692223 0.050220820189274436
0 0.7456307692307693 0.7614931650893796 0.022192307692307622 0.052691903259726496
0 0.7695615384615384 0.7623133543638276 0.02128461538461544 0.0485699263932703
0 0.6729307692307692 0.7625131440588854 0.020723076923076966 0.04898002103049414
0 0.6239846153846154 0.7664248159831756 0.01377692307692314 0.04445846477392216
0 0.013315384615384611 0.7688538380651945 0.02643076923076923 0.05440588853838066
0 0.5023076923076923 0.7704311251314405 0.02613846153846155 0.0519453207150369
0 0.5273384615384615 0.770788643533123 0.022276923076923104 0.05475289169295472
0 0.6503461538461539 0.77136698212408 0.023738461538461462 0.05433228180862258
0 0.5754769230769231 0.7721871713985279 0.018400000000000055 0.042818086225026315
0 0.6029384615384615 0.7725446898002104 0.026607692307692245 0.0519453207150369
0 0.4753384615384616 0.7741219768664565 0.021492307692307734 0.04667718191377508
0 0.5525 0.7746477392218718 0.025861538461538377 0.0505467928496319
0 0.4521076923076923 0.7785068349106204 0.02432307692307684 0.04773922187171408
0 0.4012538461538461 0.7813144058885384 0.02584615384615382 0.0519453207150369
0 0.4269461538461538 0.7813144058885384 0.023307692307692272 0.04913774973711884
0 0.9672461538461539 0.7853627760252366 0.019776923076923105 0.047749737118822376
0 0.37314615384615385 0.7869295478443743 0.023546153846153856 0.0519453207150369
0 0.989223076923077 0.7870136698212409 0.018561538461538546 0.04033648790746572
0 0.32180769230769235 0.7871083070452155 0.024600000000000014 0.05440588853838066
0 0.2681230769230769 0.7874553101997896 0.023530769230769254 0.048790746582544786
0 0.947223076923077 0.7876235541535226 0.018884615384615524 0.04898002103049414
0 0.34773076923076923 0.7878128286014722 0.024069230769230742 0.052996845425867606
0 0.2427076923076923 0.7909674027339643 0.026623076923076933 0.045983175604626725
0 0.9246461538461538 0.791745531019979 0.019492307692307805 0.0473396424815983
0 0.2949769230769231 0.7921976866456362 0.02435384615384613 0.04984227129337549
0 0.2147230769230769 0.793596214511041 0.02714615384615382 0.05404837013669831
0 0.16003076923076923 0.7971083070452155 0.027138461538461563 0.055457413249211364
0 0.9059846153846154 0.7975078864353312 0.01949999999999993 0.04239747634069394
0 0.18711538461538463 0.7990431125131441 0.025838461538461564 0.051598317560462605
0 0.8808153846153846 0.8007991587802312 0.021561538461538615 0.04981072555205036
0 0.8595923076923078 0.8034700315457414 0.022476923076922922 0.04527865404837008
0 0.13076153846153846 0.8043007360672976 0.030230769230769238 0.055804416403785424
0 0.8358076923076923 0.8047108307045215 0.018876923076923048 0.0419873817034701
0 0.10290769230769231 0.8106203995793901 0.026392307692307694 0.053701366982124014
0 0.7227538461538462 0.8117034700315456 0.022807692307692376 0.047749737118822376
0 0.6965615384615385 0.8119137749737119 0.019807692307692307 0.04981072555205036
0 0.7697153846153846 0.8127339642481598 0.0227846153846153 0.04815983175604622
0 0.07698461538461539 0.813080967402734 0.029484615384615394 0.053701366982124014
0 0.7454846153846154 0.814794952681388 0.0224923076923077 0.04650893796004208
0 0.6762384615384616 0.8149947423764458 0.02312307692307688 0.047749737118822376
0 0.04771538461538462 0.8176445846477393 0.029492307692307696 0.053701366982124014
0 0.6247615384615385 0.8191167192429022 0.02314615384615378 0.052691903259726496
0 0.5735461538461538 0.8195688748685593 0.02123076923076916 0.04984227129337549
0 0.6514000000000001 0.8209674027339643 0.02463846153846152 0.04898002103049414
0 0.5001307692307692 0.8209779179810726 0.023315384615384575 0.05124079915878025
0 0.4733 0.8222082018927445 0.022553846153846105 0.04527865404837008
0 0.5259307692307693 0.8236067297581493 0.025100000000000084 0.048790746582544786
0 0.5978076923076923 0.8236067297581493 0.0225 0.04176656151419561
0 0.5491615384615385 0.8251945320715036 0.020723076923076966 0.04141955835962156
0 0.017423076923076923 0.8253627760252366 0.03207692307692308 0.05440588853838066
0 0.44891538461538466 0.8280021030494216 0.024099999999999944 0.04703470031545743
0 0.49146153846153845 0.08398527865404838 0.027207692307692224 0.057854889589905374
0 0.9922307692307692 0.8310515247108308 0.015538461538461399 0.04527865404837008
0 0.42426923076923073 0.8323869610935857 0.02103076923076917 0.04386961093585702
0 0.9738692307692307 0.8355835962145111 0.01856923076923067 0.05104100946372236
0 0.3749461538461539 0.8364248159831756 0.02303076923076927 0.04773922187171408
0 0.9491846153846154 0.837434279705573 0.01978461538461523 0.0473396424815983
0 0.4003615384615385 0.8378233438485804 0.024561538461538468 0.0505467928496319
0 0.2676076923076923 0.8392323869610936 0.02609999999999996 0.05264984227129331
0 0.9294615384615385 0.8399053627760252 0.01828461538461537 0.04981072555205036
0 0.34966153846153847 0.8404626708727655 0.02433076923076923 0.050893796004206196
0 0.3236 0.841335436382755 0.025623076923076967 0.053354363827549954
0 0.24155384615384615 0.8416824395373291 0.025853846153846165 0.0505467928496319
0 0.9095923076923077 0.8436067297581493 0.021907692307692322 0.04981072555205036
0 0.2946923076923077 0.8451945320715036 0.027884615384615386 0.05124079915878025
0 0.8834000000000001 0.8477181913774973 0.021315384615384642 0.04321766561514186
0 0.21408461538461537 0.8501156677181915 0.02689230769230772 0.05124079915878025
0 0.8376153846153847 0.8501892744479495 0.021884615384615246 0.0473396424815983
0 0.8609461538461538 0.8514300736067298 0.02217692307692302 0.04898002103049414
0 0.18698461538461542 0.8527444794952682 0.027123076923076937 0.05230283911671925
0 0.1586153846153846 0.8543217665615143 0.028423076923076915 0.05475289169295472
0 0.8151846153846154 0.855751840168244 0.021592307692307817 0.04445846477392216
0 0.7909538461538461 0.8590431125131441 0.02430769230769224 0.04527865404837008
0 0.13153076923076923 0.8618717139852786 0.03125384615384615 0.05511041009463731
0 0.7427692307692307 0.8619242902208203 0.023699999999999957 0.04033648790746572
0 0.5183461538461539 0.08625657202944269 0.026946153846153825 0.054016824395373295
0 0.5456230769230769 0.08660357518401682 0.027446153846153894 0.05680336487907467
0 0.6989692307692308 0.8627444794952681 0.02281538461538468 0.050220820189274436
0 0.7201923076923077 0.8629547844374342 0.020100000000000083 0.04815983175604622
0 0.6729307692307692 0.863564668769716 0.021923076923076924 0.047749737118822376
0 0.7662538461538462 0.8639852786540484 0.02128461538461544 0.04527865404837008
0 0.10496153846153845 0.8655520504731861 0.027415384615384605 0.05264984227129331
0 0.6502 0.8674763406940064 0.024646153846153818 0.04403785488959002
0 0.6271692307692308 0.8689169295478444 0.022546153846153803 0.04527865404837008
0 0.07518461538461538 0.8690641430073607 0.033592307692307685 0.053354363827549954
0 0.6036846153846154 0.8699474237644585 0.019546153846153907 0.04403785488959002
0 0.5817615384615384 0.8711671924290221 0.02379230769230774 0.04913774973711884
0 0.5025692307692308 0.8725762355415353 0.022538461538461504 0.046330178759200785
0 0.46342307692307694 0.08782334384858044 0.028753846153846237 0.05157728706624605
0 0.4748384615384615 0.8729232386961093 0.026661538461538525 0.056866456361724424
0 0.5284923076923077 0.8731019978969506 0.024069230769230742 0.051598317560462605
0 0.5557076923076922 0.8731019978969506 0.024569230769230812 0.048086225026288135
0 0.043607692307692306 0.8767823343848581 0.031038461538461536 0.048433228180862195
0 0.44814615384615386 0.8767823343848581 0.021538461538461538 0.04001051524710826
0 0.4247846153846154 0.8776656151419558 0.02257692307692301 0.04457413249211367
0 0.014084615384615381 0.87801261829653 0.027969230769230767 0.05230283911671925
0 0.9621307692307692 0.8835331230283912 0.016169230769230755 0.04321766561514186
0 0.9868153846153845 0.8837434279705574 0.01976923076923063 0.0419873817034701
0 0.9451153846153847 0.8839432176656151 0.020084615384615482 0.04239747634069394
0 0.37506923076923077 0.8839852786540483 0.023807692307692342 0.041062039957938966
0 0.40074615384615386 0.8846792849631967 0.028930769230769197 0.04176656151419561
0 0.3504307692307692 0.885036803364879 0.02433076923076923 0.0396635120925342
0 0.8927384615384615 0.8851840168243953 0.023723076923077034 0.03827549947423774
0 0.3236 0.8857413249211357 0.024592307692307712 0.03825446898002115
0 0.9147153846153847 0.8862039957939011 0.018292307692307847 0.0353943217665616
0 0.27184615384615385 0.8869610935856993 0.026353846153846148 0.03649842271293379
0 0.24514615384615385 0.8878443743427971 0.024315384615384628 0.034752891692954736
0 0.2976769230769231 0.8880231335436383 0.024607692307692313 0.03369085173501574
0 0.8689538461538462 0.8880651945320714 0.018915384615384726 0.03169295478443754
0 0.2187076923076923 0.8892429022082019 0.02535384615384618 0.03124079915878027
0 0.8274692307692308 0.8905362776025236 0.019146153846153747 0.028906414300736077
0 0.8471230769230769 0.8911461619348054 0.019223076923076756 0.02717139852786532
0 0.19162307692307692 0.8915247108307045 0.02766923076923079 0.027381703470031507
0 0.7850153846153846 0.892292323869611 0.018838461538461457 0.026277602523659314
0 0.8061615384615385 0.8927339642481599 0.02139230769230765 0.02453207150368026
0 0.16556923076923077 0.8929337539432176 0.02332307692307692 0.02386961093585704
0 0.576376923076923 0.09130389064143007 0.024753846153846203 0.05366982124079915
0 0.6595846153846154 0.09287066246056781 0.024400000000000022 0.0561093585699264
0 0.6050461538461538 0.09304942166140903 0.026976923076923027 0.05576235541535226
0 0.6329538461538462 0.09426919032597267 0.0272153846153847 0.05749737118822293
0 0.43614615384615385 0.09636172450052577 0.029784615384615406 0.054710830704521554
0 0.40913076923076924 0.09723449001051525 0.02622307692307686 0.05227129337539433
0 0.2991615384615385 0.09868559411146162 0.027492307692307698 0.056130389064143
0 0.15463846153846153 0.10003154574132492 0.028169230769230773 0.057560462670872774
0 0.6850769230769231 0.10053627760252366 0.024899999999999915 0.053322818086225035
0 0.3817999999999999 0.10121976866456363 0.027461538461538454 0.056855941114616185
0 0.26923846153846154 0.10175604626708727 0.028561538461538458 0.05939011566771818
0 0.8118538461538463 0.10186119873817036 0.023046153846153872 0.05548895899053629
0 0.1839 0.10213459516298633 0.02917692307692306 0.058969505783385896
0 0.3551846153846154 0.10266035751840168 0.026146153846153854 0.054679284963196635
0 0.8374769230769231 0.10267087276550999 0.023330769230769176 0.054679284963196635
0 0.7090538461538461 0.1029758149316509 0.024423076923076922 0.05680336487907467
0 0.24063076923076923 0.10338590956887486 0.02857692307692306 0.056855941114616185
0 0.7350538461538462 0.10419558359621452 0.022369230769230714 0.058548895899053634
0 0.2126846153846154 0.10465825446898003 0.028853846153846147 0.05721345951629863
0 0.7890461538461538 0.10468980021030494 0.020684615384615374 0.05548895899053629
0 0.861323076923077 0.10488958990536278 0.021838461538461442 0.05588853838065195
0 0.7647461538461539 0.10490010515247108 0.02618461538461536 0.05505783385909567
0 0.09610769230769231 0.10495268138801261 0.0328076923076923 0.06177707676130389