0 0.846875 0.8704422032583398 0.27 0.22575640031031807
0 0.5478125 0.8545384018619084 0.323125 0.1978277734678045
0 0.2259375 0.8200155159038014 0.326875 0.19860356865787432
0 0.0321875 0.8041117145073701 0.064375 0.15748642358417378
0 0.9609375 0.2726920093095423 0.078125 0.208688906128782
0 0.8928125 0.2754072924747867 0.09375 0.21101629169899147
0 0.4003125 0.22498060512024826 0.095 0.2187742435996897
0 0.31875 0.21799844840961985 0.09625 0.2195500387897595
0 0.060625 0.1904577191621412 0.09375 0.22187742435996896
0 0.80875 0.2726920093095423 0.096875 0.20946470131885184
0 0.5703125 0.24747866563227308 0.093125 0.2187742435996897
0 0.235 0.2125678820791311 0.104375 0.21644685802948022
0 0.7296875 0.26881303335919315 0.091875 0.20791311093871218
0 0.48375 0.24359968968192397 0.091875 0.2156710628394104
0 0.15125 0.20791311093871218 0.0925 0.208688906128782
0 0.6525 0.2626066718386346 0.09375 0.20946470131885184
0 0.8653125 0.4775019394879752 0.269375 0.2505818463925524
0 0.5725 0.45655546935609 0.324375 0.23816912335143522
0 0.24625 0.4270752521334368 0.34125 0.24359968968192397
0 0.0440625 0.4045771916214119 0.088125 0.22420480993017844
0 0.9696875 0.11132660977501939 0.060625 0.1295577967416602
0 0.9096875 0.104344453064391 0.0875 0.13110938712179984
0 0.9521875 0.6815360744763382 0.086875 0.20403413498836306
0 0.43375 0.06089992242048099 0.09 0.12179984484096198
0 0.884375 0.6815360744763382 0.08875 0.20636152055857254
0 0.805 0.6834755624515128 0.095 0.2125678820791311
0 0.72625 0.6799844840961986 0.09 0.21334367726920092
0 0.4134375 0.647788983708301 0.09375 0.21334367726920092
0 0.3371875 0.6411947245927075 0.093125 0.20713731574864236
0 0.175 0.6245151280062063 0.090625 0.20791311093871218
0 0.3484375 0.05896043444530644 0.088125 0.11792086889061287
0 0.085 0.045771916214119475 0.115 0.09154383242823895
0 0.6453125 0.6764934057408845 0.095 0.2187742435996897
0 0.2534375 0.6349883630721489 0.089375 0.20713731574864236
0 0.4928125 0.660977501939488 0.0925 0.21101629169899147
0 0.0940625 0.6183087664856478 0.098125 0.20946470131885184
0 0.5678125 0.6710628394103957 0.09125 0.21489526764934058
0 0.0328125 0.6148176881303336 0.065625 0.21024049650892165
0 0.8359375 0.10240496508921644 0.090625 0.143522110162917
0 0.635625 0.08301008533747091 0.32875 0.16602017067494182
0 0.265 0.05663304887509697 0.0875 0.11326609775019394
0 0.1759375 0.0539177657098526 0.086875 0.1078355314197052