0 0.9676923076923077 0.24608150470219436 0.06076923076923077 0.18704284221525602
0 0.8092307692307692 0.25391849529780564 0.08384615384615385 0.18704284221525602
0 0.8953846153846153 0.25287356321839083 0.07692307692307693 0.18704284221525602
0 0.6269230769230769 0.25966562173458724 0.27615384615384614 0.19122257053291536
0 0.36115384615384616 0.2769070010449321 0.08 0.18495297805642633
0 0.4442307692307692 0.27481713688610243 0.08846153846153847 0.18704284221525602
0 0.11884615384615385 0.2836990595611285 0.2376923076923077 0.19331243469174503
0 0.28076923076923077 0.2826541274817137 0.0823076923076923 0.18808777429467086
0 0.8661538461538462 0.4367816091954023 0.2676923076923077 0.18808777429467086
0 0.6053846153846154 0.44618599791013586 0.07846153846153846 0.18495297805642633
0 0.6861538461538461 0.4446185997910136 0.08538461538461538 0.1891327063740857
0 0.5230769230769231 0.45297805642633227 0.07923076923076923 0.18808777429467086
0 0.3473076923076923 0.46238244514106586 0.27076923076923076 0.18704284221525602
0 0.16153846153846155 0.46865203761755486 0.08384615384615385 0.18704284221525602
0 0.07538461538461538 0.47074190177638453 0.08538461538461538 0.18495297805642633
0 0.6173076923076923 0.6280041797283177 0.27384615384615385 0.19122257053291536
0 0.8819230769230769 0.6264367816091954 0.07846153846153846 0.19017763845350052
0 0.9615384615384616 0.6248693834900731 0.07692307692307693 0.1922675026123302
0 0.805 0.6290491118077325 0.07615384615384616 0.18808777429467086
0 0.4323076923076923 0.6442006269592476 0.07769230769230769 0.18808777429467086
0 0.3526923076923077 0.6468129571577848 0.0823076923076923 0.18808777429467086
0 0.11423076923076923 0.6551724137931034 0.22538461538461538 0.19122257053291536
0 0.27076923076923076 0.6520376175548589 0.07846153846153846 0.18599791013584116
0 0.5615384615384615 0.812957157784744 0.07846153846153846 0.17972831765935215
0 0.8688461538461538 0.07784743991640543 0.2530769230769231 0.15569487983281086
0 0.6961538461538461 0.08045977011494253 0.0876923076923077 0.16091954022988506
0 0.6457692307692308 0.8119122257053292 0.07769230769230769 0.180773249738767
0 0.7284615384615385 0.8119122257053292 0.07846153846153846 0.17763845350052246
0 0.8830769230769231 0.8082549634273772 0.23384615384615384 0.1786833855799373
0 0.3811538461538462 0.8239289446185998 0.2776923076923077 0.1724137931034483
0 0.20576923076923076 0.8296760710553814 0.07769230769230769 0.1671891327063741
0 0.041923076923076924 0.8338557993730408 0.07692307692307693 0.16614420062695925
0 0.1226923076923077 0.832810867293626 0.08153846153846153 0.16509926854754442
0 0.5307692307692308 0.08359456635318704 0.07846153846153846 0.1671891327063741
0 0.6092307692307692 0.08307210031347963 0.08307692307692308 0.16614420062695925
0 0.03 0.10031347962382445 0.06 0.17972831765935215
0 0.0926923076923077 0.0987460815047022 0.08 0.180773249738767
0 0.1723076923076923 0.09717868338557993 0.08384615384615385 0.180773249738767
0 0.35115384615384615 0.09352142110762801 0.2784615384615385 0.18599791013584116