0 0.7094384615384616 0.09747417840375587 0.09770769230769229 0.0895211267605634
0 0.9015000000000001 0.10070422535211268 0.09314615384615396 0.06813145539906104
0 0.9753692307692308 0.10310798122065729 0.04926153846153843 0.08837558685446009
0 0.8051615384615385 0.1044319248826291 0.09685384615384612 0.08852582159624414
0 0.06633846153846154 0.17132394366197184 0.11116153846153845 0.08902347417840376
0 0.17509230769230769 0.17580281690140845 0.10703846153846153 0.08703286384976526
0 0.2860923076923077 0.17853521126760563 0.10821538461538457 0.08753051643192492
0 0.39390000000000003 0.18126760563380281 0.10465384615384613 0.09001877934272301
0 0.49675384615384616 0.18276056338028168 0.10338461538461545 0.09100469483568077
0 0.7041461538461539 0.18649765258215964 0.10015384615384619 0.08354929577464791
0 0.6020538461538462 0.1884788732394366 0.10374615384615393 0.08852582159624416
0 0.9743923076923077 0.18910798122065728 0.05120769230769243 0.08553051643192486
0 0.8025153846153846 0.19171830985915495 0.09644615384615393 0.08504225352112675
0 0.9008846153846155 0.19196244131455398 0.09843846153846139 0.0865352112676056
0 0.0645 0.2625821596244131 0.11238461538461536 0.09349295774647884
0 0.9135153846153846 0.026854460093896713 0.09843846153846139 0.05370892018779343
0 0.17835384615384617 0.26481690140845066 0.11111538461538463 0.09299530516431924
0 0.2893538461538462 0.26680751173708916 0.1098461538461539 0.0880281690140845
0 0.3953307692307692 0.2715305164319249 0.10098461538461537 0.0885258215962441
0 0.4981846153846154 0.2730234741784037 0.10134615384615385 0.08753051643192492
0 0.7033307692307693 0.274018779342723 0.10096923076923076 0.09150234741784039
0 0.975 0.27511737089201876 0.05 0.08450704225352113
0 0.6020538461538462 0.27725821596244127 0.10293076923076919 0.086037558685446
0 0.8023076923076923 0.27775586854460094 0.0976692307692307 0.08504225352112678
0 0.9014923076923077 0.27824413145539906 0.09884615384615385 0.086037558685446
0 0.06654615384615387 0.354093896713615 0.11157692307692309 0.0865352112676056
0 0.17589230769230768 0.35415023474178403 0.10592307692307691 0.08739906103286389
0 0.28446923076923075 0.35583098591549295 0.10741538461538461 0.0880281690140845
0 0.38901538461538465 0.35657276995305165 0.10220769230769226 0.08354929577464791
0 0.4910538461538462 0.3590610328638497 0.09849999999999996 0.0815586854460094
0 0.7951461538461538 0.36124882629107985 0.10032307692307697 0.07971830985915491
0 0.6947307692307693 0.36124882629107985 0.10283846153846159 0.08375586854460099
0 0.9707230769230769 0.3613521126760563 0.05787692307692291 0.08315492957746484
0 0.8932923076923077 0.36326760563380284 0.09573846153846156 0.08677934272300465
0 0.5937 0.36428169014084505 0.10008461538461548 0.08305164319248831
0 0.9738076923076924 0.44094835680751177 0.05237692307692319 0.07412206572769958
0 0.17428461538461537 0.44186854460093894 0.10705384615384612 0.08902347417840381
0 0.06919230769230769 0.4428638497652582 0.10627692307692307 0.0880281690140845
0 0.28365384615384615 0.4431079812206573 0.10660000000000003 0.0855399061032864
0 0.4924769230769231 0.44410328638497654 0.10053846153846158 0.0845446009389671
0 0.39085384615384616 0.4455962441314554 0.10343076923076926 0.0865352112676056
0 0.5955384615384616 0.4468356807511737 0.10050000000000008 0.0840469483568075
0 0.8986692307692308 0.4475211267605634 0.0982153846153845 0.0807230046948357
0 0.6970000000000001 0.4475211267605634 0.10325384615384617 0.08375586854460099
0 0.799076923076923 0.44777464788732396 0.10156153846153852 0.0812300469483568
0 0.9692307692307692 0.5262910798122066 0.06153846153846154 0.0835680751173709
0 0.3875923076923077 0.5286478873239436 0.09610000000000005 0.08056338028169009
0 0.4873923076923077 0.5291455399061032 0.10094615384615387 0.08354929577464791
0 0.8899923076923077 0.5297652582159624 0.09739999999999992 0.08274178403755858
0 0.28386153846153844 0.529887323943662 0.10619999999999996 0.08703286384976532
0 0.5888153846153846 0.5303849765258216 0.09764615384615388 0.0850422535211267
0 0.1763230769230769 0.5308826291079812 0.10624615384615382 0.0880281690140845
0 0.7906076923076922 0.532037558685446 0.09703076923076923 0.07921126760563371
0 0.07062307692307693 0.532131455399061 0.10425384615384613 0.0885258215962441
0 0.6901923076923077 0.532281690140845 0.10203076923076913 0.08577464788732386
0 0.39553846153846156 0.6084694835680751 0.10302307692307697 0.08205633802816911
0 0.9724461538461538 0.6101032863849765 0.055100000000000086 0.07982159624413145
0 0.4981846153846154 0.610206572769953 0.10216923076923072 0.08155868544600929
0 0.5983846153846154 0.6112018779342723 0.10049230769230777 0.0755962441314554
0 0.8968153846153846 0.612 0.09780769230769237 0.0807230046948357
0 0.7980461538461538 0.6135117370892018 0.09867692307692315 0.08173708920187789
0 0.2909923076923077 0.6141877934272301 0.10497692307692309 0.0885258215962441
0 0.6980384615384616 0.6142723004694836 0.09954615384615391 0.07820657276995302
0 0.07653076923076922 0.6169201877934272 0.10628461538461538 0.0840469483568075
0 0.18324615384615384 0.6179154929577465 0.10623846153846153 0.0850422535211267
0 0.8872615384615385 0.6917652582159625 0.09401538461538446 0.07658215962441309
0 0.9676923076923077 0.6910798122065728 0.06461538461538462 0.07511737089201878
0 0.7929230769230768 0.6927605633802817 0.09356153846153854 0.07857276995305171
0 0.3957153846153846 0.6947511737089201 0.09930769230769228 0.0845446009389671
0 0.29302307692307694 0.6957464788732395 0.1025230769230769 0.08354929577464791
0 0.49693846153846155 0.6957464788732395 0.09967692307692302 0.08653521126760572
0 0.6953692307692307 0.6959906103286385 0.0997153846153847 0.08305164319248831
0 0.5963846153846154 0.6962441314553991 0.09649230769230774 0.07857276995305171
0 0.0806 0.6999718309859155 0.10465384615384617 0.0840469483568075
0 0.1877230769230769 0.7029577464788732 0.10948461538461537 0.0840469483568075
0 0.9612769230769231 0.7690985915492958 0.07744615384615372 0.0800657276995305
0 0.8764692307692308 0.7735774647887325 0.0952384615384615 0.08205633802816911
0 0.7786692307692308 0.7773051643192489 0.09682307692307685 0.0795680751173709
0 0.3792153846153846 0.7787981220657276 0.10053846153846158 0.0845446009389671
0 0.4814538461538461 0.7787981220657276 0.10049230769230777 0.08354929577464791
0 0.0572923076923077 0.07832863849765258 0.1145846153846154 0.09697652582159624
0 0.2775846153846154 0.7795399061032864 0.10098461538461537 0.0850422535211267
0 0.6821307692307692 0.7807887323943662 0.09930769230769224 0.0795680751173709
0 0.5825384615384614 0.781530516431925 0.10057692307692308 0.0840469483568075
0 0.0689846153846154 0.7850140845070422 0.1075 0.08205633802816911
0 0.17428461538461537 0.7852676056338027 0.1005307692307692 0.0795680751173709
0 0.17081538461538462 0.08454460093896714 0.10907692307692311 0.09150234741784039
0 0.6051076923076923 0.08553990610328638 0.10903846153846154 0.09349295774647887
0 0.2822230769230769 0.08578403755868544 0.1127 0.09598122065727699
0 0.9753307692307693 0.8633427230046948 0.04933076923076932 0.10344600938967143
0 0.9151692307692307 0.8673239436619719 0.065076923076923 0.09647887323943662
0 0.8481615384615384 0.8675680751173709 0.06714615384615381 0.09598122065727702
0 0.7784692307692308 0.8678215962441315 0.06872307692307694 0.09349295774647881
0 0.7081999999999999 0.8678215962441315 0.06671538461538463 0.09448826291079822
0 0.4892 0.8688169014084507 0.07279230769230778 0.09150234741784041
0 0.26226923076923075 0.8693051643192488 0.07361538461538465 0.09150234741784041
0 0.6367153846153847 0.8695586854460094 0.07366923076923075 0.09299530516431921
0 0.5640076923076923 0.8705539906103287 0.07247692307692309 0.0890234741784037
0 0.18569230769230768 0.8707981220657277 0.07527692307692306 0.0885258215962441
0 0.3384846153846154 0.8717934272300469 0.07448461538461541 0.08753051643192492
0 0.03477692307692308 0.8730422535211267 0.06922307692307691 0.0840469483568075
0 0.10911538461538461 0.8732863849765258 0.07449230769230768 0.0855399061032863
0 0.4150615384615385 0.8732863849765258 0.07119230769230765 0.0845446009389671
0 0.3914615384615384 0.09175586854460094 0.10139230769230766 0.09100469483568077
0 0.49593846153846155 0.09175586854460094 0.10338461538461545 0.09100469483568077