0 0.18262910798122065 0.7876923076923077 0.27323943661971833 0.17307692307692307
0 0.7652582159624414 0.7996153846153846 0.292018779342723 0.20076923076923076
0 0.46619718309859154 0.8157692307692308 0.3089201877934272 0.19230769230769232
0 0.18732394366197183 0.93 0.2704225352112676 0.1346153846153846
0 0.7643192488262911 0.9376923076923077 0.28169014084507044 0.12461538461538461
0 0.468075117370892 0.941923076923077 0.3089201877934272 0.11615384615384615
0 0.4751173708920188 0.10384615384615385 0.30140845070422534 0.18769230769230769
0 0.19154929577464788 0.12346153846153846 0.2704225352112676 0.1823076923076923
0 0.7699530516431925 0.23 0.3089201877934272 0.19846153846153847
0 0.4708920187793427 0.27384615384615385 0.3023474178403756 0.19230769230769232
0 0.18779342723004694 0.28807692307692306 0.26384976525821596 0.17153846153846153
0 0.7690140845070422 0.4176923076923077 0.30140845070422534 0.19615384615384615
0 0.46572769953051646 0.45 0.3107981220657277 0.1823076923076923
0 0.17981220657276994 0.45615384615384613 0.27417840375586855 0.16692307692307692
0 0.7680751173708921 0.6130769230769231 0.3032863849765258 0.20615384615384616
0 0.17652582159624414 0.6203846153846154 0.27230046948356806 0.16923076923076924
0 0.4629107981220657 0.6346153846153846 0.3117370892018779 0.18846153846153846
0 0.776056338028169 0.07153846153846154 0.30140845070422534 0.13923076923076924