0 0.30153846153846153 0.07949640287769784 0.047692307692307694 0.07841726618705036
0 0.9030769230769231 0.060431654676258995 0.04692307692307692 0.07841726618705036
0 0.008461538461538461 0.08956834532374101 0.016923076923076923 0.08129496402877698
0 0.39384615384615385 0.07733812949640288 0.04923076923076923 0.07913669064748201
0 0.4373076923076923 0.07661870503597122 0.045384615384615384 0.07841726618705036
0 0.8092307692307692 0.06438848920863309 0.05307692307692308 0.08057553956834532
0 0.12692307692307692 0.08741007194244604 0.04461538461538461 0.07841726618705036
0 0.34884615384615386 0.08057553956834532 0.046153846153846156 0.0776978417266187
0 0.17076923076923076 0.08705035971223021 0.05076923076923077 0.07625899280575539
0 0.25769230769230766 0.0841726618705036 0.046153846153846156 0.07553956834532374
0 0.215 0.0856115107913669 0.04461538461538461 0.07553956834532374
0 0.9488461538461539 0.0618705035971223 0.05 0.08057553956834532
0 0.2542307692307692 0.7769784172661871 0.046153846153846156 0.06690647482014389
0 0.03076923076923077 0.7852517985611511 0.04230769230769231 0.06762589928057554
0 0.20653846153846153 0.7802158273381294 0.04230769230769231 0.0683453237410072
0 0.6388461538461538 0.766546762589928 0.046153846153846156 0.060431654676258995
0 0.6807692307692308 0.7658273381294964 0.04230769230769231 0.06258992805755395
0 0.07807692307692307 0.787410071942446 0.04692307692307692 0.0683453237410072
0 0.12307692307692308 0.7863309352517985 0.04461538461538461 0.0683453237410072
0 0.16538461538461538 0.7866906474820143 0.04461538461538461 0.06474820143884892
0 0.04153846153846154 0.09280575539568345 0.05153846153846154 0.08129496402877698
0 0.4846153846153846 0.07877697841726619 0.04846153846153846 0.0776978417266187
0 0.7215384615384616 0.7841726618705036 0.04846153846153846 0.07050359712230216
0 0.08538461538461538 0.09352517985611511 0.043076923076923075 0.0776978417266187
0 0.7661538461538462 0.07266187050359713 0.040769230769230766 0.06546762589928058
0 0.5407692307692308 0.08093525179856115 0.06153846153846154 0.07841726618705036
0 0.6796153846153846 0.07985611510791367 0.046153846153846156 0.07050359712230216
0 0.5946153846153847 0.08381294964028776 0.05076923076923077 0.08489208633093526
0 0.6376923076923077 0.08273381294964029 0.046153846153846156 0.07410071942446043
0 0.8507692307692307 0.0057553956834532375 0.04461538461538461 0.011510791366906475
0 0.8565384615384616 0.129136690647482 0.04846153846153846 0.06762589928057554
0 0.7738461538461539 0.13381294964028778 0.04692307692307692 0.06546762589928058
0 0.4165384615384615 0.1460431654676259 0.05076923076923077 0.08705035971223021
0 0.8146153846153846 0.13345323741007195 0.04 0.05251798561151079
0 0.9073076923076923 0.13597122302158274 0.046153846153846156 0.06762589928057554
0 0.24423076923076922 0.15899280575539568 0.04846153846153846 0.07697841726618705
0 0.33076923076923076 0.1564748201438849 0.046153846153846156 0.08992805755395683
0 0.7265384615384616 0.14388489208633093 0.05 0.07266187050359713
0 0.1973076923076923 0.16151079136690646 0.05 0.08057553956834532
0 0.953076923076923 0.13741007194244603 0.04846153846153846 0.0776978417266187
0 0.2865384615384615 0.1593525179856115 0.04153846153846154 0.08057553956834532
0 0.15615384615384614 0.16402877697841728 0.04846153846153846 0.07913669064748201
0 0.37384615384615383 0.15719424460431655 0.04153846153846154 0.07913669064748201
0 0.021153846153846155 0.1683453237410072 0.04230769230769231 0.07194244604316546
0 0.5073076923076923 0.1528776978417266 0.04461538461538461 0.08201438848920864
0 0.11115384615384616 0.1683453237410072 0.04 0.07841726618705036
0 0.06615384615384616 0.17050359712230215 0.04846153846153846 0.0776978417266187
0 0.4626923076923077 0.1579136690647482 0.04923076923076923 0.07625899280575539
0 0.8046153846153846 0.011510791366906475 0.047692307692307694 0.02302158273381295
0 0.6853846153846154 0.1528776978417266 0.04923076923076923 0.07625899280575539
0 0.5507692307692308 0.15827338129496402 0.04384615384615385 0.07985611510791367
0 0.6419230769230769 0.1579136690647482 0.046153846153846156 0.08705035971223021
0 0.8980769230769231 0.010431654676258994 0.04384615384615385 0.020863309352517987
0 0.5946153846153847 0.1647482014388489 0.045384615384615384 0.07482014388489208
0 0.3253846153846154 0.023381294964028777 0.036153846153846154 0.03669064748201439
0 0.4103846153846154 0.02050359712230216 0.04384615384615385 0.03669064748201439
0 0.9438461538461539 0.01079136690647482 0.04923076923076923 0.02158273381294964
0 0.4553846153846154 0.019784172661870502 0.04153846153846154 0.038129496402877695
0 0.019615384615384614 0.0341726618705036 0.03923076923076923 0.039568345323741004
0 0.2353846153846154 0.027338129496402876 0.043076923076923075 0.039568345323741004
0 0.27884615384615385 0.025899280575539568 0.04230769230769231 0.039568345323741004
0 0.14961538461538462 0.030575539568345324 0.04384615384615385 0.04028776978417266
0 0.36538461538461536 0.023381294964028777 0.043076923076923075 0.04028776978417266
0 0.7146153846153847 0.015827338129496403 0.046153846153846156 0.031654676258992806
0 0.49615384615384617 0.019784172661870502 0.04461538461538461 0.039568345323741004
0 0.1946153846153846 0.02985611510791367 0.04 0.04028776978417266
0 0.10461538461538461 0.033093525179856115 0.04153846153846154 0.04244604316546763
0 0.06153846153846154 0.03561151079136691 0.04461538461538461 0.04388489208633094
0 0.7588461538461538 0.017985611510791366 0.045384615384615384 0.03597122302158273
0 0.8646153846153846 0.20827338129496403 0.05153846153846154 0.08345323741007195
0 0.18692307692307691 0.23201438848920863 0.036153846153846154 0.05539568345323741
0 0.9130769230769231 0.21007194244604316 0.04846153846153846 0.08273381294964029
0 0.8184615384615385 0.2143884892086331 0.04461538461538461 0.08057553956834532
0 0.024615384615384615 0.24280575539568344 0.043076923076923075 0.07985611510791367
0 0.7757692307692308 0.21942446043165467 0.047692307692307694 0.08345323741007195
0 0.7307692307692307 0.22194244604316546 0.05 0.08201438848920864
0 0.235 0.23848920863309353 0.047692307692307694 0.08057553956834532
0 0.5057692307692307 0.22949640287769785 0.040769230769230766 0.07913669064748201
0 0.5396153846153846 0.022661870503597123 0.04384615384615385 0.045323741007194246
0 0.10961538461538461 0.24388489208633093 0.04461538461538461 0.08776978417266187
0 0.2823076923076923 0.2381294964028777 0.046153846153846156 0.08201438848920864
0 0.1523076923076923 0.24280575539568344 0.04692307692307692 0.08057553956834532
0 0.41923076923076924 0.23489208633093525 0.04461538461538461 0.08345323741007195
0 0.46384615384615385 0.23381294964028776 0.04692307692307692 0.07697841726618705
0 0.32653846153846156 0.2392086330935252 0.043076923076923075 0.07410071942446043
0 0.3723076923076923 0.23776978417266187 0.04692307692307692 0.07697841726618705
0 0.9534615384615385 0.218705035971223 0.05076923076923077 0.08129496402877698
0 0.06653846153846153 0.2489208633093525 0.046153846153846156 0.08129496402877698
0 0.5461538461538461 0.23525179856115108 0.04461538461538461 0.07338129496402877
0 0.5846153846153846 0.022661870503597123 0.04461538461538461 0.045323741007194246
0 0.6773076923076923 0.23525179856115108 0.04846153846153846 0.08489208633093526
0 0.5915384615384616 0.23992805755395682 0.05 0.08489208633093526
0 0.6346153846153846 0.2392086330935252 0.04384615384615385 0.07697841726618705
0 0.6276923076923077 0.023381294964028777 0.046153846153846156 0.046762589928057555
0 0.6707692307692308 0.02302158273381295 0.04461538461538461 0.0460431654676259
0 0.1523076923076923 0.312589928057554 0.04384615384615385 0.05611510791366906
0 0.8576923076923076 0.28992805755395684 0.05 0.07697841726618705
0 0.8134615384615385 0.29280575539568343 0.03923076923076923 0.0683453237410072
0 0.28384615384615386 0.31115107913669066 0.046153846153846156 0.06402877697841726
0 0.19653846153846155 0.3143884892086331 0.04461538461538461 0.07194244604316546
0 0.9026923076923077 0.29136690647482016 0.04692307692307692 0.07841726618705036
0 0.24 0.31366906474820144 0.04461538461538461 0.07194244604316546
0 0.020384615384615383 0.3212230215827338 0.040769230769230766 0.07266187050359713
0 0.3273076923076923 0.312589928057554 0.04153846153846154 0.07050359712230216
0 0.5115384615384615 0.30683453237410074 0.043076923076923075 0.08201438848920864
0 0.7292307692307692 0.3017985611510791 0.04692307692307692 0.0776978417266187
0 0.36923076923076925 0.31402877697841725 0.04461538461538461 0.08057553956834532
0 0.105 0.32410071942446045 0.046153846153846156 0.07266187050359713
0 0.9473076923076923 0.29640287769784174 0.05153846153846154 0.07410071942446043
0 0.46115384615384614 0.312589928057554 0.04846153846153846 0.08273381294964029
0 0.7738461538461539 0.3039568345323741 0.043076923076923075 0.07913669064748201
0 0.06076923076923077 0.3276978417266187 0.04384615384615385 0.07122302158273382
0 0.41615384615384615 0.31618705035971223 0.046153846153846156 0.08201438848920864
0 0.5546153846153846 0.3122302158273381 0.04692307692307692 0.08345323741007195
0 0.98 0.3014388489208633 0.02846153846153846 0.07697841726618705
0 0.6873076923076923 0.31510791366906477 0.040769230769230766 0.06762589928057554
0 0.6438461538461538 0.3169064748201439 0.045384615384615384 0.07697841726618705
0 0.5996153846153847 0.32050359712230214 0.040769230769230766 0.07194244604316546
0 0.8611538461538462 0.36906474820143886 0.05076923076923077 0.07913669064748201
0 0.05615384615384615 0.3960431654676259 0.05076923076923077 0.09136690647482014
0 0.018461538461538463 0.39748201438848924 0.036923076923076927 0.07697841726618705
0 0.9038461538461539 0.37014388489208633 0.03769230769230769 0.07482014388489208
0 0.23346153846153847 0.3920863309352518 0.04230769230769231 0.07697841726618705
0 0.8192307692307692 0.3751798561151079 0.04692307692307692 0.08273381294964029
0 0.1896153846153846 0.3960431654676259 0.04846153846153846 0.07482014388489208
0 0.10307692307692308 0.39928057553956836 0.04461538461538461 0.0776978417266187
0 0.27692307692307694 0.3935251798561151 0.04461538461538461 0.0776978417266187
0 0.5003846153846154 0.38669064748201437 0.04692307692307692 0.08129496402877698
0 0.7326923076923076 0.37949640287769787 0.045384615384615384 0.07841726618705036
0 0.1453846153846154 0.3985611510791367 0.043076923076923075 0.07841726618705036
0 0.3638461538461538 0.3924460431654676 0.04692307692307692 0.07985611510791367
0 0.9453846153846154 0.3737410071942446 0.05153846153846154 0.08201438848920864
0 0.7742307692307693 0.37949640287769787 0.04230769230769231 0.07553956834532374
0 0.31884615384615383 0.3949640287769784 0.046153846153846156 0.0776978417266187
0 0.546923076923077 0.38884892086330936 0.047692307692307694 0.07266187050359713
0 0.41192307692307695 0.3960431654676259 0.047692307692307694 0.07553956834532374
0 0.45692307692307693 0.3967625899280576 0.04230769230769231 0.07338129496402877
0 0.5938461538461538 0.3935251798561151 0.04692307692307692 0.07625899280575539
0 0.6884615384615385 0.39100719424460434 0.054615384615384614 0.0776978417266187
0 0.6446153846153846 0.39568345323741005 0.05153846153846154 0.07985611510791367
0 0.8761538461538462 0.44712230215827337 0.047692307692307694 0.07841726618705036
0 0.20807692307692308 0.4694244604316547 0.05 0.07913669064748201
0 0.2530769230769231 0.46870503597122304 0.045384615384615384 0.08345323741007195
0 0.03807692307692308 0.4766187050359712 0.04153846153846154 0.07841726618705036
0 0.9192307692307692 0.4507194244604317 0.04846153846153846 0.07913669064748201
0 0.07846153846153846 0.47949640287769785 0.043076923076923075 0.07553956834532374
0 0.3453846153846154 0.47086330935251797 0.04846153846153846 0.0776978417266187
0 0.7507692307692307 0.45755395683453237 0.045384615384615384 0.07697841726618705
0 0.165 0.4780575539568345 0.046153846153846156 0.07697841726618705
0 0.9592307692307692 0.45215827338129494 0.046153846153846156 0.08201438848920864
0 0.5257692307692308 0.46690647482014386 0.04461538461538461 0.07841726618705036
0 0.435 0.4701438848920863 0.04923076923076923 0.07410071942446043
0 0.48 0.46870503597122304 0.05076923076923077 0.07985611510791367
0 0.7926923076923077 0.4589928057553957 0.04692307692307692 0.07697841726618705
0 0.29923076923076924 0.4762589928057554 0.04846153846153846 0.0776978417266187
0 0.8357692307692308 0.4593525179856115 0.04153846153846154 0.07553956834532374
0 0.39 0.4748201438848921 0.04692307692307692 0.07625899280575539
0 0.5684615384615385 0.4701438848920863 0.04692307692307692 0.07913669064748201
0 0.12115384615384615 0.48597122302158274 0.045384615384615384 0.07625899280575539
0 0.7026923076923077 0.4676258992805755 0.05615384615384615 0.07841726618705036
0 0.6123076923076923 0.4719424460431655 0.05 0.08129496402877698
0 0.6573076923076923 0.47302158273381295 0.04692307692307692 0.07482014388489208
0 0.8753846153846154 0.5248201438848921 0.04846153846153846 0.07697841726618705
0 0.21192307692307694 0.5464028776978417 0.04384615384615385 0.07050359712230216
0 0.2580769230769231 0.5474820143884892 0.04692307692307692 0.07482014388489208
0 0.03884615384615384 0.5550359712230216 0.04923076923076923 0.08273381294964029
0 0.16615384615384615 0.5525179856115108 0.04461538461538461 0.08129496402877698
0 0.08115384615384616 0.5557553956834532 0.045384615384615384 0.07913669064748201
0 0.821923076923077 0.5316546762589928 0.043076923076923075 0.07266187050359713
0 0.9207692307692308 0.5294964028776978 0.045384615384615384 0.07410071942446043
0 0.7315384615384616 0.5377697841726619 0.05076923076923077 0.08129496402877698
0 0.5292307692307693 0.5453237410071943 0.046153846153846156 0.08057553956834532
0 0.48 0.5471223021582734 0.046153846153846156 0.08129496402877698
0 0.30230769230769233 0.5532374100719425 0.04230769230769231 0.07266187050359713
0 0.345 0.552158273381295 0.046153846153846156 0.07482014388489208
0 0.43423076923076925 0.5503597122302158 0.04384615384615385 0.08273381294964029
0 0.39 0.552158273381295 0.04923076923076923 0.07482014388489208
0 0.963076923076923 0.5338129496402878 0.04692307692307692 0.07841726618705036
0 0.125 0.5622302158273381 0.04153846153846154 0.07553956834532374
0 0.5742307692307692 0.547841726618705 0.04846153846153846 0.08201438848920864
0 0.6746153846153846 0.5449640287769785 0.04923076923076923 0.07050359712230216
0 0.6276923076923077 0.5467625899280576 0.05 0.08129496402877698
0 0.7823076923076923 0.5431654676258992 0.04230769230769231 0.07122302158273382
0 0.2153846153846154 0.6187050359712231 0.047692307692307694 0.07553956834532374
0 0.2623076923076923 0.6226618705035971 0.052307692307692305 0.07841726618705036
0 0.705 0.612589928057554 0.05153846153846154 0.07266187050359713
0 0.30615384615384617 0.6258992805755396 0.04384615384615385 0.07697841726618705
0 0.04730769230769231 0.6345323741007194 0.045384615384615384 0.07697841726618705
0 0.8823076923076923 0.6075539568345324 0.052307692307692305 0.07985611510791367
0 0.9261538461538461 0.6061151079136691 0.043076923076923075 0.07553956834532374
0 0.17384615384615384 0.6309352517985611 0.04384615384615385 0.07625899280575539
0 0.3496153846153846 0.6269784172661871 0.045384615384615384 0.07553956834532374
0 0.5273076923076923 0.6230215827338129 0.047692307692307694 0.07985611510791367
0 0.8323076923076923 0.6133093525179856 0.046153846153846156 0.07913669064748201
0 0.09 0.6384892086330936 0.04153846153846154 0.06906474820143885
0 0.39192307692307693 0.6287769784172662 0.043076923076923075 0.07050359712230216
0 0.4826923076923077 0.6266187050359712 0.046153846153846156 0.07625899280575539
0 0.13038461538461538 0.6384892086330936 0.046153846153846156 0.07841726618705036
0 0.43615384615384617 0.6287769784172662 0.04692307692307692 0.06978417266187051
0 0.7415384615384616 0.620863309352518 0.046153846153846156 0.07985611510791367
0 0.9688461538461538 0.6140287769784173 0.05 0.07697841726618705
0 0.6153846153846154 0.6262589928057554 0.04923076923076923 0.07697841726618705
0 0.7892307692307692 0.620863309352518 0.04692307692307692 0.07913669064748201
0 0.6603846153846153 0.6269784172661871 0.047692307692307694 0.07913669064748201
0 0.5723076923076923 0.6305755395683453 0.04153846153846154 0.0683453237410072
0 0.8592307692307692 0.05251798561151079 0.04923076923076923 0.0776978417266187
0 0.3553846153846154 0.6884892086330935 0.04692307692307692 0.05107913669064748
0 0.40307692307692305 0.6928057553956835 0.043076923076923075 0.058992805755395686
0 0.8765384615384615 0.6794964028776979 0.045384615384615384 0.05827338129496403
0 0.2230769230769231 0.7010791366906475 0.05153846153846154 0.08129496402877698
0 0.2692307692307692 0.7 0.04461538461538461 0.07697841726618705
0 0.9192307692307692 0.6816546762589928 0.05153846153846154 0.0776978417266187
0 0.3126923076923077 0.7025179856115108 0.04692307692307692 0.07913669064748201
0 0.4461538461538462 0.7003597122302159 0.038461538461538464 0.07266187050359713
0 0.048846153846153845 0.7136690647482015 0.04384615384615385 0.07697841726618705
0 0.8334615384615385 0.6881294964028777 0.05076923076923077 0.07194244604316546
0 0.09192307692307693 0.7129496402877697 0.046153846153846156 0.0776978417266187
0 0.17923076923076922 0.710431654676259 0.03923076923076923 0.07697841726618705
0 0.4876923076923077 0.7007194244604317 0.043076923076923075 0.07482014388489208
0 0.5303846153846153 0.7003597122302159 0.043076923076923075 0.07266187050359713
0 0.6996153846153846 0.6953237410071943 0.05153846153846154 0.07697841726618705
0 0.9715384615384616 0.6881294964028777 0.045384615384615384 0.06762589928057554
0 0.13692307692307693 0.7154676258992806 0.045384615384615384 0.07338129496402877
0 0.5707692307692308 0.702158273381295 0.03923076923076923 0.06762589928057554
0 0.6134615384615385 0.7014388489208633 0.045384615384615384 0.07338129496402877
0 0.655 0.7003597122302159 0.04230769230769231 0.07338129496402877
0 0.7453846153846154 0.697841726618705 0.052307692307692305 0.07625899280575539
0 0.7903846153846154 0.6971223021582734 0.046153846153846156 0.07482014388489208
0 0.7226923076923077 0.06402877697841726 0.04846153846153846 0.07913669064748201