0 0.7123076923076923 0.13375130616509928 0.18692307692307691 0.1013584117032393
0 0.20038461538461538 0.09979101358411703 0.08692307692307692 0.08463949843260188
0 0.09576923076923077 0.09717868338557993 0.09230769230769231 0.09090909090909091
0 0.33692307692307694 0.11389759665621735 0.18692307692307691 0.09717868338557993
0 0.8546153846153847 0.15203761755485892 0.08538461538461538 0.07836990595611286
0 0.5757692307692308 0.13270637408568442 0.08923076923076922 0.08045977011494253
0 0.9357692307692308 0.16039707419017765 0.08538461538461538 0.07836990595611286
0 0.48 0.13584117032392895 0.08538461538461538 0.08150470219435736
0 0.08076923076923077 0.1729362591431557 0.13846153846153847 0.0961337513061651
0 0.24807692307692308 0.18495297805642633 0.18769230769230769 0.10031347962382445
0 0.9457692307692308 0.23510971786833856 0.10846153846153846 0.08359456635318704
0 0.6230769230769231 0.21212121212121213 0.1823076923076923 0.09404388714733543
0 0.8026923076923077 0.22727272727272727 0.18153846153846154 0.0961337513061651
0 0.4373076923076923 0.20950888192267503 0.1853846153846154 0.09195402298850575
0 0.20576923076923076 0.2612330198537095 0.09 0.08881922675026123
0 0.7515384615384615 0.30094043887147337 0.08846153846153847 0.08150470219435736
0 0.6634615384615384 0.29519331243469177 0.09 0.08463949843260188
0 0.9396153846153846 0.3166144200626959 0.08923076923076922 0.08568443051201671
0 0.835 0.3103448275862069 0.08692307692307692 0.07628004179728318
0 0.04153846153846154 0.25444096133751304 0.06769230769230769 0.08463949843260188
0 0.5734615384615385 0.2936259143155695 0.08384615384615385 0.08254963427377221
0 0.3476923076923077 0.2784743991640543 0.18 0.0877742946708464
0 0.1176923076923077 0.26384535005224663 0.0876923076923077 0.07836990595611286
0 0.48538461538461536 0.29519331243469177 0.09 0.07523510971786834
0 0.8184615384615385 0.38035527690700105 0.17153846153846153 0.08359456635318704
0 0.9526923076923077 0.39237199582027166 0.09461538461538462 0.08881922675026123
0 0.24923076923076923 0.03134796238244514 0.19230769230769232 0.06269592476489028
0 0.6269230769230769 0.37513061650992685 0.18153846153846154 0.09090909090909091
0 0.26076923076923075 0.3500522466039707 0.18307692307692308 0.09299895506792058
0 0.0876923076923077 0.3385579937304075 0.16692307692307692 0.09195402298850575
0 0.4411538461538462 0.36990595611285265 0.18153846153846154 0.09299895506792058
0 0.6423076923076924 0.050156739811912224 0.18307692307692308 0.09404388714733543
0 0.4469230769230769 0.04336468129571578 0.19538461538461538 0.08672936259143156
0 0.07692307692307693 0.027690700104493208 0.12 0.055381400208986416
0 0.9484615384615385 0.46917450365726227 0.08615384615384615 0.08463949843260188
0 0.7165384615384616 0.45297805642633227 0.17461538461538462 0.08568443051201671
0 0.955 0.07628004179728318 0.09 0.08359456635318704
0 0.8623076923076923 0.4644723092998955 0.09076923076923077 0.08254963427377221
0 0.5873076923076923 0.4482758620689655 0.08615384615384615 0.08254963427377221
0 0.22230769230769232 0.42371995820271685 0.09 0.08150470219435736
0 0.045 0.4111807732497388 0.08615384615384615 0.07836990595611286
0 0.3638461538461538 0.43521421107628006 0.17923076923076922 0.08881922675026123
0 0.13615384615384615 0.4231974921630094 0.08615384615384615 0.07836990595611286
0 0.8246153846153846 0.06792058516196448 0.18153846153846154 0.10031347962382445
0 0.4973076923076923 0.44932079414838033 0.09076923076923077 0.0794148380355277
0 0.9515384615384616 0.5412748171368861 0.09692307692307692 0.08359456635318704
0 0.806923076923077 0.5381400208986415 0.18 0.0877742946708464
0 0.6303846153846154 0.5271682340647857 0.17846153846153845 0.09822361546499478
0 0.26269230769230767 0.5015673981191222 0.17615384615384616 0.0877742946708464
0 0.0876923076923077 0.49268547544409613 0.17 0.09299895506792058
0 0.44884615384615384 0.5203761755485894 0.18384615384615385 0.08986415882967608
0 0.04269230769230769 0.5512016718913271 0.08538461538461538 0.08463949843260188
0 0.8323076923076923 0.609717868338558 0.08307692307692308 0.07001044932079414
0 0.705 0.6039707419017764 0.1753846153846154 0.08254963427377221
0 0.13884615384615384 0.567398119122257 0.08461538461538462 0.07105538140020899
0 0.9261538461538461 0.6238244514106583 0.09 0.08568443051201671
0 0.31115384615384617 0.5804597701149425 0.08615384615384615 0.07314524555903866
0 0.40115384615384614 0.5877742946708464 0.0823076923076923 0.06896551724137931
0 0.2273076923076923 0.5768025078369906 0.08692307692307692 0.07523510971786834
0 0.48538461538461536 0.5956112852664577 0.0876923076923077 0.0741901776384535
0 0.5742307692307692 0.6024033437826541 0.08692307692307692 0.07836990595611286
0 0.935 0.680773249738767 0.11923076923076924 0.07210031347962383
0 0.7926923076923077 0.677115987460815 0.16692307692307692 0.08359456635318704
0 0.28615384615384615 0.6410658307210031 0.16615384615384615 0.06583072100313479
0 0.1026923076923077 0.6295715778474399 0.17307692307692307 0.08359456635318704
0 0.4530769230769231 0.6593521421107628 0.16923076923076924 0.08045977011494253
0 0.6234615384615385 0.6745036572622779 0.1723076923076923 0.08359456635318704
0 0.32576923076923076 0.7068965517241379 0.08538461538461538 0.06687565308254964
0 0.4103846153846154 0.7136886102403344 0.07769230769230769 0.07001044932079414
0 0.24192307692307694 0.703239289446186 0.08 0.07001044932079414
0 0.9176923076923077 0.7565308254963428 0.08615384615384615 0.07836990595611286
0 0.05 0.6938349007314525 0.1 0.0794148380355277
0 0.49 0.7262277951933125 0.08 0.07210031347962383
0 0.8342307692307692 0.7528735632183908 0.08538461538461538 0.07732497387669801
0 0.14615384615384616 0.7042842215256009 0.07769230769230769 0.07210031347962383
0 0.7 0.7466039707419018 0.17461538461538462 0.08568443051201671
0 0.5703846153846154 0.7450365726227796 0.08846153846153847 0.08150470219435736
0 0.28692307692307695 0.7675026123301986 0.15538461538461537 0.0741901776384535
0 0.11076923076923077 0.7617554858934169 0.1646153846153846 0.06687565308254964
0 0.9315384615384615 0.8202716823406478 0.11615384615384615 0.0741901776384535
0 0.445 0.7857889237199582 0.16307692307692306 0.08881922675026123
0 0.786923076923077 0.8207941483803552 0.1753846153846154 0.07732497387669801
0 0.6138461538461538 0.812957157784744 0.17307692307692307 0.07836990595611286
0 0.24076923076923076 0.8286311389759665 0.07692307692307693 0.06478578892371996
0 0.3573076923076923 0.8422152560083594 0.16538461538461538 0.08568443051201671
0 0.9626923076923077 0.8871473354231975 0.04846153846153846 0.06165099268547544
0 0.8984615384615384 0.8834900731452455 0.07384615384615385 0.06687565308254964
0 0.055 0.8239289446185998 0.11 0.08045977011494253
0 0.4819230769230769 0.8605015673981191 0.08384615384615385 0.08045977011494253
0 0.14461538461538462 0.8375130616509927 0.08 0.07523510971786834
0 0.5657692307692308 0.8693834900731452 0.08153846153846153 0.06896551724137931
0 0.6892307692307692 0.880355276907001 0.16615384615384615 0.0741901776384535
0 0.8196153846153846 0.8934169278996865 0.07923076923076923 0.07105538140020899