0 0.14241803278688525 0.8092307692307692 0.2848360655737705 0.1523076923076923
0 0.4462090163934426 0.838076923076923 0.33709016393442626 0.14615384615384616
0 0.7602459016393442 0.8619230769230769 0.25614754098360654 0.15615384615384614
0 0.0389344262295082 0.9207692307692308 0.0778688524590164 0.12307692307692308
0 0.1403688524590164 0.9311538461538461 0.13319672131147542 0.11461538461538462
0 0.27100409836065575 0.9384615384615385 0.12704918032786885 0.11
0 0.413422131147541 0.95 0.1403688524590164 0.09923076923076923
0 0.5502049180327869 0.953076923076923 0.125 0.09384615384615384
0 0.7023565573770492 0.9607692307692308 0.14856557377049182 0.07846153846153846
0 0.826844262295082 0.9680769230769231 0.10245901639344263 0.06384615384615384
0 0.7054303278688525 0.18076923076923077 0.18545081967213115 0.11461538461538462
0 0.8668032786885246 0.18769230769230769 0.13319672131147542 0.1123076923076923
0 0.5251024590163934 0.18307692307692308 0.18545081967213115 0.11461538461538462
0 0.3468237704918033 0.1773076923076923 0.18032786885245902 0.11461538461538462
0 0.17315573770491804 0.17076923076923076 0.17520491803278687 0.11153846153846154
0 0.0548155737704918 0.1726923076923077 0.07274590163934426 0.10384615384615385
0 0.7792008196721312 0.3096153846153846 0.29508196721311475 0.14615384615384616
0 0.45901639344262296 0.3030769230769231 0.3422131147540984 0.1476923076923077
0 0.15112704918032788 0.29923076923076924 0.2827868852459016 0.1276923076923077
0 0.7694672131147541 0.4473076923076923 0.15368852459016394 0.14
0 0.21721311475409835 0.4276923076923077 0.13012295081967212 0.13307692307692306
0 0.09118852459016394 0.4226923076923077 0.1290983606557377 0.12538461538461537
0 0.6209016393442623 0.44461538461538463 0.15163934426229508 0.14076923076923076
0 0.47950819672131145 0.4403846153846154 0.1444672131147541 0.13692307692307693
0 0.3457991803278688 0.43615384615384617 0.13831967213114754 0.13615384615384615
0 0.15625 0.5557692307692308 0.3125 0.14846153846153845
0 0.7792008196721312 0.5869230769230769 0.2540983606557377 0.14846153846153845
0 0.47950819672131145 0.5757692307692308 0.3483606557377049 0.1476923076923077
0 0.08913934426229508 0.6826923076923077 0.1413934426229508 0.13384615384615384
0 0.22387295081967212 0.6907692307692308 0.1413934426229508 0.13153846153846155
0 0.34938524590163933 0.7023076923076923 0.13217213114754098 0.13
0 0.47797131147540983 0.708076923076923 0.1260245901639344 0.13307692307692306
0 0.6290983606557377 0.7153846153846154 0.14959016393442623 0.14
0 0.8119877049180327 0.725 0.17008196721311475 0.1423076923076923