0 0.6021875 0.8715397923875432 0.29625 0.1254325259515571
0 0.1075 0.9623702422145328 0.1325 0.07525951557093426
0 0.3134375 0.9299307958477508 0.28375 0.11678200692041522
0 0.8734375 0.8200692041522492 0.253125 0.11418685121107267
0 0.658125 0.07482698961937716 0.28375 0.14965397923875431
0 0.8775 0.04757785467128028 0.16625 0.09515570934256055
0 0.3815625 0.1319204152249135 0.28125 0.1704152249134948
0 0.1153125 0.1903114186851211 0.230625 0.16089965397923875
0 0.8328125 0.14662629757785467 0.2775 0.15397923875432526
0 0.5346875 0.20761245674740483 0.28625 0.16868512110726644
0 0.0509375 0.3096885813148789 0.101875 0.12283737024221453
0 0.254375 0.27335640138408307 0.274375 0.15484429065743946
0 0.5125 0.03460207612456748 0.27125 0.06920415224913495
0 0.0565625 0.11288927335640138 0.113125 0.08217993079584775
0 0.244375 0.0726643598615917 0.26875 0.10640138408304499
0 0.6803125 0.2936851211072664 0.290625 0.16176470588235295
0 0.9109375 0.2491349480968858 0.145 0.13581314878892733
0 0.1121875 0.40657439446366783 0.224375 0.15397923875432526
0 0.4009375 0.35337370242214533 0.284375 0.15916955017301038
0 0.8296875 0.37932525951557095 0.288125 0.16089965397923875
0 0.5328125 0.43944636678200694 0.286875 0.16349480968858132
0 0.05125 0.5337370242214533 0.1025 0.12802768166089964
0 0.2440625 0.4995674740484429 0.284375 0.16176470588235295
0 0.9175 0.47621107266435986 0.165 0.13927335640138408
0 0.6871875 0.5255190311418685 0.296875 0.17301038062283736
0 0.39125 0.583044982698962 0.29375 0.16782006920415224
0 0.128125 0.639273356401384 0.243125 0.1513840830449827
0 0.8490625 0.611159169550173 0.301875 0.17387543252595156
0 0.5509375 0.6730103806228374 0.300625 0.1695501730103806
0 0.070625 0.7668685121107266 0.10625 0.12975778546712802
0 0.2578125 0.7326989619377162 0.290625 0.1695501730103806
0 0.1690625 0.8650519031141869 0.279375 0.1704152249134948
0 0.949375 0.7110726643598616 0.10125 0.14878892733564014
0 0.4584375 0.8135813148788927 0.29875 0.1695501730103806
0 0.7575 0.7560553633217993 0.31125 0.1773356401384083