0 0.17253076923076924 0.1848211508553655 0.037523076923076944 0.12905132192846036
0 0.2123846153846154 0.18569206842923797 0.04154615384615384 0.13430793157076207
0 0.24905384615384615 0.19241057542768272 0.03864615384615385 0.12905132192846036
0 0.8689923076923077 0.19314152410575428 0.031792307692307634 0.12097978227060656
0 0.8360461538461538 0.19530326594090203 0.03393076923076933 0.12037325038880249
0 0.28573076923076923 0.19590979782270607 0.039784615384615404 0.1278849144634526
0 0.3228384615384615 0.20087091757387246 0.03890769230769234 0.13080870917573875
0 0.7702923076923077 0.20113530326594092 0.03304615384615387 0.12220839813374804
0 0.8030923076923077 0.20205287713841366 0.03243076923076921 0.12037325038880252
0 0.7364307692307692 0.20390357698289271 0.034584615384615415 0.12528771384136858
0 0.7025615384615385 0.2069673405909798 0.0324692307692308 0.12528771384136858
0 0.3577769230769231 0.20788491446345256 0.03831538461538457 0.1284603421461897
0 0.39332307692307694 0.21080870917573874 0.03546153846153848 0.12846034214618976
0 0.5331307692307693 0.21138413685847587 0.03548461538461547 0.12612752721617415
0 0.669276923076923 0.21197511664074653 0.03398461538461543 0.12729393468118197
0 0.6333307692307693 0.2131415241057543 0.03544615384615379 0.1261275272161742
0 0.4646461538461538 0.2134370139968896 0.03543846153846149 0.1267185069984448
0 0.42840769230769227 0.21401244167962677 0.036315384615384645 0.12438569206842927
0 0.4987615384615385 0.21460342146189737 0.033192307692307764 0.1267185069984448
0 0.5669153846153846 0.21547433903576985 0.03431538461538454 0.12729393468118197
0 0.5996923076923077 0.21926905132192848 0.03113076923076925 0.12438569206842927
0 0.09813846153846154 0.2791290824261275 0.06895384615384617 0.07357698289269052
0 0.16743846153846154 0.2867185069984448 0.06488461538461536 0.0747433903576983
0 0.8589692307692308 0.29018662519440125 0.06034615384615371 0.06693623639191294
0 0.23316923076923077 0.29284603421461897 0.06579999999999997 0.0753343701399689
0 0.3000230769230769 0.2975116640746501 0.06432307692307693 0.0753343701399689
0 0.7982307692307693 0.29816485225505446 0.05611538461538456 0.0681648522550544
0 0.7400692307692308 0.30307931570762053 0.05887692307692305 0.07676516329704512
0 0.3648846153846154 0.3083203732503888 0.06407692307692305 0.07241057542768274
0 0.32806153846153846 0.03241057542768274 0.06379230769230775 0.06482115085536548
0 0.4275461538461538 0.31124416796267496 0.062315384615384606 0.07007776049766719
0 0.4894846153846154 0.3129860031104199 0.05853846153846147 0.07007776049766719
0 0.6795384615384615 0.3129860031104199 0.06316153846153838 0.07124416796267496
0 0.5542153846153847 0.3138724727838258 0.06090769230769236 0.07181959564541214
0 0.6165846153846154 0.31561430793157075 0.060300000000000076 0.06715396578538103
0 0.8205461538461539 0.03500777604976673 0.05823076923076909 0.06755832037325038
0 0.7590461538461538 0.03531881804043546 0.06220769230769222 0.06570762052877138
0 0.3907230769230769 0.035334370139968894 0.06318461538461538 0.06948678071539659
0 0.09871538461538462 0.354447900466563 0.06722307692307691 0.07241057542768274
0 0.8582076923076923 0.35835147744945567 0.061861538461538516 0.06939346811819597
0 0.16715384615384615 0.36087091757387246 0.06603846153846156 0.07241057542768274
0 0.23446923076923076 0.3637947122861586 0.06493076923076921 0.07241057542768274
0 0.29929999999999995 0.36992223950233283 0.06576923076923077 0.07650077760497671
0 0.7683076923076922 0.3740124416796268 0.11413846153846162 0.08107309486780714
0 0.36791538461538464 0.3810264385692068 0.06320769230769227 0.06598755832037322
0 0.4324538461538462 0.3824883359253499 0.06289230769230769 0.071244167962675
0 0.6184615384615385 0.3830637636080871 0.059430769230769225 0.07007776049766723
0 0.6796846153846154 0.3845256609642302 0.05940769230769232 0.06948678071539655
0 0.4955538461538462 0.38598755832037324 0.06084615384615378 0.07474339035769834
0 0.5585461538461538 0.38744945567651634 0.0597461538461539 0.06948678071539655
0 0.6961846153846154 0.039004665629860026 0.059192307692307725 0.071850699844479
0 0.45180000000000003 0.04 0.05883076923076924 0.07065318818040436
0 0.033161538461538465 0.42482115085536554 0.06493846153846153 0.07650077760497663
0 0.09914615384615384 0.4265785381026439 0.06577692307692307 0.0776671850699844
0 0.8650461538461538 0.42928460342146185 0.058523076923076865 0.06755832037325044
0 0.16628461538461536 0.43241057542768274 0.06488461538461536 0.07065318818040432
0 0.5140692307692307 0.04409020217729394 0.06263846153846159 0.07181959564541211
0 0.6352076923076923 0.04409020217729394 0.06056923076923078 0.07181959564541211
0 0.8041538461538462 0.436049766718507 0.05824615384615378 0.07124416796267488
0 0.23418461538461538 0.436796267496112 0.06550769230769228 0.07824261275272158
0 0.3043538461538462 0.44379471228615863 0.0625923076923077 0.07590979782270597
0 0.7421923076923077 0.44617418351477445 0.06130769230769234 0.07676516329704512
0 0.36791538461538464 0.45080870917573873 0.06205384615384612 0.07357698289269043
0 0.5745615384615385 0.04583203732503888 0.05770769230769229 0.06715396578538103
0 0.6789615384615384 0.45343701399688957 0.06258461538461531 0.06832037325038873
0 0.6168769230769231 0.4537169517884915 0.05799230769230777 0.0700777604976671
0 0.4321692307692308 0.45430793157076205 0.06346923076923076 0.07124416796267488
0 0.5586846153846153 0.4575272161741835 0.05946153846153843 0.0694867807153965
0 0.49713846153846153 0.45926905132192847 0.06229230769230771 0.07065318818040428
0 0.2326 0.08788491446345255 0.06638461538461535 0.07650077760497666
0 0.2968538461538462 0.09284603421461898 0.06433846153846152 0.0794090202177294
0 0.8453 0.09673405909797823 0.05791538461538459 0.07062208398133747
0 0.3608153846153846 0.10365474339035771 0.06402307692307693 0.07766718506998445
0 0.7866846153846154 0.10471228615863142 0.05673076923076923 0.0669362363919129
0 0.7264 0.10471228615863142 0.05887692307692305 0.06939346811819597
0 0.4239307692307692 0.11065318818040436 0.06259999999999995 0.07650077760497667
0 0.6672538461538461 0.11241057542768274 0.0599769230769231 0.07181959564541214
0 0.4860153846153846 0.11387247278382581 0.0602615384615384 0.07357698289269052
0 0.5468384615384615 0.11561430793157076 0.0600230769230769 0.06774494556765163
0 0.6069076923076924 0.11766718506998444 0.05884615384615385 0.06715396578538103