0 0.16230769230769232 0.2317262830482115 0.04153846153846154 0.13374805598755832
0 0.2023076923076923 0.22706065318818042 0.046153846153846156 0.13996889580093314
0 0.23923076923076922 0.2286158631415241 0.043076923076923075 0.13374805598755832
0 0.8576923076923076 0.14152410575427682 0.036153846153846154 0.12441679626749612
0 0.8246153846153846 0.14852255054432348 0.03769230769230769 0.12441679626749612
0 0.27576923076923077 0.22706065318818042 0.04384615384615385 0.13374805598755832
0 0.3130769230769231 0.22628304821150855 0.043076923076923075 0.13530326594090203
0 0.7592307692307693 0.1640746500777605 0.036923076923076927 0.12597200622083982
0 0.791923076923077 0.16018662519440124 0.036153846153846154 0.12441679626749612
0 0.7257692307692307 0.17107309486780714 0.038461538461538464 0.13063763608087092
0 0.691923076923077 0.17884914463452567 0.036923076923076927 0.1290824261275272
0 0.34807692307692306 0.2286158631415241 0.04230769230769231 0.13374805598755832
0 0.38346153846153846 0.22628304821150855 0.04 0.13374805598755832
0 0.5230769230769231 0.20762052877138415 0.04 0.13063763608087092
0 0.6588461538461539 0.18895800933125972 0.038461538461538464 0.1321928460342146
0 0.6230769230769231 0.19517884914463451 0.04 0.13063763608087092
0 0.455 0.2192846034214619 0.04 0.13063763608087092
0 0.41884615384615387 0.22472783825816486 0.040769230769230766 0.1290824261275272
0 0.4888461538461538 0.21539657853810265 0.03769230769230769 0.13063763608087092
0 0.556923076923077 0.20684292379471228 0.038461538461538464 0.1321928460342146
0 0.5896153846153847 0.20606531881804044 0.03538461538461538 0.1290824261275272
0 0.09153846153846154 0.33670295489891133 0.07153846153846154 0.08242612752721618
0 0.16076923076923078 0.3343701399688958 0.06692307692307692 0.08398133748055987
0 0.8507692307692307 0.24027993779160187 0.06230769230769231 0.07465007776049767
0 0.22653846153846155 0.3312597200622084 0.06846153846153846 0.08398133748055987
0 0.29346153846153844 0.3265940902021773 0.06692307692307692 0.08398133748055987
0 0.7903846153846154 0.25660964230171074 0.05846153846153846 0.07620528771384137
0 0.7326923076923076 0.2698289269051322 0.06153846153846154 0.08553654743390357
0 0.35846153846153844 0.328149300155521 0.06615384615384616 0.08087091757387248
0 0.3123076923076923 0.05754276827371695 0.06615384615384616 0.07309486780715396
0 0.42115384615384616 0.32192846034214617 0.06461538461538462 0.07931570762052877
0 0.48307692307692307 0.31493001555209954 0.06076923076923077 0.07776049766718507
0 0.6726923076923077 0.2884914463452566 0.06538461538461539 0.07931570762052877
0 0.5476923076923077 0.30637636080870917 0.06307692307692307 0.08087091757387248
0 0.61 0.29937791601866254 0.06230769230769231 0.07620528771384137
0 0.8034615384615384 0.013996889580093312 0.06076923076923077 0.027993779160186624
0 0.7423076923076923 0.01866251944012442 0.06461538461538462 0.03732503888024884
0 0.375 0.052099533437014 0.06538461538461539 0.07776049766718507
0 0.09461538461538462 0.41135303265940903 0.06923076923076923 0.08242612752721618
0 0.8523076923076923 0.30793157076205285 0.06384615384615384 0.07776049766718507
0 0.16307692307692306 0.4082426127527216 0.06846153846153846 0.08087091757387248
0 0.23038461538461538 0.401244167962675 0.06692307692307692 0.08087091757387248
0 0.2953846153846154 0.3989113530326594 0.06846153846153846 0.08553654743390357
0 0.7634615384615384 0.33670295489891133 0.11692307692307692 0.09642301710730948
0 0.36423076923076925 0.39968895800933124 0.06538461538461539 0.07465007776049767
0 0.42846153846153845 0.39191290824261277 0.06538461538461539 0.07931570762052877
0 0.6142307692307692 0.36702954898911355 0.06153846153846154 0.07776049766718507
0 0.6753846153846154 0.359253499222395 0.06153846153846154 0.07776049766718507
0 0.49153846153846154 0.38724727838258166 0.06307692307692307 0.08242612752721618
0 0.5546153846153846 0.37947122861586313 0.06230769230769231 0.07776049766718507
0 0.6792307692307692 0.025660964230171075 0.06153846153846154 0.05132192846034215
0 0.43615384615384617 0.04821150855365474 0.06076923076923077 0.07931570762052877
0 0.032692307692307694 0.4906687402799378 0.06538461538461539 0.08553654743390357
0 0.09769230769230769 0.48367029548989116 0.06846153846153846 0.08709175738724728
0 0.8615384615384616 0.37791601866251945 0.06076923076923077 0.07620528771384137
0 0.1646153846153846 0.4797822706065319 0.06692307692307692 0.07931570762052877
0 0.49846153846153846 0.04354587869362364 0.06461538461538462 0.08087091757387248
0 0.6192307692307693 0.03343701399688958 0.06307692307692307 0.06687402799377916
0 0.8011538461538461 0.39346811819595645 0.06076923076923077 0.07931570762052877
0 0.2326923076923077 0.47433903576982894 0.06769230769230769 0.08709175738724728
0 0.3030769230769231 0.4712286158631415 0.06538461538461539 0.08398133748055987
0 0.7396153846153846 0.4121306376360809 0.06384615384615384 0.08553654743390357
0 0.36653846153846154 0.46967340590979784 0.06461538461538462 0.08242612752721618
0 0.5584615384615385 0.03654743390357698 0.06 0.07309486780715396
0 0.676923076923077 0.4284603421461897 0.06461538461538462 0.07620528771384137
0 0.615 0.4370139968895801 0.06 0.07776049766718507
0 0.4307692307692308 0.4642301710730949 0.06615384615384616 0.07931570762052877
0 0.556923076923077 0.4494556765163297 0.06153846153846154 0.07776049766718507
0 0.4957692307692308 0.4595645412130638 0.06461538461538462 0.07931570762052877
0 0.21884615384615386 0.12674961119751166 0.06923076923076923 0.08553654743390357
0 0.2834615384615385 0.12286158631415241 0.06692307692307692 0.08864696734059098
0 0.8303846153846154 0.048989113530326596 0.06 0.07931570762052877
0 0.3473076923076923 0.12441679626749612 0.06692307692307692 0.08709175738724728
0 0.7723076923076924 0.06531881804043546 0.05923076923076923 0.07465007776049767
0 0.7123076923076923 0.07387247278382582 0.06076923076923077 0.07776049766718507
0 0.4107692307692308 0.12208398133748057 0.06538461538461539 0.08553654743390357
0 0.6534615384615384 0.08942457231726283 0.06230769230769231 0.08087091757387248
0 0.4726923076923077 0.1166407465007776 0.06230769230769231 0.08242612752721618
0 0.5334615384615384 0.10964230171073094 0.06230769230769231 0.07620528771384137
0 0.5934615384615385 0.10342146189735614 0.06076923076923077 0.07465007776049767