0 0.54356875 0.1636969696969697 0.09676249999999996 0.19250216450216454
0 0.9613625 0.36743722943722945 0.07727499999999993 0.20795670995671
0 0.6378875 0.36954112554112556 0.11398125000000008 0.21357575757575753
0 0.7502500000000001 0.3698961038961039 0.10744374999999991 0.2072554112554113
0 0.8683937500000001 0.37059740259740265 0.11043749999999988 0.2058528138528139
0 0.30628125 0.378987012987013 0.10958750000000002 0.20199134199134194
0 0.19363125 0.379030303030303 0.10285000000000002 0.20022510822510822
0 0.52684375 0.3807878787878788 0.10794375000000002 0.2065541125541126
0 0.4149875 0.3821904761904762 0.10738124999999997 0.2093593073593074
0 0.94090625 0.5764502164502164 0.10939999999999998 0.20444155844155854
0 0.7185187500000001 0.5813679653679654 0.10888749999999987 0.21006060606060598
0 0.8331125 0.5831255411255412 0.10478749999999991 0.2065541125541125
0 0.2791 0.5834718614718615 0.10845000000000002 0.20444155844155834
0 0.6089937500000001 0.5838268398268399 0.10893125000000005 0.21497835497835494
0 0.5009375 0.5883896103896105 0.10379374999999996 0.20163636363636372
0 0.3931875 0.5897922077922079 0.10941874999999995 0.20725541125541136
0 0.1708125 0.5908484848484848 0.10589999999999998 0.19812121212121206
0 0.8143875 0.7921298701298701 0.10891875 0.21006060606060617
0 0.7038500000000001 0.7928311688311689 0.105925 0.20725541125541136
0 0.92644375 0.7949437229437231 0.1098875000000001 0.1974199134199135
0 0.25803125 0.7970476190476191 0.11094375 0.20163636363636372
0 0.368825 0.7981038961038961 0.10938125 0.2065541125541126
0 0.149775 0.7984588744588745 0.10845624999999998 0.20303896103896094
0 0.48068125 0.7991601731601732 0.11197500000000005 0.21427705627705637
0 0.5942625 0.7998614718614719 0.10989999999999994 0.21147186147186156