0 0.8279310344827586 0.07994615384615385 0.15503657262277964 0.0886846153846154
0 0.11309299895506791 0.08016923076923077 0.06810867293625913 0.08430769230769229
0 0.18391849529780563 0.08065384615384615 0.06940438871473356 0.08723076923076925
0 0.57380355276907 0.0808076923076923 0.06812957157784749 0.0856
0 0.41489028213166146 0.08113846153846153 0.2480041797283177 0.08918461538461538
0 0.6415778474399164 0.08114615384615383 0.06877742946708457 0.08696923076923076
0 0.7111912225705329 0.08183076923076922 0.06940438871473362 0.08765384615384615
0 0.038965517241379304 0.08211538461538462 0.07608150470219437 0.09210769230769232
0 0.255067920585162 0.08259999999999999 0.06870428422152564 0.08723076923076922
0 0.030794148380355275 0.833076923076923 0.06115987460815047 0.08242307692307699
0 0.4657471264367816 0.834676923076923 0.06253918495297808 0.08103076923076934
0 0.09539184952978057 0.8348153846153846 0.06375130616509926 0.08050000000000007
0 0.5305747126436782 0.8350846153846153 0.06398119122257055 0.08263846153846141
0 0.8417241379310344 0.8356846153846155 0.06527690700104496 0.07901538461538446
0 0.24759665621734586 0.8359692307692308 0.23526645768025076 0.0820384615384616
0 0.4006583072100314 0.8360923076923078 0.06378265412748167 0.08385384615384632
0 0.6887251828631139 0.8360923076923078 0.2401671891327063 0.08304615384615388
0 0.4562800417972832 0.9159076923076923 0.23416927899686524 0.08385384615384632
0 0.6721525600835946 0.9163153846153846 0.06677115987460824 0.08062307692307688
0 0.6046290491118077 0.9167153846153846 0.06314524555903873 0.07901538461538446
0 0.8412852664576803 0.9169153846153846 0.12791013584117042 0.08344615384615386
0 0.7398537095088819 0.9171230769230769 0.06641588296760705 0.07901538461538446
0 0.06762800417972832 0.9177230769230769 0.13482758620689658 0.08828461538461536
0 0.2358516196447231 0.9185307692307692 0.06382445141065829 0.08506153846153841
0 0.3020167189132706 0.9195461538461539 0.06576802507836996 0.08280769230769237
0 0.1691327063740857 0.9201461538461538 0.06725182863113899 0.08344615384615386
0 0.5433333333333333 0.9775923076923076 0.06547544409613378 0.04434615384615392
0 0.6954022988505747 0.9780769230769231 0.23510971786833856 0.04384615384615385
0 0.47608150470219435 0.9785153846153846 0.06239289446186002 0.04296923076923087
0 0.40962382445141066 0.9786 0.06529780564263324 0.04152307692307694
0 0.8506896551724138 0.9789153846153845 0.06575757575757582 0.04216153846153842
0 0.25689655172413794 0.9792000000000001 0.23623824451410658 0.0403153846153845
0 0.03350052246603971 0.9793230769230769 0.06547544409613375 0.041353846153846324
0 0.0996760710553814 0.9809307692307693 0.06748171368861025 0.03813076923076936
0 0.20275862068965517 0.16691538461538463 0.25008359456635315 0.0891846153846154
0 0.509707419017764 0.1681153846153846 0.07107628004179732 0.08765384615384617
0 0.4363949843260188 0.1682846153846154 0.0677220480668756 0.08593846153846152
0 0.8234273772204806 0.16863076923076925 0.06874608150470216 0.08730769230769234
0 0.3642737722048067 0.16886153846153848 0.06601880877742941 0.08723076923076925
0 0.8823719958202716 0.16914615384615383 0.0452351097178683 0.08559999999999998
0 0.8238453500522466 0.017523076923076922 0.07129571577847442 0.03503846153846154
0 0.8834900731452455 0.01730769230769231 0.04493207941483804 0.03461538461538462
0 0.6663531870428423 0.1694846153846154 0.24301985370950882 0.08833846153846152
0 0.04327063740856844 0.1713 0.07276907001044931 0.08528461538461539
0 0.6630616509926854 0.0179 0.24751306165099257 0.0358
0 0.3569487983281087 0.018284615384615382 0.06987460815047022 0.036561538461538465
0 0.42873563218390803 0.018284615384615382 0.06755485893416925 0.036561538461538465
0 0.5061755485893418 0.01846923076923077 0.06928944618599797 0.036184615384615385
0 0.03154649947753396 0.018661538461538462 0.06308254963427377 0.037323076923076924
0 0.19316614420062697 0.01876153846153846 0.2520689655172414 0.03752307692307692
0 0.11839080459770114 0.2512230769230769 0.07075235109717869 0.08430769230769232
0 0.19053291536050157 0.25366153846153844 0.06939393939393942 0.08236153846153842
0 0.5809508881922675 0.2544 0.07029258098223613 0.0849153846153846
0 0.42108672936259145 0.2550846153846154 0.24647857889237204 0.08628461538461535
0 0.2600313479623825 0.25512307692307695 0.06937304075235111 0.08430769230769232
0 0.04205851619644723 0.2554230769230769 0.08370950888192269 0.08805384615384618
0 0.6494775339602925 0.25576923076923075 0.07063740856844296 0.08354615384615385
0 0.8305747126436782 0.25576923076923075 0.1500104493207941 0.08354615384615385
0 0.7195611285266458 0.2569692307692308 0.06758620689655179 0.08456923076923073
0 0.2138453500522466 0.3393846153846154 0.24762800417972827 0.08805384615384618
0 0.8822152560083595 0.34068461538461536 0.046739811912225725 0.08423076923076923
0 0.055433646812957156 0.3408769230769231 0.06806687565308256 0.08210769230769231
0 0.5147962382445141 0.3410307692307692 0.06729362591431555 0.08559999999999998
0 0.4424033437826541 0.3412 0.06668756530825501 0.08456923076923073
0 0.3741483803552769 0.3415384615384615 0.06700104493207942 0.08525384615384618
0 0.6723301985370951 0.34171538461538464 0.24289446185997915 0.08970769230769231
0 0.8254858934169279 0.3418846153846154 0.06633228840125394 0.08456923076923073
0 0.13213166144200628 0.4213076923076923 0.06803552769070009 0.0824769230769231
0 0.04685475444096134 0.4222384615384615 0.09330198537095091 0.08507692307692305
0 0.20428422152560083 0.4227923076923077 0.06901776384535006 0.0824769230769231
0 0.2736572622779519 0.4237230769230769 0.06747126436781606 0.08284615384615387
0 0.5869487983281088 0.4244 0.06747126436781603 0.08456923076923081
0 0.7194984326018808 0.42543076923076917 0.06468129571577858 0.08046153846153843
0 0.4296656217345872 0.4256 0.24124346917450365 0.08423076923076923
0 0.8303030303030303 0.4262846153846154 0.15040752351097184 0.08286153846153849
0 0.6524242424242425 0.42645384615384613 0.0644827586206897 0.08183076923076918
0 0.05820271682340648 0.5060153846153846 0.06958202716823407 0.08322307692307697
0 0.21410658307210031 0.5069461538461538 0.24106583072100313 0.08730769230769231
0 0.5049425287356322 0.5075384615384615 0.06747126436781603 0.08304615384615388
0 0.4374085684430512 0.5087461538461538 0.06278996865203765 0.08062307692307688
0 0.6598119122257053 0.5091461538461538 0.24018808777429482 0.08354615384615377
0 0.8127168234064786 0.5093153846153846 0.06595611285266446 0.08114615384615385
0 0.8772831765935214 0.5101692307692308 0.057377220480668845 0.08080769230769227
0 0.36905956112852667 0.5103615384615385 0.06730407523510969 0.07982307692307691
0 0.05432601880877743 0.5877384615384615 0.10823406478578892 0.08550000000000008
0 0.1444932079414838 0.5892384615384615 0.06854754440961336 0.07876153846153854
0 0.6574503657262277 0.5895769230769231 0.06690700104493205 0.08183846153846161
0 0.43392894461859977 0.5899769230769231 0.23766980146290495 0.08344615384615386
0 0.5882758620689655 0.5903846153846154 0.06765935214211076 0.08263846153846159
0 0.21203761755485892 0.5904384615384616 0.06684430512016716 0.08165384615384623
0 0.7260292580982236 0.5905846153846154 0.06610240334378265 0.08304615384615388
0 0.8333960292580982 0.5922000000000001 0.14389759665621737 0.07982307692307691
0 0.27972831765935213 0.5927692307692308 0.06546499477533958 0.07839230769230776
0 0.02477533960292581 0.6697769230769232 0.04913270637408568 0.08242307692307699
0 0.08414838035527691 0.6711230769230769 0.06741901776384533 0.0820384615384616
0 0.5270010449320794 0.6724230769230769 0.06671891327063743 0.08223846153846161
0 0.4594566353187043 0.6728230769230769 0.06420062695924758 0.08223846153846161
0 0.6800731452455591 0.6734307692307693 0.23819226750261238 0.08183846153846161
0 0.23757575757575758 0.6737615384615384 0.23754440961337517 0.08359230769230774
0 0.39084639498432605 0.6742307692307692 0.06600835945663527 0.08263846153846159
0 0.8352351097178684 0.6752384615384615 0.06871473354231974 0.08143076923076915
0 0.06269592476489028 0.7520076923076923 0.12391849529780564 0.08126923076923075
0 0.444576802507837 0.7538538461538461 0.23705329153605018 0.08143076923076924
0 0.8350365726227795 0.7558692307692307 0.13951933124346916 0.07901538461538464
0 0.15868338557993733 0.7560461538461538 0.06373040752351099 0.08165384615384613
0 0.5972936259143156 0.7562692307692308 0.0648798328108672 0.08062307692307696
0 0.2251201671891327 0.7564307692307691 0.06369905956112851 0.08319230769230768
0 0.6652978056426333 0.756676923076923 0.06296760710553813 0.07901538461538464
0 0.7314838035527691 0.7568769230769231 0.06602925809822367 0.07860769230769235
0 0.29154649947753397 0.7570153846153845 0.06576802507836993 0.08203846153846152