0 0.796923076923077 0.08169014084507042 0.05384615384615385 0.12394366197183099
0 0.7473076923076923 0.08497652582159625 0.05307692307692308 0.12112676056338029
0 0.13 0.21267605633802816 0.055384615384615386 0.11267605633802817
0 0.18423076923076923 0.21267605633802816 0.055384615384615386 0.12018779342723004
0 0.07769230769230769 0.21784037558685446 0.054615384615384614 0.12018779342723004
0 0.5919230769230769 0.19671361502347418 0.05692307692307692 0.10422535211267606
0 0.6942307692307692 0.19483568075117372 0.052307692307692305 0.10892018779342723
0 0.5411538461538462 0.2028169014084507 0.052307692307692305 0.11549295774647887
0 0.7938461538461539 0.19201877934272302 0.052307692307692305 0.10234741784037558
0 0.027692307692307693 0.2248826291079812 0.055384615384615386 0.12112676056338029
0 0.7438461538461538 0.19436619718309858 0.05076923076923077 0.10610328638497653
0 0.6426923076923077 0.20046948356807512 0.05076923076923077 0.11173708920187793
0 0.49038461538461536 0.20751173708920187 0.054615384615384614 0.12394366197183099
0 0.845 0.19295774647887323 0.052307692307692305 0.10516431924882629
0 0.43884615384615383 0.2107981220657277 0.05307692307692308 0.12206572769953052
0 0.33884615384615385 0.215962441314554 0.05307692307692308 0.11737089201877934
0 0.38884615384615384 0.215962441314554 0.05 0.11924882629107982
0 0.9484615384615385 0.19295774647887323 0.05384615384615385 0.12769953051643193
0 0.2876923076923077 0.2211267605633803 0.05384615384615385 0.12300469483568074
0 0.8969230769230769 0.19624413145539907 0.055384615384615386 0.12488262910798122
0 0.23653846153846153 0.2248826291079812 0.05384615384615385 0.12300469483568074
0 0.5961538461538461 0.32018779342723 0.07307692307692308 0.15023474178403756
0 0.7180769230769231 0.31690140845070425 0.06846153846153846 0.14929577464788732
0 0.7896153846153846 0.315962441314554 0.07 0.15305164319248826
0 0.535 0.3314553990610329 0.07076923076923076 0.14647887323943662
0 0.6596153846153846 0.32582159624413143 0.07 0.15211267605633802
0 0.8834615384615384 0.31784037558685446 0.06769230769230769 0.14929577464788732
0 0.9523076923076923 0.3192488262910798 0.057692307692307696 0.12488262910798122
0 0.35307692307692307 0.3460093896713615 0.07846153846153846 0.1568075117370892
0 0.41423076923076924 0.34694835680751174 0.07615384615384616 0.1568075117370892
0 0.47423076923076923 0.3455399061032864 0.07230769230769231 0.15586854460093896
0 0.021538461538461538 0.3694835680751174 0.043076923076923075 0.15305164319248826
0 0.08692307692307692 0.3671361502347418 0.06615384615384616 0.1539906103286385
0 0.15076923076923077 0.3676056338028169 0.06769230769230769 0.14929577464788732
0 0.24884615384615386 0.3873239436619718 0.12076923076923077 0.07887323943661972
0 0.975 0.4394366197183099 0.05 0.11924882629107982
0 0.9265384615384615 0.44272300469483566 0.054615384615384614 0.11830985915492957
0 0.5919230769230769 0.4727699530516432 0.06846153846153846 0.15211267605633802
0 0.7265384615384616 0.4676056338028169 0.06615384615384616 0.14929577464788732
0 0.7892307692307692 0.4676056338028169 0.06384615384615384 0.14741784037558686
0 0.8546153846153847 0.46572769953051646 0.06846153846153846 0.14929577464788732
0 0.6584615384615384 0.47417840375586856 0.06384615384615384 0.14835680751173708
0 0.5280769230769231 0.4830985915492958 0.07230769230769231 0.15211267605633802
0 0.27 0.49765258215962443 0.06230769230769231 0.15023474178403756
0 0.3292307692307692 0.49765258215962443 0.06538461538461539 0.1511737089201878
0 0.3930769230769231 0.4990610328638498 0.06538461538461539 0.14929577464788732
0 0.20807692307692308 0.5075117370892018 0.06846153846153846 0.14741784037558686
0 0.08461538461538462 0.515962441314554 0.06692307692307692 0.14272300469483568
0 0.028076923076923076 0.5187793427230047 0.05615384615384615 0.14741784037558686
0 0.455 0.5014084507042254 0.07692307692307693 0.1568075117370892
0 0.14423076923076922 0.5164319248826291 0.06692307692307692 0.13990610328638498
0 0.98 0.5615023474178403 0.04 0.12206572769953052
0 0.7153846153846154 0.6173708920187794 0.06692307692307692 0.14929577464788732
0 0.5896153846153847 0.6244131455399061 0.07153846153846154 0.15211267605633802
0 0.6553846153846153 0.6220657276995305 0.06615384615384616 0.14647887323943662
0 0.7815384615384615 0.6173708920187794 0.06538461538461539 0.15023474178403756
0 0.8388461538461538 0.6164319248826291 0.06461538461538462 0.14929577464788732
0 0.9138461538461539 0.6140845070422535 0.06692307692307692 0.14553990610328638
0 0.5269230769230769 0.6352112676056338 0.07461538461538461 0.1539906103286385
0 0.27307692307692305 0.6464788732394366 0.06384615384615384 0.14835680751173708
0 0.34192307692307694 0.6446009389671361 0.06769230769230769 0.14835680751173708
0 0.21576923076923077 0.6511737089201878 0.06538461538461539 0.14366197183098592
0 0.4034615384615385 0.6464788732394366 0.07 0.14647887323943662
0 0.15153846153846154 0.6586854460093897 0.06384615384615384 0.14366197183098592
0 0.09038461538461538 0.6629107981220658 0.06692307692307692 0.14084507042253522
0 0.02846153846153846 0.6704225352112676 0.05153846153846154 0.14084507042253522
0 0.08269230769230769 0.09248826291079812 0.05615384615384615 0.1267605633802817
0 0.031153846153846153 0.09530516431924882 0.055384615384615386 0.12488262910798122
0 0.5976923076923077 0.7723004694835681 0.06230769230769231 0.15023474178403756
0 0.6888461538461539 0.7685446009389671 0.07153846153846154 0.15211267605633802
0 0.7561538461538462 0.7657276995305164 0.06538461538461539 0.14553990610328638
0 0.8242307692307692 0.7643192488262911 0.07230769230769231 0.1539906103286385
0 0.8865384615384615 0.7624413145539906 0.06461538461538462 0.14929577464788732
0 0.135 0.09342723004694836 0.05307692307692308 0.12582159624413145
0 0.9865384615384616 0.760093896713615 0.026923076923076925 0.14366197183098592
0 0.47692307692307695 0.7849765258215963 0.06230769230769231 0.14741784037558686
0 0.29423076923076924 0.7929577464788733 0.06461538461538462 0.14178403755868543
0 0.9446153846153846 0.7652582159624414 0.07307692307692308 0.15305164319248826
0 0.35423076923076924 0.792018779342723 0.06461538461538462 0.14460093896713616
0 0.5365384615384615 0.7845070422535211 0.06153846153846154 0.14741784037558686
0 0.17307692307692307 0.8023474178403756 0.06846153846153846 0.14553990610328638
0 0.1123076923076923 0.8051643192488263 0.07076923076923076 0.13990610328638498
0 0.18730769230769231 0.09248826291079812 0.054615384615384614 0.12488262910798122
0 0.4153846153846154 0.7934272300469484 0.06538461538461539 0.14366197183098592
0 0.23461538461538461 0.8014084507042254 0.06846153846153846 0.14366197183098592
0 0.045 0.812206572769953 0.06846153846153846 0.14647887323943662
0 0.4876923076923077 0.08544600938967137 0.05615384615384615 0.12206572769953052
0 0.5426923076923077 0.084037558685446 0.054615384615384614 0.12112676056338029
0 0.6953846153846154 0.07746478873239436 0.055384615384615386 0.1295774647887324
0 0.4369230769230769 0.08967136150234742 0.054615384615384614 0.12112676056338029
0 0.9296153846153846 0.06948356807511737 0.055384615384615386 0.12206572769953052
0 0.3376923076923077 0.09530516431924882 0.052307692307692305 0.12300469483568074
0 0.5953846153846154 0.08497652582159625 0.052307692307692305 0.11924882629107982
0 0.2896153846153846 0.09859154929577464 0.05384615384615385 0.12206572769953052
0 0.645 0.0835680751173709 0.05384615384615385 0.12488262910798122
0 0.9753846153846154 0.06948356807511737 0.02846153846153846 0.12582159624413145
0 0.8526923076923076 0.07699530516431925 0.06 0.12582159624413145
0 0.23846153846153847 0.10328638497652583 0.057692307692307696 0.12488262910798122
0 0.38653846153846155 0.09718309859154929 0.05307692307692308 0.12018779342723004