0 0.14115384615384616 0.16562173458725182 0.12307692307692308 0.30303030303030304
0 0.2542307692307692 0.1619644723092999 0.12846153846153846 0.30616509926854757
0 0.04923076923076923 0.17136886102403343 0.09846153846153846 0.3051201671891327
0 0.3676923076923077 0.15830721003134796 0.12307692307692308 0.3072100313479624
0 0.48730769230769233 0.15308254963427378 0.12230769230769231 0.30616509926854757
0 0.9473076923076923 0.14472309299895506 0.09307692307692307 0.2894461859979101
0 0.6038461538461538 0.15308254963427378 0.11846153846153847 0.30616509926854757
0 0.8430769230769231 0.14890282131661442 0.12923076923076923 0.29780564263322884
0 0.7203846153846154 0.15203761755485892 0.12538461538461537 0.30407523510971785
0 0.2230769230769231 0.5271682340647857 0.12230769230769231 0.4378265412748171
0 0.10538461538461538 0.5339602925809822 0.12692307692307692 0.4346917450365726
0 0.4511538461538461 0.5182863113897597 0.11461538461538462 0.42737722048066873
0 0.6711538461538461 0.5094043887147336 0.11923076923076924 0.4211076280041797
0 0.33615384615384614 0.5266457680250783 0.12692307692307692 0.438871473354232
0 0.7815384615384615 0.5062695924764891 0.12615384615384614 0.4263322884012539
0 0.8934615384615384 0.5010449320794148 0.11846153846153847 0.4117032392894462
0 0.561923076923077 0.5182863113897597 0.12307692307692308 0.4346917450365726
0 0.9457692307692308 0.7920585161964472 0.10846153846153846 0.18808777429467086
0 0.84 0.7988505747126436 0.11692307692307692 0.18495297805642633
0 0.7280769230769231 0.8051201671891327 0.11384615384615385 0.180773249738767
0 0.2619230769230769 0.8281086729362591 0.1176923076923077 0.18181818181818182
0 0.5034615384615385 0.8166144200626959 0.11615384615384615 0.1839080459770115
0 0.6169230769230769 0.8119122257053292 0.11153846153846154 0.17763845350052246
0 0.37961538461538463 0.8239289446185998 0.12076923076923077 0.180773249738767
0 0.04846153846153846 0.8406478578892372 0.08384615384615385 0.1755485893416928
0 0.14423076923076922 0.8364681295715779 0.11692307692307692 0.17763845350052246