0 0.08146153846153846 0.10877419354838709 0.1615153846153846 0.07948387096774195
0 0.11069999999999999 0.18943010752688172 0.10303076923076923 0.07730107526881719
0 0.9619153846153846 0.18952688172043008 0.07616923076923075 0.08534408602150538
0 0.8716923076923078 0.18978494623655914 0.09890769230769225 0.08062365591397852
0 0.2713076923076923 0.19106451612903225 0.18921538461538462 0.08003225806451614
0 0.0271 0.1912258064516129 0.0528 0.07801075268817205
0 0.6919153846153846 0.19263440860215053 0.19970769230769223 0.08108602150537637
0 0.524723076923077 0.195 0.09099230769230766 0.08267741935483869
0 0.42390000000000005 0.19552688172043012 0.1022769230769231 0.08162365591397852
0 0.7743846153846154 0.2738924731182796 0.10896923076923075 0.09162365591397847
0 0.9236769230769231 0.276752688172043 0.15264615384615388 0.08581720430107524
0 0.21303846153846154 0.27803225806451615 0.1076153846153846 0.091
0 0.6570769230769231 0.27808602150537637 0.10452307692307701 0.08638709677419358
0 0.0801846153846154 0.2783978494623656 0.1599923076923077 0.08310752688172042
0 0.3187076923076923 0.2791075268817204 0.10962307692307692 0.08740860215053763
0 0.7198384615384615 0.02860215053763441 0.2128153846153846 0.05720430107526882
0 0.48348461538461535 0.2809247311827957 0.21769230769230768 0.08473118279569891
0 0.2569230769230769 0.02903225806451613 0.18615384615384614 0.05806451612903226
0 0.44151538461538464 0.029440860215053766 0.1112692307692308 0.05758064516129032
0 0.894923076923077 0.03047311827956989 0.10713076923076921 0.060698924731182796
0 0.9724076923076924 0.03067741935483871 0.05517692307692309 0.06134408602150537
0 0.5451538461538462 0.03102150537634409 0.09436153846153852 0.06072043010752688
0 0.11300769230769231 0.03268817204301075 0.1086692307692308 0.06536559139784946
0 0.028638461538461543 0.0327741935483871 0.0569 0.06518279569892473
0 0.7263999999999999 0.36347311827956985 0.21918461538461534 0.09052688172043016
0 0.9116076923076922 0.36372043010752686 0.10825384615384617 0.0868279569892473
0 0.11096923076923076 0.3658602150537634 0.09945384615384613 0.08736559139784947
0 0.02803846153846154 0.36658064516129035 0.05607692307692308 0.0859354838709677
0 0.9845923076923078 0.36712903225806454 0.03080769230769245 0.08839784946236563
0 0.2727846153846154 0.3676559139784946 0.21684615384615383 0.08521505376344087
0 0.43852307692307696 0.36769892473118276 0.11053076923076928 0.08849462365591393
0 0.5517153846153846 0.3682258064516129 0.10673076923076923 0.08745161290322585
0 0.7989384615384615 0.45101075268817203 0.1123461538461539 0.09370967741935482
0 0.689123076923077 0.45389247311827957 0.09964615384615381 0.08376344086021503
0 0.09393846153846154 0.4569247311827957 0.18787692307692308 0.08875268817204297
0 0.5145923076923077 0.45702150537634406 0.21693846153846152 0.08059139784946241
0 0.2438153846153846 0.4572795698924731 0.10863076923076925 0.08803225806451613
0 0.9261538461538461 0.45806451612903226 0.1476923076923077 0.08602150537634409
0 0.3535846153846154 0.4594301075268817 0.10140000000000003 0.08517204301075272
0 0.7348384615384616 0.5421612903225806 0.2128153846153846 0.0800430107526881
0 0.5683923076923076 0.5426774193548388 0.10484615384615381 0.08736559139784952
0 0.46344615384615384 0.544516129032258 0.10639230769230765 0.09103225806451616
0 0.11583846153846154 0.5451827956989247 0.10201538461538462 0.08311827956989243
0 0.032161538461538464 0.5456021505376344 0.06405384615384614 0.08167741935483869
0 0.9042999999999999 0.5474086021505375 0.10413846153846162 0.09053763440860214
0 0.28355384615384616 0.5497741935483871 0.22196923076923072 0.087989247311828
0 0.9788461538461538 0.55 0.04230769230769231 0.0913978494623656
0 0.5037307692307692 0.6328387096774193 0.21545384615384608 0.09162365591397853
0 0.0879923076923077 0.6343978494623655 0.17571538461538463 0.0905376344086022
0 0.6836923076923077 0.6362580645161291 0.10602307692307687 0.10263440860215059
0 0.3412076923076923 0.6363763440860215 0.10163846153846154 0.08574193548387098
0 0.9246153846153846 0.637 0.15076923076923077 0.08316129032258056
0 0.7875076923076924 0.6383548387096774 0.09249230769230761 0.08796774193548382
0 0.23412307692307693 0.6416129032258066 0.10596923076923076 0.082247311827957
0 0.5661461538461539 0.7213763440860215 0.10560769230769228 0.09052688172043016
0 0.038530769230769236 0.724247311827957 0.07679230769230767 0.08788172043010754
0 0.2924846153846154 0.7243010752688173 0.2210615384615385 0.09112903225806451
0 0.8924923076923077 0.7245376344086022 0.09852307692307687 0.083225806451613
0 0.975 0.7236559139784946 0.05 0.08602150537634409
0 0.45764615384615387 0.7268817204301076 0.11053076923076928 0.09315053763440873
0 0.7335230769230769 0.7271505376344086 0.21320000000000006 0.09368817204301087
0 0.13166923076923076 0.7273870967741936 0.08986923076923076 0.08788172043010754
0 0.09324615384615384 0.811258064516129 0.1862230769230769 0.08060215053763445
0 0.5110384615384616 0.8123118279569893 0.21882307692307695 0.09840860215053761
0 0.7893846153846155 0.8141182795698925 0.0999846153846154 0.0915483870967743
0 0.9196153846153846 0.8155913978494623 0.16076923076923078 0.06774193548387097
0 0.34196923076923075 0.8170322580645162 0.09286153846153848 0.08898924731182795
0 0.6846307692307693 0.8177849462365591 0.10789999999999998 0.085258064516129
0 0.24227692307692306 0.8178172043010753 0.10265384615384612 0.08741935483870963
0 0.13392307692307692 0.8775376344086022 0.09963076923076926 0.05069892473118289
0 0.8819999999999999 0.8783010752688173 0.09777692307692318 0.0532903225806451
0 0.039099999999999996 0.8798924731182796 0.0771846153846154 0.05122580645161301
0 0.5580846153846154 0.8804193548387096 0.10073846153846157 0.045989247311827935
0 0.7190923076923077 0.8806881720430108 0.20982307692307683 0.043376344086021416
0 0.9665999999999999 0.8817096774193548 0.06680000000000011 0.04437634408602149
0 0.2784307692307692 0.8833010752688172 0.18621538461538464 0.04023655913978502
0 0.7783153846153845 0.09938709677419355 0.10634615384615384 0.08218279569892474
0 0.6664384615384615 0.1012258064516129 0.1097692307692308 0.08479569892473117
0 0.9165538461538462 0.10355913978494624 0.16689230769230773 0.07898924731182794
0 0.3239769230769231 0.10358064516129033 0.10411538461538464 0.0800752688172043
0 0.48947692307692314 0.10437634408602149 0.21619230769230766 0.08586021505376346
0 0.21687692307692308 0.10447311827956988 0.10298461538461538 0.08235483870967741