0 0.87161875 0.8313576415826222 0.2567625000000001 0.19908456167571753
0 0.5726125000000001 0.8478898370830101 0.31298125000000004 0.16446082234290157
0 0.2493 0.848277734678045 0.31678125000000007 0.16525213343677259
0 0.04129999999999999 0.8553297129557796 0.08218125000000001 0.14928626842513573
0 0.95076875 0.22308766485647788 0.07906875000000013 0.20065942591155933
0 0.8756625 0.23370830100853374 0.07973749999999996 0.20301784328937164
0 0.38146875 0.23685802948021722 0.08030625000000001 0.2108921644685803
0 0.29970625 0.23882079131109385 0.08160624999999996 0.21167571761055085
0 0.04047500000000001 0.2392164468580295 0.07918125000000001 0.21403413498836307
0 0.7916249999999999 0.2400077579519007 0.08282499999999998 0.20144297905352992
0 0.5523625 0.24079131109387122 0.07848749999999996 0.21089216446858022
0 0.21572500000000003 0.24236617532971297 0.08988125000000004 0.2077424359968968
0 0.71271875 0.2447245927075252 0.07842500000000001 0.19987587276958882
0 0.46584375 0.24629945694336697 0.07789374999999993 0.2077424359968968
0 0.1320625 0.24669511249030257 0.07850625000000001 0.20065942591155933
0 0.6353937500000001 0.24709076803723817 0.07972500000000003 0.20144297905352992
0 0.8674062499999999 0.4379131109387122 0.2648124999999999 0.22269200930954225
0 0.56914375 0.4489294026377036 0.31111249999999996 0.20538401861908456
0 0.24200624999999998 0.4548254460822343 0.32755 0.2093173002327385
0 0.03825625 0.4548254460822343 0.07474375 0.2171838634600466
0 0.9520375 0.06098525989138867 0.0752687499999999 0.12197051978277734
0 0.88041875 0.06138091543832429 0.07909999999999996 0.12275407292474788
0 0.963225 0.6318851823118696 0.0735499999999999 0.1967261442979053
0 0.40289375 0.06397982932505819 0.08136875000000003 0.1261210240496509
0 0.89563125 0.639356089992242 0.07529374999999988 0.1990845616757177
0 0.816675 0.6499767261442979 0.08093125000000015 0.20459270752521336
0 0.73808125 0.6547013188518231 0.0758937499999999 0.20616757176105507
0 0.42424999999999996 0.6566718386346005 0.07965000000000004 0.20538401861908456
0 0.3475625 0.6582467028704422 0.07968125000000001 0.19908456167571753
0 0.1849875 0.6590302560124127 0.07658124999999999 0.2006594259115594
0 0.31725625 0.06628394103956556 0.07918125000000004 0.13256012412723042
0 0.05315 0.0664934057408844 0.10579375 0.1329868114817688
0 0.6572687500000001 0.6602094647013188 0.08036875000000002 0.21089216446858022
0 0.26389375000000004 0.66100077579519 0.07591250000000002 0.19987587276958874
0 0.5042 0.66100077579519 0.07853125000000005 0.20301784328937164
0 0.10385625 0.6617843289371605 0.08421875 0.20144297905352992
0 0.579625 0.6629635376260666 0.07723124999999996 0.20695888285492628
0 0.034775 0.6661132660977502 0.06776875 0.20380915438324285
0 0.8068375 0.06767261442979054 0.08155624999999986 0.13534522885958108
0 0.6055749999999999 0.06806826997672615 0.32058749999999997 0.1361365399534523
0 0.2338375 0.06812257564003103 0.07847499999999996 0.13624515128006207
0 0.14474375 0.070822342901474 0.07723749999999999 0.1400698215671063