0 0.38384615384615384 0.272964509394572 0.07461538461538461 0.2359081419624217
0 0.18653846153846154 0.30636743215031315 0.36 0.2870563674321503
0 0.8292307692307692 0.20041753653444677 0.31076923076923074 0.27139874739039666
0 0.01423076923076923 0.33820459290187893 0.02846153846153846 0.22964509394572025
0 0.5465384615384615 0.24843423799582465 0.07461538461538461 0.22964509394572025
0 0.4369230769230769 0.26826722338204595 0.07230769230769231 0.23173277661795408
0 0.655 0.23225469728601253 0.07076923076923076 0.23068893528183715
0 0.49115384615384616 0.2599164926931106 0.07615384615384616 0.23382045929018788
0 0.5992307692307692 0.24373695198329853 0.07153846153846154 0.2265135699373695
0 0.8873076923076924 0.4102296450939457 0.07307692307692308 0.22233820459290188
0 0.9415384615384615 0.40292275574112735 0.07076923076923076 0.22129436325678498
0 0.3415384615384615 0.5041753653444676 0.07461538461538461 0.23695198329853862
0 0.8334615384615385 0.42275574112734865 0.07461538461538461 0.22233820459290188
0 0.7769230769230769 0.4337160751565762 0.06923076923076923 0.22338204592901878
0 0.28884615384615386 0.5151356993736952 0.07307692307692308 0.2265135699373695
0 0.12192307692307693 0.5433194154488518 0.07384615384615385 0.22755741127348644
0 0.17576923076923076 0.5349686847599165 0.07153846153846154 0.23277661795407098
0 0.23192307692307693 0.5255741127348643 0.07615384615384616 0.22964509394572025
0 0.7257692307692307 0.4431106471816284 0.07461538461538461 0.22233820459290188
0 0.026923076923076925 0.5594989561586639 0.05384615384615385 0.22964509394572025
0 0.5346153846153846 0.4759916492693111 0.3484615384615385 0.2745302713987474
0 0.06653846153846153 0.5558455114822547 0.07538461538461538 0.23068893528183715
0 0.30230769230769233 0.0965553235908142 0.06384615384615384 0.1409185803757829
0 0.24961538461538463 0.10751565762004175 0.06615384615384616 0.14613778705636743
0 0.6907692307692308 0.05375782881002088 0.06769230769230769 0.10751565762004175
0 0.195 0.1174321503131524 0.06692307692307692 0.14822546972860126
0 0.03 0.14561586638830898 0.06 0.14926931106471816
0 0.8569230769230769 0.6356993736951984 0.28615384615384615 0.2609603340292276
0 0.8538461538461538 0.04175365344467641 0.06615384615384616 0.08350730688935282
0 0.691923076923077 0.6696242171189979 0.07461538461538461 0.2244258872651357
0 0.4176923076923077 0.715553235908142 0.07384615384615385 0.21920668058455114
0 0.4726923076923077 0.7082463465553236 0.07615384615384616 0.22338204592901878
0 0.5284615384615384 0.6988517745302714 0.07461538461538461 0.22233820459290188
0 0.6365384615384615 0.6811064718162839 0.07076923076923076 0.22129436325678498
0 0.5819230769230769 0.6905010438413361 0.07307692307692308 0.22338204592901878
0 0.22576923076923078 0.7510438413361169 0.3484615384615385 0.27348643006263046
0 0.04269230769230769 0.784446764091858 0.06 0.22233820459290188
0 0.7465384615384615 0.050626304801670144 0.06846153846153846 0.10125260960334029
0 0.8003846153846154 0.04749478079331942 0.06846153846153846 0.09498956158663883
0 0.1396153846153846 0.1289144050104384 0.07 0.151356993736952
0 0.9073076923076923 0.038622129436325675 0.06538461538461539 0.07724425887265135
0 0.08346153846153846 0.1383089770354906 0.07307692307692308 0.1524008350730689
0 0.49846153846153846 0.08559498956158663 0.34307692307692306 0.17118997912317327
0 0.9696153846153847 0.7771398747390397 0.06076923076923077 0.11377870563674322
0 0.8596153846153847 0.7964509394572025 0.06461538461538462 0.1127348643006263
0 0.9165384615384615 0.7875782881002088 0.06307692307692307 0.10960334029227557
0 0.8042307692307692 0.8068893528183716 0.06 0.11064718162839249
0 0.7538461538461538 0.8157620041753654 0.06538461538461539 0.11064718162839249
0 0.563076923076923 0.8491649269311065 0.3292307692307692 0.14926931106471816
0 0.37423076923076926 0.8830897703549061 0.06230769230769231 0.1022964509394572
0 0.1453846153846154 0.9211899791231732 0.06307692307692307 0.10020876826722339
0 0.31884615384615383 0.8930062630480167 0.06153846153846154 0.10020876826722339
0 0.08961538461538461 0.9311064718162839 0.06076923076923077 0.09603340292275574
0 0.20346153846153847 0.912839248434238 0.06384615384615384 0.09916492693110647
0 0.2623076923076923 0.9034446764091858 0.06230769230769231 0.09916492693110647