0 0.2965625 0.7585421412300684 0.17125 0.058466211085801065
0 0.13125 0.7490508731966591 0.1625 0.053910402429764616
0 0.47375 0.7725892179195141 0.1275 0.053910402429764616
0 0.790625 0.7965072133637054 0.17 0.0554290053151101
0 0.62125 0.785876993166287 0.164375 0.05466970387243736
0 0.9140625 0.8101746393318148 0.083125 0.0554290053151101
0 0.209375 0.7961275626423691 0.1575 0.05466970387243736
0 0.3678125 0.8097949886104784 0.1575 0.05315110098709187
0 0.5284375 0.8208048595292331 0.15375 0.053910402429764616
0 0.6896875 0.8375094912680334 0.16125 0.05770690964312832
0 0.9171875 0.8561123766135156 0.056875 0.044798785117691725
0 0.83125 0.8507972665148064 0.115625 0.053910402429764616
0 0.1015625 0.8261199696279423 0.07375 0.05087319665907365
0 0.1725 0.834092634776006 0.069375 0.0463173880030372
0 0.4846875 0.857630979498861 0.078125 0.044798785117691725
0 0.2453125 0.8432042520880789 0.08 0.04935459377372817
0 0.325 0.8485193621867881 0.08125 0.0463173880030372
0 0.4075 0.8545937737281701 0.07875 0.04555808656036447
0 0.565 0.8652239939255885 0.076875 0.04555808656036447
0 0.6459375 0.8743356112376613 0.080625 0.05011389521640091
0 0.7290625 0.8830675778283978 0.080625 0.04328018223234624
0 0.894375 0.8982536066818527 0.081875 0.04859529233105543
0 0.805625 0.8929384965831435 0.0675 0.047076689445709946
0 0.8703125 0.14654517843583903 0.06125 0.04555808656036447
0 0.6546875 0.13477600607441154 0.065625 0.04935459377372817
0 0.7953125 0.14502657555049356 0.065 0.047076689445709946
0 0.72625 0.14350797266514806 0.064375 0.04783599088838269
0 0.366875 0.12300683371298406 0.12 0.05239179954441914
0 0.590625 0.13857251328777526 0.065 0.04783599088838269
0 0.5246875 0.13933181473044798 0.06625 0.04555808656036447
0 0.455 0.13629460895975704 0.060625 0.047076689445709946
0 0.8215625 0.18754745634016703 0.134375 0.051632498101746395
0 0.68625 0.18185269552012148 0.130625 0.051632498101746395
0 0.321875 0.16287015945330297 0.12 0.05087319665907365
0 0.554375 0.18223234624145787 0.134375 0.05922551252847381
0 0.4265625 0.18147304479878512 0.125 0.051632498101746395
0 0.8515625 0.23386484434320426 0.06375 0.04403948367501898
0 0.7525 0.22968868640850418 0.13 0.053910402429764616
0 0.6140625 0.22323462414578588 0.13 0.05315110098709187
0 0.481875 0.2217160212604404 0.125625 0.05087319665907365
0 0.3559375 0.21981776765375854 0.123125 0.0463173880030372
0 0.81125 0.2744874715261959 0.1325 0.047076689445709946
0 0.646875 0.26499620349278663 0.066875 0.04859529233105543
0 0.711875 0.26993166287015946 0.06625 0.04328018223234624
0 0.5509375 0.26461655277145024 0.119375 0.051632498101746395
0 0.429375 0.26347760060744113 0.124375 0.05011389521640091
0 0.3025 0.25816249050873197 0.12375 0.051632498101746395
0 0.84125 0.31548974943052394 0.063125 0.04403948367501898
0 0.71125 0.30751708428246016 0.063125 0.0425208807896735
0 0.77625 0.31359149582384205 0.06375 0.04555808656036447
0 0.6434375 0.3052391799544419 0.06625 0.04328018223234624
0 0.576875 0.30751708428246016 0.065625 0.0463173880030372
0 0.334375 0.2965072133637054 0.061875 0.037965072133637055
0 0.389375 0.2999240698557327 0.04375 0.037965072133637055
0 0.51 0.3090356871678056 0.065625 0.05239179954441914
0 0.274375 0.2965072133637054 0.06125 0.040242976461655276
0 0.4446875 0.3071374335611238 0.060625 0.04403948367501898
0 0.8003125 0.3545937737281701 0.129375 0.04935459377372817
0 0.6696875 0.3466211085801063 0.128125 0.05315110098709187
0 0.560625 0.3481397114654518 0.095 0.051632498101746395
0 0.3 0.3333333333333333 0.10625 0.04403948367501898
0 0.404375 0.34206529992406987 0.100625 0.05011389521640091
0 0.83 0.3952164009111617 0.061875 0.039483675018982534
0 0.7278125 0.3921791951404708 0.126875 0.04783599088838269
0 0.41375 0.5501138952164009 0.08125 0.05998481397114654
0 0.1715625 0.5356871678056189 0.05125 0.05239179954441914
0 0.105625 0.5326499620349279 0.08375 0.05998481397114654
0 0.3246875 0.5596051632498101 0.08 0.05770690964312832
0 0.5003125 0.5721336370539104 0.07375 0.0554290053151101
0 0.246875 0.5671981776765376 0.0725 0.04935459377372817
0 0.135625 0.5884586180713743 0.149375 0.06226271829916477
0 0.70875 0.6336370539104025 0.165625 0.07517084282460136
0 0.3734375 0.6138952164009112 0.165625 0.07061503416856492
0 0.539375 0.6287015945330297 0.1675 0.0630220197418375
0 0.2509375 0.6131359149582384 0.07625 0.05011389521640091
0 0.8840625 0.6552771450265755 0.17375 0.0683371298405467
0 0.450625 0.6655277145026576 0.16625 0.06150341685649203
0 0.6234375 0.6826119969627942 0.173125 0.06985573272589218
0 0.118125 0.6522399392558846 0.169375 0.06529992406985573
0 0.923125 0.7053910402429765 0.084375 0.05239179954441914
0 0.2840625 0.6655277145026576 0.164375 0.058466211085801065
0 0.7965625 0.6993166287015945 0.169375 0.06454062262718299
0 0.53375 0.7247532270311313 0.163125 0.0630220197418375
0 0.38875 0.7164009111617312 0.12875 0.0630220197418375
0 0.0865625 0.6993166287015945 0.090625 0.051632498101746395
0 0.2059375 0.7091875474563402 0.171875 0.05694760820045558
0 0.704375 0.7444950645406226 0.168125 0.06226271829916477
0 0.87375 0.7577828397873956 0.165625 0.05998481397114654