0 0.693076923076923 0.13845350052246605 0.09 0.06478578892371996
0 0.7719230769230769 0.15308254963427378 0.07076923076923076 0.06269592476489028
0 0.325 0.15569487983281086 0.17384615384615384 0.08045977011494253
0 0.635 0.18286311389759666 0.07769230769230769 0.04911180773249739
0 0.47692307692307695 0.17189132706374086 0.07692307692307693 0.0438871473354232
0 0.713076923076923 0.18861024033437826 0.07692307692307693 0.042842215256008356
0 0.5546153846153846 0.1781609195402299 0.08153846153846153 0.042842215256008356
0 0.7892307692307692 0.19905956112852666 0.07538461538461538 0.03657262277951933
0 0.4576923076923077 0.21786833855799373 0.08615384615384615 0.06583072100313479
0 0.685 0.23563218390804597 0.17384615384615384 0.07523510971786834
0 0.5426923076923077 0.22622779519331243 0.08692307692307692 0.06687565308254964
0 0.8592307692307692 0.2507836990595611 0.16846153846153847 0.07732497387669801
0 0.36846153846153845 0.21786833855799373 0.0823076923076923 0.06583072100313479
0 0.2826923076923077 0.2168234064785789 0.08307692307692308 0.06792058516196448
0 0.10038461538461538 0.20689655172413793 0.08076923076923077 0.06374085684430512
0 0.19115384615384615 0.21525600835945663 0.08307692307692308 0.06583072100313479
0 0.6807692307692308 0.296760710553814 0.1776923076923077 0.07210031347962383
0 0.5373076923076923 0.2878787878787879 0.08692307692307692 0.06478578892371996
0 0.45076923076923076 0.2826541274817137 0.08461538461538462 0.06583072100313479
0 0.8584615384615385 0.31191222570532917 0.17384615384615384 0.07732497387669801
0 0.35807692307692307 0.2779519331243469 0.08384615384615385 0.06478578892371996
0 0.0973076923076923 0.2659352142110763 0.07615384615384616 0.06269592476489028
0 0.2296153846153846 0.27586206896551724 0.16923076923076924 0.07628004179728318
0 0.6707692307692308 0.3557993730407524 0.1753846153846154 0.07210031347962383
0 0.8603846153846154 0.3719958202716823 0.17153846153846153 0.07314524555903866
0 0.4542307692307692 0.3432601880877743 0.09384615384615384 0.06792058516196448
0 0.541923076923077 0.3495297805642633 0.08538461538461538 0.06792058516196448
0 0.3569230769230769 0.3380355276907001 0.08615384615384615 0.06374085684430512
0 0.09884615384615385 0.3281086729362591 0.08461538461538462 0.06583072100313479
0 0.22653846153846155 0.3375130616509927 0.16923076923076924 0.0741901776384535
0 0.7173076923076923 0.41901776384535006 0.08538461538461538 0.06792058516196448
0 0.9046153846153846 0.4336468129571578 0.0876923076923077 0.06687565308254964
0 0.6311538461538462 0.416405433646813 0.08538461538461538 0.06583072100313479
0 0.803076923076923 0.428944618599791 0.08692307692307692 0.06896551724137931
0 0.3953846153846154 0.400208986415883 0.1753846153846154 0.0741901776384535
0 0.5319230769230769 0.4117032392894462 0.08538461538461538 0.06478578892371996
0 0.08653846153846154 0.38610240334378265 0.08307692307692308 0.06374085684430512
0 0.2676923076923077 0.3996865203761755 0.08076923076923077 0.06374085684430512
0 0.17807692307692308 0.39759665621734586 0.08538461538461538 0.06583072100313479
0 0.8996153846153846 0.49634273772204807 0.08461538461538462 0.06583072100313479
0 0.6173076923076923 0.47648902821316613 0.08538461538461538 0.06374085684430512
0 0.7 0.48223615464994773 0.07769230769230769 0.06269592476489028
0 0.7992307692307692 0.49007314524555906 0.08692307692307692 0.06583072100313479
0 0.5338461538461539 0.4728317659352142 0.08615384615384615 0.06896551724137931
0 0.40076923076923077 0.46394984326018807 0.17615384615384616 0.07523510971786834
0 0.08653846153846154 0.44670846394984326 0.08461538461538462 0.06478578892371996
0 0.26692307692307693 0.4608150470219436 0.08307692307692308 0.06687565308254964
0 0.17346153846153847 0.45768025078369906 0.08846153846153847 0.06687565308254964
0 0.7073076923076923 0.542319749216301 0.08538461538461538 0.06687565308254964
0 0.7942307692307692 0.5501567398119123 0.08538461538461538 0.06583072100313479
0 0.6211538461538462 0.5386624869383491 0.08538461538461538 0.06687565308254964
0 0.8915384615384615 0.5585161964472309 0.08538461538461538 0.06478578892371996
0 0.39384615384615385 0.5250783699059561 0.17615384615384616 0.07314524555903866
0 0.5319230769230769 0.5355276907001045 0.08846153846153847 0.06792058516196448
0 0.07115384615384615 0.5052246603970741 0.08076923076923077 0.06269592476489028
0 0.1503846153846154 0.5141065830721003 0.07384615384615385 0.06165099268547544
0 0.25461538461538463 0.5219435736677116 0.07615384615384616 0.06374085684430512
0 0.79 0.6107628004179728 0.08615384615384615 0.06792058516196448
0 0.7053846153846154 0.6055381400208987 0.08153846153846153 0.06374085684430512
0 0.8888461538461538 0.6185997910135841 0.08692307692307692 0.06687565308254964
0 0.6207692307692307 0.6003134796238244 0.08615384615384615 0.06687565308254964
0 0.435 0.5877742946708464 0.08615384615384615 0.06269592476489028
0 0.5338461538461539 0.5956112852664577 0.08692307692307692 0.06583072100313479
0 0.3496153846153846 0.5830721003134797 0.08538461538461538 0.06478578892371996
0 0.06884615384615385 0.5653082549634274 0.08076923076923077 0.06478578892371996
0 0.2603846153846154 0.5794148380355277 0.07692307692307693 0.06374085684430512
0 0.15576923076923077 0.5736677115987461 0.07769230769230769 0.06165099268547544
0 0.811923076923077 0.6734587251828631 0.08461538461538462 0.06896551724137931
0 0.7076923076923077 0.6661442006269592 0.08615384615384615 0.06478578892371996
0 0.8976923076923077 0.6797283176593522 0.08461538461538462 0.06687565308254964
0 0.4338461538461538 0.6473354231974922 0.08615384615384615 0.06687565308254964
0 0.6192307692307693 0.6624869383490073 0.08461538461538462 0.06792058516196448
0 0.34384615384615386 0.6431556948798328 0.08538461538461538 0.06269592476489028
0 0.5330769230769231 0.6567398119122257 0.08538461538461538 0.06792058516196448
0 0.06192307692307692 0.6248693834900731 0.08076923076923077 0.06478578892371996
0 0.15653846153846154 0.632183908045977 0.08 0.06374085684430512
0 0.26076923076923075 0.6400208986415883 0.08307692307692308 0.06374085684430512
0 0.8930769230769231 0.7387669801462905 0.07538461538461538 0.06060606060606061
0 0.3476923076923077 0.7001044932079414 0.08076923076923077 0.06478578892371996
0 0.8103846153846154 0.7340647857889238 0.0823076923076923 0.06687565308254964
0 0.43115384615384617 0.7079414838035528 0.08461538461538462 0.06687565308254964
0 0.703076923076923 0.7293625914315569 0.08615384615384615 0.06583072100313479
0 0.15269230769230768 0.6901776384535006 0.07615384615384616 0.06269592476489028
0 0.5319230769230769 0.7183908045977011 0.08384615384615385 0.06583072100313479
0 0.265 0.700626959247649 0.08307692307692308 0.06374085684430512
0 0.6180769230769231 0.7262277951933125 0.08538461538461538 0.06583072100313479
0 0.06692307692307692 0.687042842215256 0.08307692307692308 0.06374085684430512