0 0.8146153846153846 0.10093896713615023 0.05153846153846154 0.12300469483568074
0 0.7646153846153846 0.10140845070422536 0.05153846153846154 0.12018779342723004
0 0.14307692307692307 0.1892018779342723 0.05384615384615385 0.11173708920187793
0 0.19692307692307692 0.19295774647887323 0.05384615384615385 0.11924882629107982
0 0.09038461538461538 0.19107981220657277 0.05307692307692308 0.11924882629107982
0 0.6046153846153847 0.20328638497652582 0.055384615384615386 0.10328638497652583
0 0.7073076923076923 0.20751173708920187 0.05076923076923077 0.107981220657277
0 0.5538461538461539 0.2056338028169014 0.05076923076923077 0.1136150234741784
0 0.8065384615384615 0.2112676056338028 0.05076923076923077 0.10140845070422536
0 0.04 0.19530516431924883 0.05384615384615385 0.11924882629107982
0 0.7565384615384615 0.2107981220657277 0.04923076923076923 0.10516431924882629
0 0.6553846153846153 0.20985915492957746 0.04923076923076923 0.1107981220657277
0 0.5030769230769231 0.20704225352112676 0.05307692307692308 0.12206572769953052
0 0.8576923076923076 0.21502347417840376 0.05076923076923077 0.10422535211267606
0 0.4511538461538461 0.20751173708920187 0.05153846153846154 0.12112676056338029
0 0.35115384615384615 0.2056338028169014 0.05153846153846154 0.11643192488262911
0 0.40115384615384614 0.20892018779342722 0.04846153846153846 0.11830985915492957
0 0.9607692307692308 0.2220657276995305 0.052307692307692305 0.1267605633802817
0 0.3 0.207981220657277 0.052307692307692305 0.12206572769953052
0 0.9096153846153846 0.2220657276995305 0.05384615384615385 0.12394366197183099
0 0.24884615384615386 0.2084507042253521 0.05153846153846154 0.12206572769953052
0 0.6038461538461538 0.32629107981220656 0.07153846153846154 0.14929577464788732
0 0.7257692307692307 0.33098591549295775 0.06615384615384616 0.14835680751173708
0 0.796923076923077 0.33474178403755867 0.06769230769230769 0.15211267605633802
0 0.5423076923076923 0.33380281690140845 0.06923076923076923 0.14460093896713616
0 0.666923076923077 0.33661971830985915 0.06846153846153846 0.15023474178403756
0 0.8907692307692308 0.3427230046948357 0.06615384615384616 0.14741784037558686
0 0.9596153846153846 0.3483568075117371 0.05615384615384615 0.12394366197183099
0 0.36 0.3370892018779343 0.07615384615384616 0.15586854460093896
0 0.4207692307692308 0.34131455399061034 0.07384615384615385 0.15586854460093896
0 0.48115384615384615 0.34413145539906104 0.07 0.15492957746478872
0 0.024615384615384615 0.33849765258215964 0.04692307692307692 0.15211267605633802
0 0.09307692307692307 0.3408450704225352 0.06384615384615384 0.15305164319248826
0 0.15692307692307692 0.3455399061032864 0.06615384615384616 0.14835680751173708
0 0.25384615384615383 0.37183098591549296 0.12 0.07605633802816901
0 0.9761538461538461 0.4694835680751174 0.047692307692307694 0.11830985915492957
0 0.9284615384615384 0.4699530516431925 0.052307692307692305 0.11643192488262911
0 0.5930769230769231 0.4784037558685446 0.06615384615384616 0.15023474178403756
0 0.7273076923076923 0.4821596244131455 0.06384615384615384 0.14741784037558686
0 0.7903846153846154 0.4859154929577465 0.06230769230769231 0.14553990610328638
0 0.8553846153846154 0.4887323943661972 0.06692307692307692 0.14835680751173708
0 0.6592307692307692 0.48450704225352115 0.06153846153846154 0.14741784037558686
0 0.5288461538461539 0.4849765258215962 0.07 0.15023474178403756
0 0.2703846153846154 0.48262910798122066 0.06 0.14929577464788732
0 0.3296153846153846 0.4863849765258216 0.06307692307692307 0.15023474178403756
0 0.3930769230769231 0.4924882629107981 0.06384615384615384 0.14741784037558686
0 0.20807692307692308 0.4887323943661972 0.06615384615384616 0.14647887323943662
0 0.08461538461538462 0.4892018779342723 0.06461538461538462 0.14178403755868543
0 0.027692307692307693 0.4887323943661972 0.055384615384615386 0.14553990610328638
0 0.455 0.49859154929577465 0.07538461538461538 0.15586854460093896
0 0.14423076923076922 0.49389671361502346 0.06538461538461539 0.13896713615023473
0 0.9784615384615385 0.5929577464788732 0.04153846153846154 0.12206572769953052
0 0.71 0.6309859154929578 0.06461538461538462 0.14741784037558686
0 0.5842307692307692 0.6295774647887324 0.06923076923076923 0.15023474178403756
0 0.6496153846153846 0.631924882629108 0.06461538461538462 0.14553990610328638
0 0.7761538461538462 0.6352112676056338 0.06384615384615384 0.14835680751173708
0 0.8334615384615385 0.6380281690140845 0.06230769230769231 0.14835680751173708
0 0.9084615384615384 0.64037558685446 0.06538461538461539 0.14460093896713616
0 0.5211538461538462 0.6366197183098592 0.07307692307692308 0.15211267605633802
0 0.26692307692307693 0.631924882629108 0.06153846153846154 0.14741784037558686
0 0.33615384615384614 0.6342723004694836 0.06538461538461539 0.14647887323943662
0 0.20961538461538462 0.6328638497652582 0.06384615384615384 0.14272300469483568
0 0.3973076923076923 0.639906103286385 0.06846153846153846 0.14553990610328638
0 0.1453846153846154 0.636150234741784 0.06153846153846154 0.14178403755868543
0 0.08423076923076923 0.6366197183098592 0.06538461538461539 0.13896713615023473
0 0.023076923076923078 0.639906103286385 0.046153846153846156 0.13990610328638498
0 0.10076923076923076 0.06619718309859154 0.05384615384615385 0.12488262910798122
0 0.04923076923076923 0.06619718309859154 0.05384615384615385 0.12394366197183099
0 0.5857692307692308 0.7784037558685446 0.06 0.14835680751173708
0 0.676923076923077 0.780281690140845 0.06923076923076923 0.1511737089201878
0 0.7446153846153846 0.7816901408450704 0.06307692307692307 0.14460093896713616
0 0.8123076923076923 0.7845070422535211 0.07 0.15211267605633802
0 0.8746153846153846 0.7868544600938967 0.06230769230769231 0.14835680751173708
0 0.15269230769230768 0.07042253521126761 0.05153846153846154 0.12488262910798122
0 0.9796153846153847 0.7915492957746478 0.03461538461538462 0.14366197183098592
0 0.465 0.7830985915492957 0.06 0.14647887323943662
0 0.28192307692307694 0.7793427230046949 0.06230769230769231 0.14084507042253522
0 0.9326923076923077 0.7934272300469484 0.07153846153846154 0.1511737089201878
0 0.34192307692307694 0.7821596244131456 0.06307692307692307 0.14366197183098592
0 0.5242307692307693 0.7863849765258216 0.05923076923076923 0.14647887323943662
0 0.16076923076923078 0.7807511737089202 0.06692307692307692 0.14460093896713616
0 0.1 0.77981220657277 0.06923076923076923 0.13802816901408452
0 0.205 0.07276995305164319 0.05307692307692308 0.12394366197183099
0 0.4026923076923077 0.787793427230047 0.06307692307692307 0.14178403755868543
0 0.22230769230769232 0.784037558685446 0.06692307692307692 0.14272300469483568
0 0.032692307692307694 0.7830985915492957 0.06538461538461539 0.14460093896713616
0 0.5053846153846154 0.08544600938967137 0.054615384615384614 0.12112676056338029
0 0.5603846153846154 0.08732394366197183 0.05307692307692308 0.11924882629107982
0 0.713076923076923 0.09061032863849765 0.05307692307692308 0.12863849765258217
0 0.4546153846153846 0.0863849765258216 0.05307692307692308 0.12018779342723004
0 0.9476923076923077 0.09765258215962441 0.05384615384615385 0.12112676056338029
0 0.3553846153846154 0.08544600938967137 0.05076923076923077 0.12206572769953052
0 0.6130769230769231 0.09154929577464789 0.05076923076923077 0.11830985915492957
0 0.3073076923076923 0.08591549295774648 0.052307692307692305 0.12112676056338029
0 0.6626923076923077 0.09342723004694836 0.05153846153846154 0.12394366197183099
0 0.9896153846153846 0.1 0.02076923076923077 0.12488262910798122
0 0.8703846153846154 0.10046948356807511 0.05846153846153846 0.12488262910798122
0 0.25576923076923075 0.08732394366197183 0.05615384615384615 0.12394366197183099
0 0.40384615384615385 0.09014084507042254 0.05153846153846154 0.11924882629107982