0 0.18692307692307691 0.09566787003610108 0.3330769230769231 0.1552346570397112
0 0.455 0.11958483754512636 0.18384615384615385 0.13176895306859207
0 0.6534615384615384 0.1394404332129964 0.19 0.12815884476534295
0 0.8376923076923077 0.1565884476534296 0.18153846153846154 0.13086642599277978
0 0.08576923076923076 0.20577617328519857 0.14384615384615385 0.12906137184115524
0 0.6423076923076924 0.25315884476534295 0.18615384615384614 0.1371841155234657
0 0.4542307692307692 0.24142599277978338 0.19230769230769232 0.13176895306859207
0 0.8657692307692307 0.27617328519855594 0.2684615384615385 0.1371841155234657
0 0.25384615384615383 0.2319494584837545 0.1976923076923077 0.13086642599277978
0 0.2826923076923077 0.02707581227436823 0.19 0.05415162454873646
0 0.565 0.04332129963898917 0.37615384615384617 0.08664259927797834
0 0.8496153846153847 0.0631768953068592 0.1753846153846154 0.08212996389891697
0 0.08692307692307692 0.3240072202166065 0.15923076923076923 0.12545126353790614
0 0.7403846153846154 0.38402527075812276 0.3776923076923077 0.14981949458483754
0 0.2611538461538462 0.3456678700361011 0.1946153846153846 0.13808664259927797
0 0.46076923076923076 0.36462093862815886 0.19230769230769232 0.13447653429602888
0 0.8692307692307693 0.5085740072202166 0.26153846153846155 0.13267148014440433
0 0.17307692307692307 0.45442238267148016 0.34615384615384615 0.15974729241877256
0 0.5326923076923077 0.48601083032490977 0.3769230769230769 0.14891696750902528
0 0.8634615384615385 0.6222924187725631 0.26692307692307693 0.14350180505415164
0 0.085 0.5649819494584838 0.17 0.11913357400722022
0 0.6326923076923077 0.6105595667870036 0.18153846153846154 0.12454873646209386
0 0.45269230769230767 0.5965703971119134 0.18461538461538463 0.12815884476534295
0 0.26615384615384613 0.5834837545126353 0.18692307692307691 0.12274368231046931
0 0.8588461538461538 0.7405234657039711 0.26153846153846155 0.13176895306859207
0 0.16923076923076924 0.6850180505415162 0.3384615384615385 0.14981949458483754
0 0.5361538461538462 0.7188628158844765 0.38384615384615384 0.14981949458483754
0 0.82 0.851985559566787 0.18307692307692308 0.12545126353790614
0 0.06923076923076923 0.7897111913357401 0.13846153846153847 0.12815884476534295
0 0.6380769230769231 0.842057761732852 0.18769230769230769 0.13176895306859207
0 0.4480769230769231 0.8294223826714802 0.18461538461538463 0.12454873646209386
0 0.255 0.8176895306859205 0.1823076923076923 0.1272563176895307