0 0.3824451410658307 0.7703846153846153 0.1922675026123302 0.07846153846153846
0 0.589864158829676 0.7734615384615384 0.19122257053291536 0.08076923076923077
0 0.7852664576802508 0.7757692307692308 0.1891327063740857 0.07846153846153846
0 0.17711598746081506 0.7819230769230769 0.19540229885057472 0.0823076923076923
0 0.5768025078369906 0.8503846153846154 0.1922675026123302 0.07692307692307693
0 0.7936259143155695 0.8515384615384616 0.17972831765935215 0.07846153846153846
0 0.3761755485893417 0.855 0.1922675026123302 0.09
0 0.1698014629049112 0.8580769230769231 0.19644723092998956 0.07230769230769231
0 0.3510971786833856 0.9311538461538461 0.19540229885057472 0.07307692307692308
0 0.589864158829676 0.9323076923076923 0.18808777429467086 0.07615384615384616
0 0.7910135841170324 0.933076923076923 0.18495297805642633 0.07461538461538461
0 0.14733542319749215 0.935 0.20376175548589343 0.07384615384615385
0 0.17659352142110762 0.12076923076923077 0.20167189132706373 0.08923076923076922
0 0.3819226750261233 0.12461538461538461 0.19331243469174503 0.08461538461538462
0 0.5825496342737722 0.13192307692307692 0.19331243469174503 0.08846153846153847
0 0.7863113897596656 0.14153846153846153 0.18704284221525602 0.07615384615384616
0 0.20219435736677116 0.20115384615384616 0.1974921630094044 0.0876923076923077
0 0.4158829676071055 0.20307692307692307 0.1922675026123302 0.07769230769230769
0 0.6206896551724138 0.21653846153846154 0.1974921630094044 0.08
0 0.7800417972831766 0.22538461538461538 0.12539184952978055 0.07846153846153846
0 0.390282131661442 0.2815384615384615 0.1891327063740857 0.08
0 0.1812957157784744 0.2923076923076923 0.2089864158829676 0.07769230769230769
0 0.6029258098223615 0.2946153846153846 0.2027168234064786 0.08846153846153847
0 0.7894461859979102 0.30038461538461536 0.17763845350052246 0.07692307692307693
0 0.3934169278996865 0.3626923076923077 0.19540229885057472 0.08384615384615385
0 0.5992685475444096 0.37384615384615383 0.19853709508881923 0.07769230769230769
0 0.19070010449320793 0.37384615384615383 0.19540229885057472 0.07846153846153846
0 0.799373040752351 0.37653846153846154 0.19331243469174503 0.08307692307692308
0 0.1812957157784744 0.039615384615384615 0.1786833855799373 0.07923076923076923
0 0.39759665621734586 0.4423076923076923 0.2027168234064786 0.08307692307692308
0 0.7988505747126436 0.4530769230769231 0.1891327063740857 0.07846153846153846
0 0.6060606060606061 0.45692307692307693 0.2006269592476489 0.08076923076923077
0 0.18286311389759666 0.46076923076923076 0.19958202716823406 0.08307692307692308
0 0.3996865203761755 0.04692307692307692 0.18704284221525602 0.08846153846153847
0 0.603448275862069 0.04923076923076923 0.19331243469174503 0.08923076923076922
0 0.3939393939393939 0.5246153846153846 0.20689655172413793 0.0876923076923077
0 0.7941483803552769 0.5330769230769231 0.18704284221525602 0.08076923076923077
0 0.5987460815047022 0.5361538461538462 0.19853709508881923 0.08
0 0.18234064785788923 0.5430769230769231 0.19958202716823406 0.0823076923076923
0 0.3834900731452456 0.6065384615384616 0.20376175548589343 0.08153846153846153
0 0.7852664576802508 0.6111538461538462 0.19122257053291536 0.07923076923076923
0 0.5909090909090909 0.6180769230769231 0.20167189132706373 0.07846153846153846
0 0.17972831765935215 0.6207692307692307 0.19435736677115986 0.07846153846153846
0 0.38035527690700105 0.693076923076923 0.19435736677115986 0.08
0 0.7727272727272727 0.6942307692307692 0.18599791013584116 0.07461538461538461
0 0.5778474399164054 0.6984615384615385 0.19122257053291536 0.07461538461538461
0 0.1729362591431557 0.7007692307692308 0.1974921630094044 0.07923076923076923
0 0.7910135841170324 0.07153846153846154 0.19017763845350052 0.07615384615384616