0 0.9184375 0.8464532871972318 0.080625 0.06314878892733564
0 0.6025 0.8754325259515571 0.170625 0.08823529411764706
0 0.469375 0.8858131487889274 0.079375 0.05709342560553633
0 0.9859375 0.8494809688581315 0.028125 0.06228373702422145
0 0.343125 0.8996539792387543 0.16625 0.06920415224913495
0 0.7884375 0.8685121107266436 0.174375 0.07785467128027682
0 0.173125 0.916955017301038 0.16875 0.06660899653979238
0 0.04875 0.9282006920415224 0.068125 0.056228373702422146
0 0.3965625 0.1647923875432526 0.06 0.05103806228373702
0 0.3725 0.22145328719723184 0.12 0.06401384083044982
0 0.7409375 0.21626297577854672 0.129375 0.056228373702422146
0 0.4009375 0.26513840830449825 0.060625 0.05363321799307959
0 0.5365625 0.29195501730103807 0.040625 0.0986159169550173
0 0.4996875 0.2958477508650519 0.039375 0.09948096885813149
0 0.7978125 0.2742214532871972 0.03375 0.08650519031141868
0 0.696875 0.2858996539792388 0.035 0.09083044982698962
0 0.3825 0.3157439446366782 0.116875 0.056228373702422146
0 0.098125 0.38711072664359863 0.105 0.056228373702422146
0 0.228125 0.37759515570934254 0.16 0.06401384083044982
0 0.4115625 0.36548442906574397 0.14875 0.06055363321799308
0 0.608125 0.36591695501730104 0.078125 0.056228373702422146
0 0.52875 0.37240484429065746 0.08 0.05709342560553633
0 0.8840625 0.35813148788927335 0.07875 0.05968858131487889
0 0.96 0.35250865051903113 0.071875 0.05968858131487889
0 0.7475 0.37153979238754326 0.173125 0.08650519031141868
0 0.22125 0.4407439446366782 0.17125 0.06833910034602077
0 0.0678125 0.45198961937716264 0.135625 0.06660899653979238
0 0.3921875 0.4290657439446367 0.175 0.07006920415224914
0 0.5778125 0.4346885813148789 0.175625 0.07006920415224914
0 0.9609375 0.4134948096885813 0.074375 0.06401384083044982
0 0.884375 0.41998269896193774 0.08 0.061418685121107264
0 0.7496875 0.4338235294117647 0.17 0.08044982698961937
0 0.154375 0.5034602076124568 0.15875 0.0657439446366782
0 0.0321875 0.5147058823529411 0.064375 0.058823529411764705
0 0.446875 0.4857266435986159 0.081875 0.05795847750865052
0 0.319375 0.495242214532872 0.17375 0.0657439446366782
0 0.5359375 0.4991349480968858 0.085625 0.06401384083044982
0 0.62 0.4930795847750865 0.0825 0.06314878892733564
0 0.9646875 0.47231833910034604 0.070625 0.06055363321799308
0 0.8875 0.481401384083045 0.081875 0.06314878892733564
0 0.708125 0.49653979238754326 0.08625 0.06660899653979238
0 0.7996875 0.4982698961937716 0.081875 0.0657439446366782
0 0.0746875 0.5709342560553633 0.146875 0.06487889273356401
0 0.23375 0.5614186851211073 0.174375 0.06833910034602077
0 0.4075 0.5493079584775087 0.175 0.07093425605536333
0 0.53875 0.5588235294117647 0.085 0.06055363321799308
0 0.6234375 0.5540657439446367 0.084375 0.06055363321799308
0 0.9184375 0.5358996539792388 0.163125 0.07179930795847751
0 0.7153125 0.5549307958477508 0.08625 0.06401384083044982
0 0.7965625 0.5544982698961938 0.083125 0.06401384083044982
0 0.1625 0.6211072664359861 0.160625 0.061418685121107264
0 0.03875 0.6336505190311419 0.070625 0.058823529411764705
0 0.32625 0.6137543252595156 0.17 0.06747404844290658
0 0.4546875 0.6094290657439446 0.08625 0.06055363321799308
0 0.5859375 0.6085640138408305 0.165 0.06055363321799308
0 0.7546875 0.6055363321799307 0.16 0.06487889273356401
0 0.928125 0.597318339100346 0.14375 0.06660899653979238
0 0.0859375 0.6872837370242214 0.16 0.06660899653979238
0 0.420625 0.6639273356401384 0.17 0.07006920415224914
0 0.250625 0.6790657439446367 0.170625 0.06833910034602077
0 0.59125 0.66219723183391 0.166875 0.0657439446366782
0 0.759375 0.6583044982698962 0.161875 0.07179930795847751
0 0.930625 0.6583044982698962 0.13875 0.06747404844290658
0 0.4253125 0.721885813148789 0.17 0.07093425605536333
0 0.0896875 0.7474048442906575 0.1625 0.06660899653979238
0 0.255625 0.7365916955017301 0.170625 0.06660899653979238
0 0.9309375 0.7188581314878892 0.138125 0.06747404844290658
0 0.643125 0.7413494809688581 0.08625 0.06314878892733564
0 0.555 0.7517301038062284 0.08625 0.06228373702422145
0 0.73375 0.7474048442906575 0.08625 0.06314878892733564
0 0.8165625 0.7430795847750865 0.08375 0.061418685121107264
0 0.46625 0.7755190311418685 0.08125 0.061418685121107264
0 0.3421875 0.7867647058823529 0.16625 0.0657439446366782
0 0.171875 0.8023356401384083 0.17125 0.06660899653979238
0 0.04625 0.8131487889273357 0.07125 0.058823529411764705
0 0.6490625 0.8049307958477508 0.08375 0.05968858131487889
0 0.9090625 0.7867647058823529 0.085 0.06401384083044982
0 0.9771875 0.7820069204152249 0.045625 0.06055363321799308
0 0.5628125 0.8127162629757786 0.086875 0.061418685121107264
0 0.8228125 0.8044982698961938 0.08125 0.06055363321799308
0 0.4359375 0.8334775086505191 0.163125 0.06833910034602077
0 0.7434375 0.8114186851211073 0.08375 0.061418685121107264
0 0.2690625 0.8503460207612457 0.1675 0.06747404844290658
0 0.09625 0.865916955017301 0.1675 0.06487889273356401