0 0.04806153846153847 0.12211297071129706 0.09353076923076924 0.13535564853556487
0 0.8183538461538461 0.12984309623430962 0.24058461538461529 0.1552196652719665
0 0.20652307692307695 0.13057531380753137 0.18973846153846152 0.1360878661087866
0 0.5976230769230769 0.1508054393305439 0.19076923076923077 0.14418410041841
0 0.4045384615384615 0.1559518828451883 0.18219999999999997 0.13976987447698747
0 0.860123076923077 0.2725313807531381 0.27975384615384613 0.1640167364016737
0 0.15539999999999998 0.27365062761506276 0.3103692307692308 0.15447698744769878
0 0.5121461538461538 0.2894665271966527 0.3974153846153845 0.14786610878661088
0 0.05373846153846154 0.4027510460251046 0.10705384615384614 0.13756276150627614
0 0.8113384615384616 0.407907949790795 0.1875923076923076 0.15963389121338914
0 0.22680769230769232 0.4196757322175732 0.1599846153846154 0.13462343096234303
0 0.6049230769230769 0.4240899581589958 0.18373846153846146 0.13462343096234303
0 0.40805384615384616 0.43401673640167365 0.1946384615384615 0.14418410041841007
0 0.596 0.04414225941422594 0.21456923076923082 0.08533472803347282
0 0.39940000000000003 0.045240585774058574 0.1827461538461538 0.09048117154811715
0 0.8452461538461538 0.5579707112970711 0.30950769230769243 0.1640481171548117
0 0.15486153846153847 0.5657008368200837 0.3082076923076923 0.1544769874476988
0 0.4997076923076923 0.567907949790795 0.3530692307692308 0.163305439330544
0 0.7675230769230769 0.6892782426778243 0.1421692307692308 0.1294665271966527
0 0.06212307692307693 0.6970083682008369 0.12165384615384615 0.14786610878661077
0 0.9518153846153845 0.7062029288702929 0.09636923076923093 0.1265271966527197
0 0.6127692307692307 0.7098744769874477 0.1550692307692307 0.1515376569037658
0 0.4340076923076923 0.7220188284518828 0.19137692307692306 0.1493305439330544
0 0.2625153846153846 0.7400418410041841 0.1329307692307692 0.14565899581589958
0 0.8539 0.8301569037656904 0.29220000000000007 0.14786610878661077
0 0.5034923076923077 0.8360355648535565 0.4082307692307693 0.13903765690376577
0 0.14945384615384616 0.840826359832636 0.2974 0.1265271966527197