0 0.3516230769230769 0.2004493207941484 0.10641538461538459 0.2703030303030303
0 0.4523153846153846 0.20128526645768025 0.09967692307692302 0.2785684430512016
0 0.6622076923076923 0.2095506792058516 0.10202307692307683 0.2802194357366771
0 0.9632000000000001 0.21078369905956115 0.07359230769230775 0.27609195402298853
0 0.7708615384615385 0.217816091954023 0.11366153846153845 0.27030303030303027
0 0.5566538461538462 0.21904911180773248 0.1075461538461538 0.27112852664576803
0 0.8724615384615385 0.22236154649947754 0.10023076923076937 0.27112852664576803
0 0.046630769230769226 0.22815047021943574 0.09326153846153845 0.2612121212121212
0 0.24721538461538461 0.2306269592476489 0.11423076923076923 0.27444096133751306
0 0.14683076923076924 0.23103448275862068 0.11670769230769233 0.26700104493207943
0 0.4298 0.4769592476489028 0.10212307692307691 0.2678265412748172
0 0.648823076923077 0.48067920585161966 0.09960000000000001 0.2603866248693835
0 0.544176923076923 0.4910135841170324 0.10329230769230767 0.27609195402298853
0 0.7529153846153845 0.4922466039707419 0.10819230769230777 0.27030303030303027
0 0.33063846153846155 0.49266457680250786 0.09851538461538466 0.26121212121212123
0 0.23475384615384615 0.49389759665621735 0.08686923076923075 0.25045977011494247
0 0.13010769230769229 0.4947335423197492 0.1100307692307692 0.2603866248693834
0 0.8618153846153845 0.498453500522466 0.10936153846153852 0.27112852664576803
0 0.9543769230769231 0.49886102403343785 0.09124615384615377 0.25045977011494247
0 0.035199999999999995 0.49968652037617556 0.0687 0.27030303030303027
0 0.6391307692307693 0.744367816091954 0.09846923076923077 0.27195402298850574
0 0.22806153846153848 0.7451933124346917 0.09903846153846153 0.24880877742946697
0 0.4397769230769231 0.7456112852664576 0.1050384615384615 0.26451410658307195
0 0.3354384615384615 0.750564263322884 0.09108461538461536 0.2529467084639498
0 0.12128461538461538 0.7559352142110762 0.10577692307692307 0.2670010449320794
0 0.5451307692307692 0.7575966562173458 0.09181538461538453 0.2603866248693835
0 0.9501153846153847 0.7580041797283176 0.0997615384615385 0.25956112852664587
0 0.040069230769230774 0.7613166144200627 0.07843076923076922 0.2628631138975966
0 0.7434692307692308 0.7633751306165099 0.1099846153846154 0.2670010449320794
0 0.8481307692307691 0.7637931034482759 0.10997692307692292 0.2578996865203761