0 0.9707692307692307 0.25705329153605017 0.05846153846153846 0.18599791013584116
0 0.8123999999999999 0.261337513061651 0.08126923076923084 0.18551724137931036
0 0.8984000000000001 0.26222570532915357 0.07466923076923089 0.1855172413793103
0 0.6299538461538462 0.26286311389759665 0.27363076923076923 0.18516196447230926
0 0.36414615384615384 0.27360501567398116 0.0774692307692308 0.1834169278996865
0 0.44711538461538464 0.27360501567398116 0.08586923076923085 0.18495297805642633
0 0.11961538461538461 0.27481713688610243 0.23923076923076922 0.18808777429467086
0 0.2837076923076923 0.27741901776384537 0.07975384615384612 0.18647857889237204
0 0.8671692307692307 0.44596656217345876 0.26566153846153856 0.18195402298850574
0 0.6059461538461539 0.44844305120167194 0.07591538461538466 0.1826854754440962
0 0.6868615384615384 0.4492685475444096 0.08317692307692298 0.18763845350052252
0 0.5238153846153847 0.4533960292580982 0.07716153846153842 0.18598746081504702
0 0.3479076923076923 0.4587669801462905 0.26815384615384613 0.18019853709508873
0 0.16206923076923077 0.4604284221525601 0.08145384615384614 0.18516196447230934
0 0.07597692307692308 0.4604284221525601 0.08331538461538462 0.18351097178683393
0 0.6156769230769231 0.6307105538140021 0.27183846153846164 0.18516196447230934
0 0.8803923076923077 0.6356635318704285 0.07593076923076926 0.1884639498432601
0 0.961376923076923 0.6356635318704285 0.07724615384615391 0.19012539184952984
0 0.8031307692307692 0.6360815047021944 0.07353076923076926 0.18598746081504702
0 0.4303538461538462 0.6426959247648902 0.0752461538461538 0.18598746081504702
0 0.35066153846153847 0.643521421107628 0.0801461538461539 0.18598746081504702
0 0.11246153846153845 0.6459979101358412 0.22321538461538457 0.18598746081504702
0 0.26883076923076926 0.6468234064785788 0.07591538461538466 0.18433646812957166
0 0.5575923076923077 0.8146290491118078 0.07656923076923074 0.17772204806687558
0 0.8746153846153846 0.08098223615464994 0.25076923076923074 0.1619644723092999
0 0.7017461538461538 0.0825078369905956 0.08583076923076917 0.16500522466039708
0 0.6415538461538461 0.8154545454545454 0.07531538461538467 0.1793730407523512
0 0.7242923076923077 0.817105538140021 0.07650000000000004 0.17607105538140022
0 0.8816615384615385 0.8175235109717869 0.23667692307692303 0.17358411703239301
0 0.3771 0.8212434691745036 0.2754230769230769 0.1661546499477534
0 0.2016 0.8224869383490073 0.07533846153846152 0.16531870428422157
0 0.03763846153846154 0.822894461859979 0.07479999999999999 0.1644932079414839
0 0.11855384615384616 0.8237199582027168 0.07963076923076921 0.16284221525600828
0 0.5359923076923077 0.08428422152560083 0.07605384615384607 0.1650052246603971
0 0.6147692307692308 0.08518286311389758 0.08126923076923084 0.16679205851619644
0 0.03216923076923076 0.08903866248693834 0.06433076923076923 0.17806687565308255
0 0.0980846153846154 0.08941483803552769 0.07757692307692307 0.17882967607105538
0 0.17767692307692307 0.08941483803552769 0.08148461538461539 0.17882967607105538
0 0.3565384615384615 0.08986415882967608 0.27615384615384614 0.17972831765935215