0 0.8281086729362591 0.08 0.15464994775339602 0.08846153846153847
0 0.11285266457680251 0.08 0.06792058516196448 0.08461538461538462
0 0.1839080459770115 0.08076923076923077 0.06896551724137931 0.08692307692307692
0 0.5736677115987461 0.08076923076923077 0.06792058516196448 0.08538461538461538
0 0.4148380355276907 0.08115384615384616 0.2476489028213166 0.08923076923076922
0 0.6415882967607106 0.08115384615384616 0.06896551724137931 0.08692307692307692
0 0.7110762800417972 0.08192307692307692 0.06896551724137931 0.0876923076923077
0 0.03918495297805643 0.0823076923076923 0.07628004179728318 0.09230769230769231
0 0.2549634273772205 0.08269230769230769 0.06896551724137931 0.08692307692307692
0 0.03082549634273772 0.833076923076923 0.06165099268547544 0.0823076923076923
0 0.46551724137931033 0.8346153846153846 0.06269592476489028 0.08076923076923077
0 0.09561128526645768 0.835 0.06374085684430512 0.08076923076923077
0 0.5308254963427377 0.835 0.06374085684430512 0.0823076923076923
0 0.841692789968652 0.8357692307692308 0.06478578892371996 0.07923076923076923
0 0.2476489028213166 0.8361538461538461 0.23510971786833856 0.0823076923076923
0 0.4007314524555904 0.8361538461538461 0.06374085684430512 0.08384615384615385
0 0.6886102403343782 0.8361538461538461 0.24033437826541273 0.08307692307692308
0 0.4561128526645768 0.9157692307692308 0.23406478578892373 0.08384615384615385
0 0.6718913270637409 0.9161538461538462 0.06687565308254964 0.08076923076923077
0 0.6044932079414838 0.9165384615384615 0.06269592476489028 0.07923076923076923
0 0.8411703239289446 0.916923076923077 0.12748171368861025 0.08307692307692308
0 0.7398119122257053 0.9173076923076923 0.06687565308254964 0.07923076923076923
0 0.06739811912225706 0.9176923076923077 0.13479623824451412 0.08846153846153847
0 0.23563218390804597 0.9184615384615384 0.06374085684430512 0.08538461538461538
0 0.3019853709508882 0.9196153846153846 0.06583072100313479 0.08307692307692308
0 0.16927899686520376 0.92 0.06687565308254964 0.08307692307692308
0 0.5433646812957158 0.9776923076923076 0.06583072100313479 0.04461538461538461
0 0.6954022988505747 0.9780769230769231 0.23510971786833856 0.04384615384615385
0 0.47596656217345873 0.9784615384615385 0.06269592476489028 0.043076923076923075
0 0.4096133751306165 0.9784615384615385 0.06478578892371996 0.04153846153846154
0 0.8505747126436781 0.9788461538461538 0.06583072100313479 0.04230769230769231
0 0.25705329153605017 0.9792307692307692 0.2361546499477534 0.04
0 0.03343782654127482 0.9792307692307692 0.06583072100313479 0.04153846153846154
0 0.09979101358411703 0.9807692307692307 0.06792058516196448 0.038461538461538464
0 0.2027168234064786 0.16692307692307692 0.2497387669801463 0.08923076923076922
0 0.509926854754441 0.16807692307692307 0.07105538140020899 0.0876923076923077
0 0.43625914315569486 0.16846153846153847 0.06792058516196448 0.08615384615384615
0 0.8234064785788924 0.16846153846153847 0.06896551724137931 0.0876923076923077
0 0.36415882967607105 0.16884615384615384 0.06583072100313479 0.08692307692307692
0 0.8824451410658307 0.16923076923076924 0.04493207941483804 0.08538461538461538
0 0.8239289446185998 0.01769230769230769 0.07105538140020899 0.03538461538461538
0 0.8834900731452455 0.01730769230769231 0.04493207941483804 0.03461538461538462
0 0.6661442006269592 0.1696153846153846 0.24346917450365727 0.08846153846153847
0 0.04336468129571578 0.17115384615384616 0.07314524555903866 0.08538461538461538
0 0.6630094043887147 0.018076923076923077 0.2476489028213166 0.036153846153846154
0 0.3568443051201672 0.018461538461538463 0.07001044932079414 0.036923076923076927
0 0.428944618599791 0.018461538461538463 0.06792058516196448 0.036923076923076927
0 0.5062695924764891 0.018461538461538463 0.06896551724137931 0.036153846153846154
0 0.03134796238244514 0.018846153846153846 0.06269592476489028 0.03769230769230769
0 0.19331243469174503 0.018846153846153846 0.25182863113897597 0.03769230769230769
0 0.11859979101358412 0.25115384615384617 0.07105538140020899 0.08461538461538462
0 0.19070010449320793 0.25384615384615383 0.06896551724137931 0.0823076923076923
0 0.58098223615465 0.2542307692307692 0.07001044932079414 0.08461538461538462
0 0.4211076280041797 0.255 0.24660397074190177 0.08615384615384615
0 0.2601880877742947 0.255 0.06896551724137931 0.08461538461538462
0 0.04179728317659352 0.2553846153846154 0.08359456635318704 0.0876923076923077
0 0.6494252873563219 0.25576923076923075 0.07105538140020899 0.08384615384615385
0 0.8307210031347962 0.25576923076923075 0.15047021943573669 0.08384615384615385
0 0.719435736677116 0.2569230769230769 0.06792058516196448 0.08461538461538462
0 0.21368861024033436 0.3392307692307692 0.2476489028213166 0.0876923076923077
0 0.8824451410658307 0.34076923076923077 0.047021943573667714 0.08461538461538462
0 0.055381400208986416 0.34076923076923077 0.06792058516196448 0.0823076923076923
0 0.5146290491118077 0.34115384615384614 0.06687565308254964 0.08538461538461538
0 0.4425287356321839 0.34115384615384614 0.06687565308254964 0.08461538461538462
0 0.37408568443051204 0.3415384615384615 0.06687565308254964 0.08538461538461538
0 0.6724137931034483 0.3415384615384615 0.24242424242424243 0.09
0 0.8254963427377221 0.34192307692307694 0.06583072100313479 0.08461538461538462
0 0.13218390804597702 0.42115384615384616 0.06792058516196448 0.0823076923076923
0 0.047021943573667714 0.42230769230769233 0.09299895506792058 0.08538461538461538
0 0.20428422152560083 0.4226923076923077 0.06896551724137931 0.0823076923076923
0 0.27377220480668757 0.4238461538461539 0.06792058516196448 0.08307692307692308
0 0.5867293625914316 0.42423076923076924 0.06792058516196448 0.08461538461538462
0 0.719435736677116 0.42538461538461536 0.06478578892371996 0.08076923076923077
0 0.42946708463949845 0.4257692307692308 0.2413793103448276 0.08461538461538462
0 0.8301985370950888 0.42615384615384616 0.15047021943573669 0.08307692307692308
0 0.6525600835945663 0.42653846153846153 0.06478578892371996 0.08153846153846153
0 0.05799373040752351 0.5061538461538462 0.07001044932079414 0.08307692307692308
0 0.2142110762800418 0.5069230769230769 0.2413793103448276 0.0876923076923077
0 0.5047021943573667 0.5076923076923077 0.06792058516196448 0.08307692307692308
0 0.4373040752351097 0.5088461538461538 0.06269592476489028 0.08076923076923077
0 0.6598746081504702 0.5092307692307693 0.24033437826541273 0.08384615384615385
0 0.812957157784744 0.5092307692307693 0.06583072100313479 0.08076923076923077
0 0.8772204806687566 0.51 0.05747126436781609 0.08076923076923077
0 0.36886102403343785 0.5103846153846154 0.06687565308254964 0.08
0 0.054336468129571575 0.5876923076923077 0.10867293625914315 0.08538461538461538
0 0.14472309299895506 0.5892307692307692 0.06896551724137931 0.07846153846153846
0 0.6572622779519331 0.5896153846153847 0.06687565308254964 0.08153846153846153
0 0.4341692789968652 0.59 0.23719958202716823 0.08307692307692308
0 0.5882967607105538 0.5903846153846154 0.06792058516196448 0.0823076923076923
0 0.21212121212121213 0.5903846153846154 0.06687565308254964 0.08153846153846153
0 0.7262277951933125 0.5907692307692308 0.06583072100313479 0.08307692307692308
0 0.8333333333333334 0.5923076923076923 0.14420062695924765 0.08
0 0.27951933124346917 0.5926923076923077 0.06583072100313479 0.07846153846153846
0 0.024555903866248695 0.6696153846153846 0.04911180773249739 0.0823076923076923
0 0.08411703239289446 0.6711538461538461 0.06792058516196448 0.0823076923076923
0 0.5271682340647857 0.6723076923076923 0.06687565308254964 0.0823076923076923
0 0.4592476489028213 0.6726923076923077 0.06374085684430512 0.0823076923076923
0 0.6802507836990596 0.6734615384615384 0.23824451410658307 0.08153846153846153
0 0.23772204806687566 0.6738461538461539 0.23719958202716823 0.08384615384615385
0 0.39080459770114945 0.6742307692307692 0.06583072100313479 0.0823076923076923
0 0.835423197492163 0.6753846153846154 0.06896551724137931 0.08153846153846153
0 0.06269592476489028 0.7519230769230769 0.12434691745036573 0.08153846153846153
0 0.4446185997910136 0.7538461538461538 0.23719958202716823 0.08153846153846153
0 0.8349007314524556 0.7557692307692307 0.1400208986415883 0.07923076923076923
0 0.1588296760710554 0.7561538461538462 0.06374085684430512 0.08153846153846153
0 0.5971786833855799 0.7561538461538462 0.06478578892371996 0.08076923076923077
0 0.2251828631138976 0.7565384615384615 0.06374085684430512 0.08307692307692308
0 0.6650992685475444 0.7565384615384615 0.06269592476489028 0.07923076923076923
0 0.7314524555903866 0.7569230769230769 0.06583072100313479 0.07846153846153846
0 0.29153605015673983 0.7569230769230769 0.06583072100313479 0.0823076923076923