0 0.3273076923076923 0.33646812957157785 0.052307692307692305 0.0522466039707419
0 0.38 0.3406478578892372 0.05153846153846154 0.051201671891327065
0 0.4307692307692308 0.34796238244514105 0.052307692307692305 0.0522466039707419
0 0.48307692307692307 0.3505747126436782 0.05307692307692308 0.050156739811912224
0 0.536923076923077 0.35370950888192265 0.05307692307692308 0.051201671891327065
0 0.59 0.3573667711598746 0.052307692307692305 0.050156739811912224
0 0.6423076923076924 0.3605015673981191 0.05153846153846154 0.051201671891327065
0 0.3273076923076923 0.38610240334378265 0.05307692307692308 0.0522466039707419
0 0.3792307692307692 0.390282131661442 0.05153846153846154 0.04806687565308255
0 0.6842307692307692 0.4070010449320794 0.036923076923076927 0.047021943573667714
0 0.48307692307692307 0.3996865203761755 0.05307692307692308 0.04911180773249739
0 0.4307692307692308 0.39707419017763845 0.05153846153846154 0.04806687565308255
0 0.5353846153846153 0.4043887147335423 0.05153846153846154 0.050156739811912224
0 0.5873076923076923 0.406478578892372 0.052307692307692305 0.04806687565308255
0 0.6419230769230769 0.4106583072100313 0.054615384615384614 0.0522466039707419
0 0.3219230769230769 0.4336468129571578 0.05307692307692308 0.051201671891327065
0 0.37538461538461537 0.43834900731452453 0.052307692307692305 0.050156739811912224
0 0.6846153846153846 0.4540229885057471 0.038461538461538464 0.04493207941483804
0 0.42923076923076925 0.4446185997910136 0.052307692307692305 0.050156739811912224
0 0.4823076923076923 0.4477533960292581 0.05153846153846154 0.04806687565308255
0 0.5857692307692308 0.45454545454545453 0.05307692307692308 0.050156739811912224
0 0.5338461538461539 0.45297805642633227 0.05153846153846154 0.047021943573667714
0 0.6388461538461538 0.4587251828631139 0.05307692307692308 0.0522466039707419
0 0.6815384615384615 0.49895506792058514 0.03923076923076923 0.04806687565308255
0 0.3203846153846154 0.48223615464994773 0.05307692307692308 0.051201671891327065
0 0.3723076923076923 0.48589341692789967 0.04923076923076923 0.047021943573667714
0 0.47807692307692307 0.4947753396029258 0.052307692307692305 0.04911180773249739
0 0.42538461538461536 0.49268547544409613 0.05384615384615385 0.050156739811912224
0 0.53 0.5 0.05307692307692308 0.04911180773249739
0 0.5823076923076923 0.5026123301985371 0.05307692307692308 0.050156739811912224
0 0.6357692307692308 0.5062695924764891 0.05307692307692308 0.0522466039707419
0 0.6796153846153846 0.544932079414838 0.038461538461538464 0.04597701149425287
0 0.3730769230769231 0.5334378265412748 0.05 0.04911180773249739
0 0.32076923076923075 0.53239289446186 0.05384615384615385 0.0522466039707419
0 0.47884615384615387 0.5438871473354232 0.05076923076923077 0.04911180773249739
0 0.4257692307692308 0.5417972831765935 0.05384615384615385 0.050156739811912224
0 0.5292307692307693 0.5475444096133751 0.05076923076923077 0.04911180773249739
0 0.583076923076923 0.5506792058516197 0.052307692307692305 0.04911180773249739
0 0.635 0.5559038662486938 0.05384615384615385 0.051201671891327065
0 0.3334615384615385 0.5799373040752351 0.10692307692307693 0.05329153605015674
0 0.44153846153846155 0.589864158829676 0.10461538461538461 0.054336468129571575
0 0.546923076923077 0.5966562173458725 0.10461538461538461 0.05329153605015674
0 0.6573076923076923 0.6050156739811913 0.10692307692307693 0.05642633228840126
0 0.34307692307692306 0.6311389759665622 0.10461538461538461 0.05329153605015674
0 0.44846153846153847 0.6389759665621735 0.10307692307692308 0.050156739811912224
0 0.5546153846153846 0.64576802507837 0.10538461538461538 0.0522466039707419
0 0.6596153846153846 0.6562173458725182 0.10461538461538461 0.054336468129571575