0 0.7754461538461539 0.14205851619644722 0.045923076923076955 0.03213166144200627
0 0.7087230769230769 0.16588296760710552 0.10702307692307683 0.029968652037617564
0 0.7711923076923076 0.18051201671891326 0.02733076923076921 0.0635423197492163
0 0.7099230769230769 0.1927795193312435 0.11100769230769227 0.023103448275862082
0 0.7112384615384616 0.21655172413793106 0.10576153846153846 0.0263949843260188
0 0.7198230769230769 0.24223615464994774 0.09101538461538457 0.026865203761755465
0 0.8436 0.266614420062696 0.12111538461538457 0.03645768025078371
0 0.7247692307692308 0.26756530825496344 0.10263076923076929 0.025684430512016732
0 0.5406461538461539 0.2736886102403344 0.01713846153846152 0.05349007314524553
0 0.5235615384615384 0.2740438871473354 0.016623076923076845 0.05183908045977013
0 0.5073461538461538 0.2743991640543365 0.015415384615384588 0.049717868338558006
0 0.6020461538461538 0.27451410658307207 0.10350769230769226 0.05749216300940437
0 0.4897307692307692 0.28393939393939394 0.017646153846153888 0.06927899686520374
0 0.09039230769230769 0.28439916405433646 0.016338461538461534 0.0710344827586207
0 0.10795384615384615 0.28493207941483806 0.01828461538461537 0.06997910135841173
0 0.028553846153846152 0.28493207941483806 0.01714615384615385 0.06679205851619643
0 0.0583076923076923 0.28506792058516195 0.01303846153846153 0.0691745036572623
0 0.07342307692307692 0.28506792058516195 0.017130769230769238 0.07024033437826543
0 0.4725615384615385 0.28512016718913274 0.018346153846153776 0.06974921630094044
0 0.045623076923076926 0.2852037617554859 0.015776923076923074 0.06891327063740858
0 0.22654615384615384 0.285350052246604 0.015484615384615381 0.07018808777429465
0 0.3719692307692308 0.285350052246604 0.01674615384615383 0.07168234064785792
0 0.011584615384615384 0.28560083594566354 0.01676153846153846 0.0691745036572623
0 0.32396153846153847 0.28560083594566354 0.015676923076923074 0.07018808777429465
0 0.1257076923076923 0.2857262277951933 0.01671538461538463 0.06944618599791015
0 0.2752846153846154 0.2857262277951933 0.01546153846153848 0.07143155694879834
0 0.20993846153846155 0.285841170323929 0.016584615384615344 0.06969696969696972
0 0.29143846153846154 0.285841170323929 0.017100000000000014 0.07118077324973877
0 0.14286923076923075 0.28586206896551725 0.016323076923076902 0.070773249738767
0 0.40683846153846154 0.2859665621734587 0.015638461538461483 0.0709299895506792
0 0.43934615384615383 0.28606060606060607 0.0174923076923077 0.0711598746081505
0 0.30835384615384615 0.28609195402298854 0.016953846153846125 0.07168234064785792
0 0.8461307692307692 0.2861024033437827 0.1219153846153847 0.02707419017763842
0 0.3900384615384616 0.2862173458725183 0.016738461538461574 0.0709299895506792
0 0.42326153846153847 0.28670846394984323 0.014899999999999917 0.07192267502612332
0 0.16037692307692308 0.28695924764890285 0.017515384615384603 0.06993730407523514
0 0.1925923076923077 0.28695924764890285 0.016223076923076927 0.06944618599791015
0 0.2584 0.28695924764890285 0.015284615384615388 0.0704388714733542
0 0.45608461538461537 0.28700104493207945 0.01800769230769237 0.07210031347962383
0 0.1768923076923077 0.2870846394984326 0.015499999999999983 0.07018808777429465
0 0.35544615384615386 0.2878265412748171 0.016207692307692347 0.07018808777429465
0 0.33966153846153846 0.2879519331243469 0.015299999999999989 0.07192267502612332
0 0.2427923076923077 0.2885684430512017 0.01547692307692308 0.06820271682340646
0 0.7338384615384616 0.29007314524555905 0.07646153846153853 0.020574712643678217
0 0.5838307692307693 0.34037617554858934 0.02093076923076926 0.08741901776384532
0 0.44542307692307687 0.340491118077325 0.01783846153846158 0.03582027168234062
0 0.5019538461538461 0.340491118077325 0.02093846153846156 0.08482758620689662
0 0.9164153846153845 0.34079414838035527 0.01905384615384614 0.08375130616509925
0 0.9352846153846153 0.3411598746081505 0.018515384615384742 0.0815882967607106
0 0.4626769230769231 0.34167189132706377 0.016961538461538427 0.03392894461859982
0 0.47854615384615384 0.34178683385579933 0.016784615384615335 0.03794148380355283
0 0.7768923076923078 0.34214211076280043 0.021623076923076932 0.08529780564263323
0 0.5243307692307693 0.34225705329153605 0.018846153846153846 0.0827063740856844
0 0.8582307692307692 0.3424242424242424 0.021207692307692434 0.08555903866248693
0 0.5436846153846153 0.3424973876698014 0.018346153846153776 0.0827063740856844
0 0.6452384615384615 0.3424973876698014 0.019899999999999918 0.08506792058516194
0 0.7971153846153847 0.34260188087774296 0.018046153846153875 0.08375130616509925
0 0.8333846153846155 0.34260188087774296 0.01882307692307677 0.0815882967607106
0 0.8967538461538461 0.34260188087774296 0.02066153846153856 0.08303030303030307
0 0.5631076923076923 0.3426123301985371 0.020076923076923006 0.08435736677115989
0 0.7499230769230769 0.3427272727272727 0.020069230769230707 0.08411703239289446
0 0.959223076923077 0.3427795193312435 0.018030769230769274 0.08267502612330199
0 0.7253846153846154 0.3428422152560084 0.01990769230769239 0.08388714733542317
0 0.7046538461538461 0.34296760710553814 0.02043846153846149 0.08317659352142114
0 0.6842615384615385 0.3431974921630094 0.020576923076923076 0.08411703239289446
0 0.8765615384615384 0.3433228840125392 0.015884615384615455 0.08375130616509925
0 0.8151846153846154 0.3435109717868339 0.016438461538461454 0.08483803552769076
0 0.6654461538461539 0.34413793103448276 0.0197153846153847 0.08694879832810871
0 0.9804846153846155 0.34476489028213164 0.022807692307692376 0.08303030303030307
0 0.6246 0.3450888192267503 0.02059999999999998 0.08506792058516194
0 0.6043076923076923 0.34531870428422157 0.019915384615384692 0.08364681295715774
0 0.11116923076923077 0.3550365726227795 0.016138461538461553 0.06917450365726233
0 0.04435384615384615 0.3550365726227795 0.016753846153846154 0.06970741901776388
0 0.027284615384615383 0.35530825496342733 0.01656153846153846 0.06917450365726233
0 0.21039230769230768 0.3555381400208986 0.014938461538461506 0.06870428422152561
0 0.06113076923076923 0.35570532915360503 0.017130769230769238 0.06944618599791018
0 0.010900000000000002 0.355841170323929 0.01617692307692308 0.06865203761755491
0 0.12765384615384615 0.355841170323929 0.01476153846153846 0.06865203761755491
0 0.09507692307692307 0.35596656217345873 0.01594615384615385 0.06891327063740861
0 0.19450769230769233 0.3560397074190178 0.013853846153846147 0.06771159874608146
0 0.30990769230769233 0.3560397074190178 0.01531538461538459 0.06820271682340646
0 0.07819999999999999 0.3561024033437827 0.016153846153846154 0.06970741901776388
0 0.2262769230769231 0.3562800417972832 0.014930769230769206 0.06771159874608146
0 0.14482307692307694 0.35649947753396033 0.01826923076923077 0.06944618599791018
0 0.2756538461538462 0.35653082549634274 0.017284615384615405 0.07018808777429462
0 0.2937230769230769 0.3571473354231975 0.016184615384615356 0.067460815047022
0 0.4277307692307692 0.3573354231974922 0.01680769230769224 0.06997910135841173
0 0.3778076923076923 0.35739811912225705 0.018207692307692275 0.06993730407523517
0 0.16137692307692308 0.35777429467084637 0.01696923076923077 0.06969696969696974
0 0.24233846153846156 0.35777429467084637 0.016023076923076956 0.06969696969696974
0 0.1789923076923077 0.3578996865203762 0.015684615384615373 0.06845350052246603
0 0.3957 0.3580146290491118 0.017469230769230796 0.07118077324973877
0 0.4124923076923077 0.3581400208986416 0.01344615384615386 0.066969696969697
0 0.2583076923076923 0.35826541274817136 0.01656153846153844 0.07068965517241377
0 0.35928461538461537 0.3590073145245559 0.01583846153846156 0.0691954022988506
0 0.3257846153846154 0.3592580982236155 0.016038461538461557 0.07118077324973877
0 0.3424 0.36037617554858936 0.01640000000000004 0.07143155694879834
0 0.44882307692307694 0.3716614420062696 0.05034615384615388 0.024033437826541274
0 0.9167846153846153 0.4198955067920585 0.021099999999999876 0.07257053291536054
0 0.4395692307692308 0.42433646812957154 0.017853846153846182 0.08299895506792053
0 0.5056923076923077 0.4254545454545455 0.02050000000000007 0.08188087774294672
0 0.00923846153846154 0.42554858934169276 0.017546153846153847 0.06811912225705335
0 0.9363923076923076 0.42554858934169276 0.01833846153846165 0.08294670846394984
0 0.059869230769230765 0.42554858934169276 0.016938461538461548 0.06865203761755491
0 0.4839923076923077 0.4258725182863114 0.018653846153846153 0.08438871473354231
0 0.026023076923076923 0.4259456635318704 0.014807692307692308 0.06838035527690706
0 0.12687692307692308 0.42608150470219436 0.01593846153846156 0.06865203761755491
0 0.07654615384615385 0.42608150470219436 0.015176923076923069 0.06917450365726233
0 0.11049230769230768 0.4262068965517241 0.0175076923076923 0.06944618599791018
0 0.0428 0.42634273772204806 0.015969230769230767 0.06865203761755491
0 0.8383153846153846 0.42649947753396034 0.01783846153846158 0.08152560083594565
0 0.30856153846153844 0.4265099268547545 0.017246153846153814 0.06969696969696974
0 0.09322307692307692 0.42660397074190176 0.01653846153846154 0.06811912225705335
0 0.5248538461538461 0.42672936259143157 0.018861538461538447 0.08152560083594565
0 0.5457538461538461 0.42672936259143157 0.019023076923076938 0.08435736677115989
0 0.14316923076923077 0.4267398119122257 0.014569230769230768 0.06838035527690706
0 0.9561692307692308 0.4268547544409613 0.021807692307692236 0.08176593521421108
0 0.20756153846153844 0.426969696969697 0.016946153846153826 0.06969696969696974
0 0.8959769230769231 0.42719958202716823 0.020761538461538293 0.07870428422152566
0 0.29171538461538465 0.42722048066875656 0.01654615384615384 0.07068965517241377
0 0.8560846153846154 0.427324973876698 0.01869999999999996 0.0822361546499478
0 0.8759461538461538 0.427324973876698 0.01990769230769239 0.08129571577847435
0 0.1914076923076923 0.4273458725182863 0.015315384615384635 0.06993730407523517
0 0.7465384615384615 0.42743991640543366 0.11460000000000001 0.08247648902821311
0 0.22444615384615382 0.42746081504702194 0.018946153846153842 0.07068965517241377
0 0.17461538461538462 0.4275862068965517 0.015323076923076936 0.06993730407523506
0 0.46342307692307694 0.42810867293625915 0.019899999999999918 0.08495297805642628
0 0.9938846153846154 0.42815047021943575 0.0122307692307693 0.08152560083594565
0 0.24196923076923077 0.428453500522466 0.016753846153846133 0.0691954022988506
0 0.27473846153846154 0.428453500522466 0.01619230769230766 0.06870428422152561
0 0.3762076923076923 0.4285266457680251 0.018261538461538468 0.07125391849529786
0 0.15945384615384614 0.42858934169279 0.015146153846153844 0.06838035527690695
0 0.40995384615384617 0.428662486938349 0.01622307692307686 0.07153605015673985
0 0.8188000000000001 0.42873563218390803 0.025653846153846083 0.08411703239289446
0 0.9771538461538462 0.4288505747126437 0.019023076923076938 0.08247648902821311
0 0.3923538461538461 0.4293625914315569 0.017646153846153846 0.07013584117032394
0 0.2584 0.4294461859979102 0.015284615384615388 0.06771159874608146
0 0.6193000000000001 0.4296760710553814 0.12691538461538462 0.08553814002089866
0 0.4246538461538461 0.43034482758620685 0.012715384615384594 0.07153605015673985
0 0.35883076923076923 0.43062695924764893 0.016830769230769226 0.069299895506792
0 0.32539999999999997 0.43118077324973875 0.01703846153846152 0.06706374085684437
0 0.3423769230769231 0.4318808777429467 0.017246153846153814 0.0695820271682341
0 0.010215384615384616 0.4952560083594566 0.015207692307692307 0.06811912225705323
0 0.06162307692307692 0.49578892371995825 0.014992307692307699 0.06811912225705335
0 0.09497692307692307 0.49605015673981195 0.017315384615384607 0.06811912225705335
0 0.04484615384615384 0.49631138975966566 0.017338461538461532 0.06917450365726233
0 0.07771538461538462 0.49644723092998955 0.015569230769230776 0.06944618599791018
0 0.026992307692307694 0.49644723092998955 0.01715384615384615 0.0710344827586207
0 0.1453076923076923 0.4965830721003135 0.014561538461538466 0.06758620689655179
0 0.29217692307692306 0.4978996865203762 0.016015384615384654 0.06870428422152561
0 0.21077692307692306 0.49791013584117033 0.01515384615384619 0.06917450365726233
0 0.30815384615384617 0.49802507836990595 0.01619230769230766 0.0704388714733542
0 0.1782923076923077 0.49817136886102403 0.015361538461538439 0.06865203761755491
0 0.22599230769230771 0.49817136886102403 0.014753846153846116 0.06917450365726233
0 0.2594153846153846 0.4982758620689655 0.018038461538461573 0.06944618599791018
0 0.19506923076923074 0.498307210031348 0.016138461538461532 0.06891327063740861
0 0.24197692307692306 0.4984012539184953 0.016038461538461557 0.06969696969696974
0 0.27566153846153846 0.4985266457680251 0.01547692307692308 0.06895506792058517
0 0.16208461538461538 0.4985684430512017 0.015730769230769222 0.06732497387669809
0 0.3727153846153846 0.5003448275862069 0.016630769230769234 0.07125391849529775
0 0.3570846153846154 0.5008986415882968 0.015815384615384575 0.070135841170324
0 0.3899923076923077 0.5011807732497388 0.01579999999999997 0.06901776384535001
0 0.32403076923076923 0.5012539184952978 0.015092307692307697 0.06993730407523506
0 0.34073846153846155 0.5012539184952978 0.016361538461538448 0.0704388714733542
0 0.42382307692307697 0.508453500522466 0.01886923076923075 0.0841170323928944
0 0.8899846153846154 0.5084952978056426 0.019884615384615313 0.08058516196447238
0 0.9301538461538462 0.5088505747126437 0.02043076923076919 0.08129571577847435
0 0.4434692307692308 0.508871473354232 0.019892307692307615 0.0821525600835945
0 0.9098615384615384 0.509080459770115 0.021476923076923133 0.08035527690700102
0 0.4055230769230769 0.5091431556948798 0.018053846153846174 0.0832706374085685
0 0.5234692307692308 0.5099059561128527 0.018507692307692267 0.0829467084639499
0 0.7392461538461539 0.5099059561128527 0.12326923076923077 0.08576802507836989
0 0.8698692307692307 0.510146290491118 0.019899999999999918 0.08105538140020904
0 0.5032615384615384 0.510501567398119 0.01903846153846154 0.08223615464994774
0 0.564076923076923 0.5109717868338558 0.02062307692307688 0.08317659352142107
0 0.8501000000000001 0.5110867293625915 0.018169230769230684 0.08199582027168237
0 0.9494923076923076 0.5110867293625915 0.020600000000000153 0.08058516196447238
0 0.4629 0.5113793103448275 0.019261538461538434 0.08159874608150468
0 0.5433230769230769 0.511556948798328 0.019023076923076938 0.08199582027168231
0 0.5839307692307693 0.511682340647858 0.01870769230769226 0.08176593521421113
0 0.6031846153846153 0.511682340647858 0.019046153846153838 0.08129571577847441
0 0.9691769230769232 0.5117972831765935 0.019723076923076826 0.0772831765935214
0 0.8308461538461538 0.5119122257053291 0.01991538461538452 0.08035527690700107
0 0.8102076923076923 0.5120271682340648 0.0202692307692307 0.08152560083594565
0 0.989546153846154 0.5121525600835946 0.020907692307692183 0.08082549634273768
0 0.48296923076923076 0.5124973876698015 0.01835384615384608 0.0815256008359457
0 0.6231230769230769 0.513448275862069 0.0197307692307693 0.08247648902821324
0 0.6440230769230769 0.5140334378265413 0.01955384615384621 0.08411703239289452
0 0.6647461538461538 0.5152142110762801 0.020753846153846168 0.08506792058516194
0 0.12660000000000002 0.5640334378265413 0.014992307692307699 0.06785788923719964
0 0.010407692307692307 0.5641692789968652 0.015584615384615386 0.06546499477533964
0 0.08943846153846154 0.5645663531870428 0.014030769230769237 0.06785788923719964
0 0.0584923076923077 0.5645663531870428 0.01576153846153847 0.06520376175548592
0 0.10982307692307693 0.5647021943573667 0.01695384615384617 0.06865203761755491
0 0.02523076923076923 0.5652351097178683 0.012461538461538463 0.06546499477533964
0 0.04045384615384616 0.565496342737722 0.017130769230769227 0.06758620689655179
0 0.07343846153846154 0.565496342737722 0.01482307692307693 0.06758620689655179
0 0.1423 0.5658934169278996 0.01440000000000002 0.06944618599791018
0 0.2220923076923077 0.5664263322884013 0.014369230769230731 0.06838035527690706
0 0.2063846153846154 0.5670846394984327 0.015738461538461566 0.06653082549634276
0 0.1582 0.5674817136886103 0.01576153846153847 0.06944618599791018
0 0.1903923076923077 0.5674817136886103 0.016138461538461553 0.06732497387669809
0 0.3058692307692308 0.5675966562173459 0.01637692307692305 0.06969696969696974
0 0.1742923076923077 0.5677533960292581 0.015561538461538476 0.06785788923719964
0 0.2743 0.5680982236154649 0.01530769230769229 0.06771159874608146
0 0.2898076923076923 0.5682131661442006 0.01637692307692305 0.07043887147335426
0 0.23923846153846154 0.5684639498432602 0.0175 0.06845350052246603
0 0.2563076923076923 0.5690909090909091 0.01730769230769231 0.06870428422152561
0 0.35746153846153844 0.5708254963427377 0.015723076923076965 0.06903866248693828
0 0.32275384615384617 0.5721839080459771 0.016915384615384624 0.07092998955067908
0 0.33968461538461536 0.5725914315569488 0.01625384615384615 0.06974921630094044
0 0.9263307692307693 0.5913166144200627 0.022138461538461694 0.08176593521421108
0 0.4026615384615385 0.5916718913270638 0.018007692307692325 0.07964472309299898
0 0.9069 0.5919122257053292 0.02041538461538459 0.07776384535005232
0 0.38393076923076924 0.5920271682340649 0.019061538461538442 0.08082549634273763
0 0.8864384615384615 0.5921421107628003 0.0197307692307693 0.08294670846394972
0 0.4230384615384616 0.5926123301985371 0.01921538461538463 0.08152560083594565
0 0.44324615384615385 0.5927377220480669 0.019030769230769237 0.0822361546499478
0 0.7482769230769231 0.5927377220480669 0.020261538461538397 0.08129571577847435
0 0.8671923076923076 0.593092998955068 0.019046153846154015 0.08199582027168237
0 0.5240846153846154 0.593092998955068 0.019046153846153838 0.0801149425287357
0 0.9468076923076922 0.5933228840125391 0.018346153846153776 0.07964472309299898
0 0.7096923076923077 0.5934378265412747 0.020792307692307672 0.08317659352142101
0 0.5034461538461539 0.5936781609195402 0.01870769230769226 0.08129571577847435
0 0.9651846153846154 0.5939184952978056 0.02041538461538459 0.08082549634273763
0 0.7286846153846154 0.5939184952978056 0.0202692307692307 0.08176593521421108
0 0.8466384615384617 0.5940334378265413 0.0202692307692307 0.08247648902821324
0 0.6910461538461539 0.594148380355277 0.0202846153846153 0.08317659352142101
0 0.7879923076923078 0.594503657262278 0.018507692307692267 0.07964472309299898
0 0.8067230769230769 0.594503657262278 0.02093076923076926 0.08105538140020892
0 0.46362307692307697 0.594503657262278 0.020238461538461497 0.08199582027168237
0 0.48304615384615385 0.5946185997910135 0.01953846153846161 0.08176593521421108
0 0.5448923076923077 0.5946185997910135 0.01938461538461542 0.07987460815047027
0 0.7691769230769231 0.5946185997910135 0.01903846153846154 0.0822361546499478
0 0.9858230769230769 0.5948589341692789 0.020753846153846168 0.07940438871473356
0 0.618776923076923 0.5953291536050157 0.12622307692307685 0.08458725182863118
0 0.8260846153846154 0.5954440961337514 0.020100000000000083 0.08152560083594565
0 0.3084692307692308 0.6296133751306164 0.015915384615384658 0.0508986415882968
0 0.29173076923076924 0.6298432601880878 0.015407692307692287 0.04995820271682335
0 0.32476923076923075 0.6313793103448276 0.015569230769230776 0.044535005224660286
0 0.016946153846153847 0.6326854754440961 0.013438461538461538 0.06785788923719964
0 0.03157692307692307 0.6340125391849529 0.014600000000000004 0.06997910135841173
0 0.0974153846153846 0.6345454545454545 0.01672307692307692 0.06838035527690706
0 0.07956153846153846 0.6350679205851619 0.016146153846153852 0.06944618599791018
0 0.1139 0.6350679205851619 0.014569230769230768 0.06944618599791018
0 0.04727692307692308 0.6352037617554859 0.014792307692307695 0.06653082549634282
0 0.12950769230769232 0.6356008359456635 0.015338461538461537 0.07050156739811915
0 0.06298461538461538 0.6356008359456635 0.015369230769230762 0.06997910135841173
0 0.27594615384615384 0.6359770114942529 0.015069230769230793 0.06362591431556959
0 0.2102923076923077 0.6366771159874608 0.016207692307692347 0.06845350052246603
0 0.14476153846153847 0.6369174503657262 0.015869230769230767 0.06944618599791018
0 0.15982307692307693 0.6375444096133751 0.015315384615384635 0.06820271682340646
0 0.19386153846153847 0.6379101358411703 0.016576923076923086 0.06895506792058517
0 0.22626923076923075 0.6379101358411703 0.014923076923076905 0.06993730407523517
0 0.17624615384615386 0.6380355276907002 0.017861538461538484 0.06870428422152561
0 0.24196923076923077 0.6382863113897597 0.01637692307692305 0.0691954022988506
0 0.25830000000000003 0.6384117032392895 0.018376923076923065 0.06746081504702188
0 0.9148923076923076 0.6592998955067921 0.018707692307692432 0.049487983281086625
0 0.8955384615384616 0.6601253918495298 0.01850000000000014 0.05349007314524561
0 0.36366923076923074 0.6736259143155695 0.01950769230769232 0.07986415882967614
0 0.9538307692307693 0.6741483803552769 0.018169230769230684 0.07964472309299898
0 0.4021923076923077 0.6746185997910136 0.018400000000000014 0.0823406478578892
0 0.9716923076923077 0.6747335423197492 0.01920000000000003 0.07987460815047027
0 0.38329230769230765 0.6748693834900732 0.02041538461538459 0.08333333333333333
0 0.5787538461538462 0.6752351097178684 0.01877692307692314 0.0840752351097179
0 0.34432307692307695 0.675485893416928 0.01732307692307691 0.08210031347962375
0 0.5199538461538462 0.675485893416928 0.01949230769230763 0.08506792058516205
0 0.9344076923076923 0.6755590386624869 0.021992307692307804 0.08152560083594565
0 0.7369461538461538 0.6756112852664576 0.02076153846153847 0.07986415882967614
0 0.9907692307692307 0.6750261233019854 0.018461538461538463 0.08150470219435736
0 0.4423769230769231 0.6757366771159874 0.019892307692307615 0.08358411703239291
0 0.7181461538461539 0.6757366771159874 0.021869230769230818 0.0801149425287357
0 0.6969692307692307 0.6758620689655171 0.01895384615384623 0.08085684430512029
0 0.5001461538461539 0.675987460815047 0.01895384615384623 0.08210031347962375
0 0.8749846153846154 0.6760292580982237 0.021115384615384477 0.08199582027168237
0 0.7770153846153847 0.6762277951933124 0.020199999999999992 0.08159874608150462
0 0.4220846153846154 0.6762277951933124 0.020215384615384593 0.08358411703239291
0 0.48153076923076926 0.6762277951933124 0.017869230769230783 0.07961337513061657
0 0.8563461538461539 0.6762695924764891 0.019561538461538335 0.08152560083594565
0 0.5402153846153845 0.6763531870428422 0.01875384615384624 0.08333333333333333
0 0.5987461538461538 0.6767293625914316 0.01968461538461532 0.08358411703239291
0 0.7570307692307692 0.6769801462904911 0.021846153846153914 0.08457680250783704
0 0.5592923076923078 0.6770950888192268 0.01783076923076928 0.08184952978056419
0 0.796776923076923 0.6772100313479624 0.02079999999999997 0.08435736677115989
0 0.4619076923076923 0.6773458725182864 0.01878461538461544 0.08035527690700114
0 0.8150692307692307 0.6775653082549634 0.019576923076922936 0.0822361546499478
0 0.835276923076923 0.6785057471264369 0.021476923076923133 0.08270637408568453
0 0.6178153846153845 0.67858934169279 0.018761538461538538 0.08134796238244504
0 0.6777153846153846 0.6795820271682341 0.01877692307692314 0.08184952978056419
0 0.6372769230769231 0.6798328108672936 0.019707692307692225 0.08134796238244504
0 0.6578153846153846 0.6801985370950888 0.019884615384615313 0.08159874608150462
0 0.011092307692307693 0.7018704284221526 0.0154 0.06891327063740861
0 0.2759076923076923 0.7022884012539186 0.058353846153846166 0.026447230929989494
0 0.06123076923076923 0.7034587251828631 0.015376923076923083 0.06520376175548599
0 0.09439230769230769 0.7041170323928945 0.014192307692307695 0.06865203761755491
0 0.02709230769230769 0.7041170323928945 0.01577692307692308 0.06917450365726233
0 0.04386923076923077 0.7042528735632184 0.014215384615384612 0.06785788923719964
0 0.23931538461538462 0.704503657262278 0.01546153846153848 0.06027168234064793
0 0.12716923076923076 0.7051828631138977 0.015738461538461524 0.06811912225705335
0 0.07810769230769231 0.7057053291536051 0.015953846153846162 0.06811912225705335
0 0.1101 0.7058411703239289 0.01593846153846156 0.06997910135841173
0 0.15826923076923077 0.7063636363636364 0.015861538461538465 0.06746081504702188
0 0.14326153846153847 0.7070323928944618 0.015930769230769214 0.06653082549634282
0 0.20527692307692308 0.70760710553814 0.015661538461538473 0.06993730407523517
0 0.18966923076923076 0.7078578892371995 0.015115384615384598 0.06796238244514102
0 0.2229846153846154 0.7079832810867294 0.017115384615384616 0.06870428422152561
0 0.17470000000000002 0.7082236154649948 0.015492307692307682 0.06771159874608146
0 0.36622307692307693 0.7556008359456635 0.0198615384615385 0.08210031347962375
0 0.40710769230769234 0.7563427377220481 0.018384615384615454 0.07912225705329157
0 0.38703076923076923 0.7569592476489028 0.02094615384615386 0.079362591431557
0 0.26671538461538463 0.7570846394984325 0.01985384615384611 0.08159874608150462
0 0.99 0.7565308254963428 0.02 0.08150470219435736
0 0.6962384615384616 0.7572100313479624 0.02187692307692312 0.08184952978056419
0 0.9516538461538462 0.7573563218390804 0.01842307692307678 0.0808463949843259
0 0.28715384615384615 0.7574608150470219 0.020576923076923076 0.08085684430512004
0 0.3477 0.7574608150470219 0.017146153846153818 0.08184952978056419
0 0.5053461538461539 0.7574608150470219 0.01802307692307697 0.07986415882967614
0 0.42573076923076925 0.7577115987460815 0.01873846153846146 0.08035527690700114
0 0.7160461538461539 0.7577115987460815 0.02095384615384616 0.08035527690700114
0 0.9705230769230769 0.7578787878787878 0.020184615384615218 0.08119122257053296
0 0.5247846153846154 0.7579519331243469 0.01783076923076928 0.07836990595611286
0 0.30815384615384617 0.7580773249738767 0.017284615384615405 0.0801149425287357
0 0.3284153846153846 0.7582027168234065 0.01910000000000003 0.079362591431557
0 0.7357615384615385 0.7582027168234065 0.02058461538461538 0.08134796238244504
0 0.6232846153846153 0.7583281086729363 0.12317692307692316 0.07961337513061657
0 0.7559538461538462 0.7587042842215257 0.02188461538461542 0.07738766980146285
0 0.9112692307692308 0.758735632183908 0.02071538461538449 0.08222570532915366
0 0.4456538461538462 0.7588192267502613 0.02060769230769228 0.08060606060606071
0 0.4864538461538461 0.7588192267502613 0.01894615384615393 0.08110762800417962
0 0.8734153846153847 0.7589132706374085 0.02098461538461554 0.07981191222570544
0 0.8927846153846153 0.7589132706374085 0.020723076923076966 0.0818808777429466
0 0.7753 0.7590700104493208 0.021515384615384638 0.08060606060606071
0 0.8535230769230768 0.7590700104493208 0.01983846153846151 0.08259143155694876
0 0.9329230769230769 0.759080459770115 0.020453846153846267 0.08222570532915366
0 0.813823076923077 0.7591954022988505 0.02149999999999986 0.07986415882967614
0 0.5444076923076924 0.7594461859979101 0.019099999999999943 0.08085684430512029
0 0.46563846153846156 0.7595715778474399 0.01968461538461532 0.08110762800417985
0 0.7943769230769231 0.7598119122257053 0.01949999999999993 0.0801149425287357
0 0.8329846153846154 0.7619226750261233 0.022223076923076825 0.08184952978056419
0 0.00923846153846154 0.7723719958202716 0.01676153846153846 0.06785788923719964
0 0.05996153846153846 0.7735632183908046 0.015184615384615392 0.06865203761755491
0 0.043184615384615384 0.7739602925809822 0.016746153846153848 0.06625914315569496
0 0.026015384615384617 0.7740961337513061 0.015976923076923073 0.06758620689655179
0 0.12736153846153844 0.7744932079414839 0.015738461538461524 0.06785788923719964
0 0.07615384615384616 0.7752873563218391 0.015561538461538453 0.06891327063740861
0 0.09312307692307692 0.775423197492163 0.015169230769230779 0.070773249738767
0 0.11048461538461538 0.7763427377220481 0.01593846153846156 0.06785788923719964
0 0.22335384615384615 0.7861024033437826 0.05948461538461539 0.024555903866248695
0 0.19776153846153843 0.8366353187042842 0.038715384615384624 0.08035527690700114
0 0.9845692307692309 0.8368338557993731 0.018915384615384726 0.0739602925809822
0 0.2831384615384615 0.8369487983281088 0.014369230769230731 0.07812957157784742
0 0.2262769230769231 0.8370741901776385 0.019323076923076925 0.07490073145245565
0 0.9493769230769231 0.8371786833855799 0.01740769230769239 0.07877742946708474
0 0.3809230769230769 0.8376907001044932 0.019684615384615408 0.0801149425287357
0 0.3992692307692307 0.837816091954023 0.01730769230769231 0.079362591431557
0 0.2457153846153846 0.8379414838035527 0.01839999999999997 0.07762800417972827
0 0.9658384615384614 0.8380355276907001 0.017399999999999916 0.07706374085684431
0 0.2650692307692307 0.8383176593521421 0.020223076923076896 0.07836990595611286
0 0.6725923076923077 0.8385579937304075 0.02095384615384616 0.07787878787878785
0 0.5731846153846154 0.8388087774294671 0.01895384615384623 0.08085684430512029
0 0.7523923076923077 0.8391849529780564 0.020246153846153796 0.08210031347962375
0 0.5162076923076924 0.8393103448275863 0.018569230769230845 0.0823406478578892
0 0.6117923076923077 0.8393103448275863 0.018030769230769274 0.07887147335423199
0 0.6927692307692308 0.8394252873563219 0.02113076923076925 0.08159874608150462
0 0.6532307692307693 0.8395506792058517 0.02093076923076926 0.07986415882967614
0 0.36084615384615387 0.8396760710553814 0.020061538461538492 0.08159874608150462
0 0.3015769230769231 0.8398014629049112 0.019107692307692332 0.08035527690700114
0 0.34103846153846157 0.8400522466039707 0.018792307692307653 0.08035527690700114
0 0.5922615384615385 0.8400522466039707 0.019130769230769146 0.08085684430512004
0 0.89 0.8400940438871474 0.01869999999999996 0.07775339602925818
0 0.7707384615384616 0.8404179728317659 0.020423076923076888 0.0801149425287357
0 0.631776923076923 0.8404179728317659 0.01929999999999994 0.08210031347962375
0 0.7131230769230769 0.8404179728317659 0.021307692307692343 0.08259143155694876
0 0.9305153846153846 0.8404388714733542 0.02020000000000017 0.07637408568443042
0 0.8096230769230769 0.8405433646812956 0.019676923076923022 0.08035527690700114
0 0.3214769230769231 0.8405433646812956 0.01983076923076921 0.08383490073145247
0 0.49658461538461535 0.8405433646812956 0.019123076923076847 0.08383490073145247
0 0.7330153846153846 0.8405433646812956 0.022023076923077006 0.0823406478578892
0 0.79 0.8407941483803553 0.021323076923076858 0.08085684430512004
0 0.534823076923077 0.8407941483803553 0.0200230769230769 0.08035527690700114
0 0.5536538461538462 0.840919540229885 0.01860000000000005 0.07912225705329157
0 0.8722769230769231 0.8409613375130616 0.01921538461538463 0.07946708463949838
0 0.8307076923076924 0.8415360501567398 0.02167692307692295 0.08134796238244504
0 0.9101307692307693 0.8416509926854755 0.019453846153846127 0.0808463949843259
0 0.4768692307692307 0.8416614420062696 0.018400000000000055 0.08159874608150462
0 0.4178 0.8417868338557994 0.01966923076923072 0.0823406478578892
0 0.4371461538461538 0.843030303030303 0.017469230769230796 0.0823406478578892
0 0.8518769230769231 0.8431556948798328 0.02239230769230779 0.08210031347962375
0 0.45686153846153843 0.8438975966562173 0.019292307692307636 0.08308254963427376
0 0.1452153846153846 0.8493939393939394 0.06310769230769232 0.022257053291536003