0 0.416403785488959 0.08153846153846153 0.09779179810725552 0.10153846153846154
0 0.49631966351209256 0.07576923076923077 0.10199789695057834 0.10307692307692308
0 0.7607781282860148 0.7776923076923077 0.0946372239747634 0.09461538461538462
0 0.6808622502628812 0.7861538461538462 0.08727655099894847 0.09076923076923077
0 0.601472134595163 0.7946153846153846 0.0935856992639327 0.09153846153846154
0 0.8501577287066246 0.7761538461538462 0.09884332281808622 0.09230769230769231
0 0.2744479495268139 0.8207692307692308 0.09884332281808622 0.09615384615384616
0 0.19032597266035753 0.828076923076923 0.0904311251314406 0.09461538461538462
0 0.5220820189274448 0.8038461538461539 0.08832807570977919 0.09538461538461539
0 0.10988433228180862 0.8376923076923077 0.09253417455310199 0.09461538461538462
0 0.917981072555205 0.7761538461538462 0.07045215562565721 0.09230769230769231
0 0.444794952681388 0.8134615384615385 0.0914826498422713 0.09769230769230769
0 0.36067297581493163 0.8226923076923077 0.0946372239747634 0.09692307692307692
0 0.8717139852786541 0.8603846153846154 0.1882229232386961 0.10846153846153846
0 0.6619348054679285 0.8784615384615385 0.26603575184016826 0.11615384615384615
0 0.16561514195583596 0.921923076923077 0.22502628811777076 0.11076923076923077
0 0.40063091482649843 0.9111538461538462 0.26708727655099895 0.10538461538461538
0 0.8470031545741324 0.94 0.09568874868559411 0.07846153846153846
0 0.7581493165089379 0.948076923076923 0.08937960042060988 0.07538461538461538
0 0.9263932702418507 0.9353846153846154 0.0935856992639327 0.07461538461538461
0 0.6808622502628812 0.9561538461538461 0.0904311251314406 0.07076923076923076
0 0.23764458464773922 0.9784615384615385 0.08201892744479496 0.043076923076923075
0 0.599894847528917 0.9646153846153847 0.08832807570977919 0.06615384615384616
0 0.3138801261829653 0.9765384615384616 0.08937960042060988 0.04692307692307692
0 0.14458464773922186 0.9838461538461538 0.08937960042060988 0.03230769230769231
0 0.5010515247108307 0.9719230769230769 0.08937960042060988 0.05615384615384615
0 0.41587802313354366 0.975 0.0914826498422713 0.05
0 0.7723449001051524 0.14461538461538462 0.1808622502628812 0.1076923076923077
0 0.07781282860147214 0.20115384615384616 0.15562565720294427 0.10538461538461538
0 0.2907465825446898 0.18461538461538463 0.2628811777076761 0.1123076923076923
0 0.5525762355415352 0.1673076923076923 0.2723449001051525 0.11384615384615385
0 0.22082018927444794 0.27576923076923077 0.09568874868559411 0.09615384615384616
0 0.13722397476340695 0.285 0.0946372239747634 0.09307692307692307
0 0.30651945320715035 0.2734615384615385 0.09884332281808622 0.09692307692307692
0 0.008412197686645636 0.2996153846153846 0.016824395373291272 0.08692307692307692
0 0.054679284963196635 0.2946153846153846 0.09884332281808622 0.08923076923076922
0 0.8233438485804416 0.23692307692307693 0.10515247108307045 0.09692307692307692
0 0.3901156677181914 0.27153846153846156 0.08937960042060988 0.09076923076923077
0 0.7302839116719243 0.2453846153846154 0.09779179810725552 0.09615384615384616
0 0.6424815983175605 0.25346153846153846 0.0946372239747634 0.09923076923076923
0 0.47423764458464773 0.2676923076923077 0.09779179810725552 0.09615384615384616
0 0.5562565720294427 0.2630769230769231 0.10199789695057834 0.09384615384615384
0 0.10147213459516298 0.3792307692307692 0.20294426919032596 0.10307692307692308
0 0.3291272344900105 0.36346153846153845 0.26813880126182965 0.11846153846153847
0 0.805993690851735 0.3323076923076923 0.167192429022082 0.1
0 0.5899053627760252 0.3507692307692308 0.26813880126182965 0.11
0 0.031545741324921134 0.4723076923076923 0.06309148264984227 0.09076923076923077
0 0.10199789695057834 0.4703846153846154 0.09568874868559411 0.09461538461538462
0 0.18454258675078863 0.4642307692307692 0.09253417455310199 0.09384615384615384
0 0.2697160883280757 0.4584615384615385 0.09568874868559411 0.09
0 0.3538380651945321 0.4553846153846154 0.09779179810725552 0.09538461538461539
0 0.7786540483701367 0.4246153846153846 0.0935856992639327 0.09538461538461539
0 0.6083070452155626 0.43846153846153846 0.09989484752891693 0.09461538461538462
0 0.5215562565720294 0.44576923076923075 0.09779179810725552 0.09076923076923077
0 0.6908517350157729 0.4330769230769231 0.09568874868559411 0.09538461538461539
0 0.8569926393270242 0.42 0.0904311251314406 0.09076923076923077
0 0.4395373291272345 0.45346153846153847 0.09568874868559411 0.09307692307692307
0 0.12197686645636173 0.5596153846153846 0.24079915878023134 0.10384615384615385
0 0.35962145110410093 0.5430769230769231 0.26919032597266035 0.11538461538461539
0 0.6167192429022083 0.5280769230769231 0.26498422712933756 0.10153846153846154
0 0.8291272344900105 0.5126923076923077 0.17245005257623555 0.10538461538461538
0 0.23817034700315456 0.6403846153846153 0.0914826498422713 0.09076923076923077
0 0.15615141955835962 0.6476923076923077 0.0935856992639327 0.09384615384615384
0 0.07150368033648791 0.655 0.09884332281808622 0.09769230769230769
0 0.7245005257623555 0.6053846153846154 0.0904311251314406 0.09
0 0.3228180862250263 0.6384615384615384 0.0914826498422713 0.08923076923076922
0 0.805993690851735 0.6011538461538461 0.0914826498422713 0.0876923076923077
0 0.5604626708727655 0.6215384615384615 0.09568874868559411 0.09461538461538462
0 0.6424815983175605 0.6153846153846154 0.08937960042060988 0.0876923076923077
0 0.4800210304942166 0.6288461538461538 0.0914826498422713 0.08923076923076922
0 0.4011566771819138 0.6365384615384615 0.08937960042060988 0.09
0 0.8859095688748686 0.6019230769230769 0.08412197686645637 0.09461538461538462
0 0.16876971608832808 0.09307692307692307 0.09989484752891693 0.10615384615384615
0 0.0804416403785489 0.10076923076923076 0.09253417455310199 0.09230769230769231
0 0.6545741324921136 0.6984615384615385 0.26919032597266035 0.11076923076923077
0 0.14458464773922186 0.7384615384615385 0.23554153522607782 0.1123076923076923
0 0.3932702418506835 0.7219230769230769 0.27024185068349105 0.11384615384615385
0 0.8590956887486856 0.6888461538461539 0.1650893796004206 0.10153846153846154
0 0.7718191377497371 0.051153846153846154 0.10515247108307045 0.10230769230769231
0 0.3270241850683491 0.08346153846153846 0.09674027339642481 0.09923076923076923
0 0.6740273396424816 0.058076923076923075 0.10515247108307045 0.10076923076923076
0 0.24973711882229233 0.09115384615384615 0.08832807570977919 0.09692307692307692
0 0.022082018927444796 0.11153846153846154 0.04416403785488959 0.09384615384615384
0 0.5825446898002103 0.06769230769230769 0.10410094637223975 0.10307692307692308