0 0.34384615384615386 0.20741901776384536 0.11307692307692307 0.27481713688610243
0 0.44461538461538463 0.20376175548589343 0.10692307692307693 0.2831765935214211
0 0.6546153846153846 0.20219435736677116 0.10923076923076923 0.2852664576802508
0 0.9553846153846154 0.1891327063740857 0.08076923076923077 0.27899686520376177
0 0.7634615384615384 0.20532915360501566 0.12076923076923077 0.27586206896551724
0 0.5492307692307692 0.21630094043887146 0.11461538461538462 0.27586206896551724
0 0.865 0.20480668756530826 0.10692307692307693 0.27586206896551724
0 0.045 0.2497387669801463 0.09 0.26541274817136884
0 0.2403846153846154 0.24294670846394983 0.12153846153846154 0.2800417972831766
0 0.14 0.24817136886102403 0.12384615384615384 0.2727272727272727
0 0.42923076923076925 0.48014629049111807 0.10923076923076923 0.2727272727272727
0 0.6480769230769231 0.47387669801462906 0.10615384615384615 0.26541274817136884
0 0.5438461538461539 0.4890282131661442 0.11 0.28108672936259144
0 0.7526923076923077 0.48014629049111807 0.11538461538461539 0.27481713688610243
0 0.3303846153846154 0.5005224660397074 0.10538461538461538 0.26541274817136884
0 0.23461538461538461 0.5062695924764891 0.09307692307692307 0.25391849529780564
0 0.13038461538461538 0.5120167189132706 0.11692307692307692 0.26541274817136884
0 0.8615384615384616 0.48119122257053293 0.11615384615384615 0.27586206896551724
0 0.9526923076923077 0.477533960292581 0.09461538461538462 0.2549634273772205
0 0.03653846153846154 0.5214211076280042 0.07307692307692308 0.27377220480668757
0 0.6453846153846153 0.7377220480668757 0.10538461538461538 0.2769070010449321
0 0.23461538461538461 0.758098223615465 0.10538461538461538 0.25287356321839083
0 0.4461538461538462 0.7481713688610241 0.11153846153846154 0.26959247648902823
0 0.34192307692307694 0.758098223615465 0.09769230769230769 0.25705329153605017
0 0.1280769230769231 0.7737722048066875 0.1123076923076923 0.2716823406478579
0 0.5515384615384615 0.7554858934169278 0.09846153846153846 0.26436781609195403
0 0.9515384615384616 0.7361546499477534 0.09692307692307692 0.26436781609195403
0 0.04692307692307692 0.7831765935214211 0.08538461538461538 0.2664576802507837
0 0.75 0.7518286311389759 0.11692307692307692 0.2716823406478579
0 0.8546153846153847 0.7471264367816092 0.11615384615384615 0.26332288401253917