0 0.0923153846153846 0.10574712643678161 0.040092307692307684 0.10636363636363635
0 0.18417692307692307 0.10719958202716824 0.04210000000000001 0.10402298850574714
0 0.22815384615384618 0.10719958202716824 0.0452384615384615 0.10545454545454547
0 0.35946153846153844 0.10719958202716824 0.0423615384615385 0.09901776384535005
0 0.40198461538461544 0.10737722048066876 0.04155384615384614 0.10152560083594565
0 0.272 0.10845350052246605 0.04232307692307691 0.10437826541274818
0 0.31548461538461536 0.10845350052246605 0.04396153846153844 0.102957157784744
0 0.8567230769230769 0.015078369905956113 0.0397153846153847 0.029989550679205855
0 0.8136461538461539 0.015997910135841172 0.040476923076922994 0.03109717868338558
0 0.9776923076923076 0.15729362591431556 0.04461538461538461 0.11047021943573666
0 0.9394153846153847 0.16712643678160918 0.05393076923076933 0.10582027168234062
0 0.7703846153846153 0.017241379310344827 0.04230769230769231 0.034482758620689655
0 0.9011 0.17517241379310344 0.052100000000000014 0.10616509926854756
0 0.7296461538461538 0.01796238244514107 0.03946153846153843 0.03574712643678161
0 0.8591076923076922 0.18393939393939393 0.04606153846153854 0.10437826541274815
0 0.40131538461538463 0.18575757575757576 0.18138461538461534 0.05721003134796238
0 0.8158846153846154 0.187533960292581 0.04390769230769225 0.10726227795193316
0 0.06064615384615385 0.1877324973876698 0.12056923076923078 0.05899686520376173
0 0.6850076923076923 0.01903866248693835 0.042907692307692286 0.03788923719958202
0 0.6406 0.019749216300940436 0.038376923076923156 0.0393103448275862
0 0.7333307692307692 0.18949843260188087 0.03893846153846146 0.10261233019853708
0 0.2191846153846154 0.18985370950888192 0.18164615384615385 0.053239289446185986
0 0.773623076923077 0.1907523510971787 0.0447153846153847 0.10512016718913272
0 0.6915923076923077 0.1928944618599791 0.04606923076923085 0.11012539184952977
0 0.6478461538461538 0.1945141065830721 0.04389999999999995 0.10334378265412751
0 0.5630538461538461 0.19791013584117034 0.04552307692307697 0.10440961337513063
0 0.6059769230769231 0.1982654127481714 0.04181538461538454 0.1029780564263323
0 0.5993923076923077 0.020104493207941478 0.04076153846153847 0.040031347962382446
0 0.5173692307692308 0.2000626959247649 0.04422307692307693 0.1022675026123302
0 0.5138076923076923 0.021849529780564262 0.03869230769230766 0.043699059561128524
0 0.5571307692307692 0.02206896551724138 0.04156923076923074 0.04396029258098224
0 0.40553076923076925 0.243166144200627 0.18454615384615386 0.05825496342737725
0 0.22063846153846153 0.2449425287356322 0.18401538461538464 0.058223615464994743
0 0.05787692307692308 0.24620689655172415 0.11556923076923077 0.06290491118077327
0 0.05612307692307693 0.02555903866248694 0.11092307692307692 0.05040752351097178
0 0.21813076923076924 0.027795193312434692 0.18164615384615385 0.05541274817136886
0 0.4023692307692308 0.028160919540229888 0.18296153846153843 0.056133751306165096
0 0.933076923076923 0.27481713688610243 0.13384615384615384 0.12330198537095088
0 0.7688615384615385 0.2950470219435737 0.1805923076923077 0.10834900731452458
0 0.5896307692307692 0.300564263322884 0.18349230769230768 0.10649947753396027
0 0.4478076923076923 0.32113897596656216 0.045223076923076894 0.1040020898641588
0 0.4044923076923077 0.32203761755485893 0.040238461538461494 0.10435736677115988
0 0.36314615384615384 0.3245350052246604 0.04078461538461537 0.10363636363636358
0 0.013653846153846154 0.32490073145245557 0.027107692307692315 0.10722048066875654
0 0.31746153846153846 0.3259979101358412 0.04211538461538462 0.10369905956112854
0 0.051169230769230765 0.32722048066875653 0.040523076923076926 0.1040020898641588
0 0.27384615384615385 0.3279728317659352 0.04233076923076921 0.10191222570532912
0 0.23223846153846156 0.32921630094043886 0.038661538461538456 0.10513061650992687
0 0.09659230769230769 0.3295506792058516 0.047607692307692295 0.10435736677115988
0 0.14346923076923077 0.3311598746081505 0.041800000000000025 0.10543364681295714
0 0.18944615384615388 0.33243469174503654 0.044730769230769234 0.10369905956112854
0 0.9770307692307693 0.37106583072100313 0.04593076923076926 0.10508881922675019
0 0.9370461538461539 0.37911180773249736 0.05287692307692291 0.1090177638453501
0 0.8916230769230769 0.38429467084639496 0.05 0.09936259143155698
0 0.850276923076923 0.3943155694879833 0.04579999999999997 0.10436781609195402
0 0.8073230769230769 0.39824451410658307 0.045753846153846166 0.10435736677115988
0 0.7210846153846153 0.400208986415883 0.04131538461538464 0.10185997910135842
0 0.763876923076923 0.4012852664576802 0.04155384615384614 0.10113897596656214
0 0.6400769230769231 0.40256008359456635 0.04206153846153851 0.10012539184952972
0 0.6809307692307692 0.40289446185997907 0.04053846153846157 0.10221525600835951
0 0.5961 0.4041692789968652 0.04103076923076917 0.10334378265412746
0 0.5579153846153846 0.4061442006269593 0.04051538461538467 0.10440961337513058
0 0.5163153846153846 0.40721003134796235 0.041061538461538545 0.10297805642633225
0 0.40381538461538463 0.42705329153605015 0.1805923076923077 0.1082967607105538
0 0.06125384615384615 0.4311912225705329 0.1225076923076923 0.10870428422152557
0 0.22116153846153846 0.4338453500522466 0.18401538461538464 0.10686520376175547
0 0.9276461538461539 0.4862800417972832 0.1447000000000001 0.12299895506792062
0 0.7661 0.5036363636363637 0.17716923076923072 0.10548589341692795
0 0.5827846153846153 0.5096969696969696 0.1824384615384616 0.10829676071055386
0 0.4382 0.52760710553814 0.04338461538461545 0.10191222570532918
0 0.39613846153846155 0.5301776384535005 0.0435846153846154 0.10504702194357364
0 0.016415384615384613 0.5309822361546499 0.032630769230769234 0.10293625914315568
0 0.35305384615384616 0.5338349007314525 0.042469230769230794 0.10542319749216306
0 0.26844615384615383 0.5356635318704284 0.04048461538461538 0.10369905956112854
0 0.3121615384615385 0.5356635318704284 0.044153846153846134 0.10155694879832816
0 0.05064615384615385 0.5361650992685476 0.04051538461538462 0.1047230929989551
0 0.2263153846153846 0.5372727272727272 0.0399769230769231 0.10334378265412751
0 0.09224615384615385 0.538317659352142 0.04155384615384616 0.1047230929989551
0 0.1866846153846154 0.5383490073145246 0.04078461538461537 0.10334378265412751
0 0.14452307692307692 0.5392058516196447 0.04232307692307691 0.10292580982236155
0 0.9824307692307693 0.5749843260188088 0.035130769230769285 0.10865203761755488
0 0.9481076923076923 0.5846812957157784 0.05233846153846151 0.10728317659352143
0 0.9047923076923077 0.5930825496342739 0.04840769230769218 0.10762800417972831
0 0.8635769230769231 0.601128526645768 0.048169230769230686 0.10440961337513069
0 0.7723 0.6073667711598746 0.04155384615384614 0.09899686520376176
0 0.8161461538461539 0.6073667711598746 0.04548461538461547 0.1040020898641588
0 0.6893538461538461 0.6075444096133751 0.04316923076923068 0.10150470219435748
0 0.7316153846153847 0.6077220480668757 0.0402538461538461 0.09828631138975961
0 0.6399461538461538 0.6104388714733543 0.04337692307692315 0.10083594566353186
0 0.5972846153846154 0.6125809822361546 0.04234615384615381 0.10226750261233009
0 0.5575230769230769 0.6136572622779519 0.041307692307692344 0.10297805642633225
0 0.5159153846153847 0.6168756530825497 0.045007692307692304 0.10083594566353186
0 0.40303076923076925 0.6304493207941484 0.18322307692307696 0.11366771159874606
0 0.2174769230769231 0.6404597701149425 0.1856 0.10579937304075235
0 0.0580076923076923 0.6408463949843259 0.11582307692307692 0.10870428422152557
0 0.9285692307692308 0.06802507836990596 0.14286153846153832 0.125141065830721
0 0.9294923076923076 0.6926959247648903 0.14101538461538474 0.12438871473354228
0 0.7696538461538461 0.709362591431557 0.17901538461538455 0.10120167189132696
0 0.5846307692307692 0.7120167189132706 0.18349230769230768 0.10722048066875643
0 0.4449076923076923 0.7340543364681296 0.040476923076922994 0.10620689655172424
0 0.4021153846153846 0.7344096133751307 0.0412923076923077 0.10120167189132696
0 0.3572230769230769 0.7383385579937305 0.040515384615384585 0.10262277951933128
0 0.3127153846153846 0.7412016718913271 0.04264615384615389 0.10762800417972831
0 0.016676923076923075 0.744932079414838 0.032630769230769234 0.10650992685475451
0 0.2695 0.7453082549634273 0.03943076923076922 0.10296760710553811
0 0.18523076923076923 0.7456635318704284 0.0399923076923077 0.10439916405433655
0 0.22683846153846152 0.7462068965517241 0.04366153846153845 0.10546499477533967
0 0.1429692307692308 0.747460815047022 0.04185384615384613 0.10510971786833848
0 0.05643846153846154 0.7481504702194357 0.04051538461538462 0.10650992685475451
0 0.09606923076923077 0.7508359456635318 0.04233846153846153 0.1040020898641588
0 0.9798 0.7832392894461859 0.040399999999999985 0.10941483803552773
0 0.9394153846153847 0.792894461859979 0.04655384615384614 0.10654127481713692
0 0.9025461538461538 0.8027377220480669 0.04920000000000003 0.10332288401253929
0 0.6855384615384615 0.8098746081504702 0.04238461538461531 0.10185997910135842
0 0.8613384615384615 0.8098850574712643 0.04948461538461533 0.11333333333333337
0 0.7314846153846154 0.8109508881922676 0.04156923076923074 0.09971786833855806
0 0.775723076923077 0.8136259143155695 0.042076923076923026 0.10507836990595605
0 0.8202307692307692 0.8145245559038663 0.04574615384615369 0.1040020898641588
0 0.6409923076923076 0.8149007314524556 0.04232307692307691 0.10475444096133751
0 0.5934615384615385 0.8163322884012539 0.044184615384615426 0.10547544409613381
0 0.5487 0.8193730407523511 0.04210000000000001 0.10368861024033439
0 0.5063076923076923 0.8220585161964473 0.04369999999999996 0.10118077324973869
0 0.7675461538461538 0.08430512016718913 0.1800615384615384 0.10617554858934171
0 0.3882769230769231 0.8402821316614419 0.1858615384615384 0.11115987460815034
0 0.20364615384615387 0.8506792058516197 0.17849230769230767 0.10689655172413788
0 0.051561538461538464 0.8522779519331244 0.10187692307692307 0.1072413793103447
0 0.9253846153846154 0.8693834900731452 0.14923076923076922 0.07314524555903866
0 0.7596461538461539 0.8843155694879833 0.18217692307692301 0.04393939393939389
0 0.5755461538461539 0.8869801462904912 0.1800692307692307 0.03711598746081503
0 0.5835769230769231 0.09664576802507835 0.18401538461538464 0.10795193312434691
0 0.013069230769230769 0.10309299895506792 0.026138461538461537 0.10296760710553816
0 0.1402076923076923 0.10344827586206896 0.04316923076923077 0.09937304075235111
0 0.049046153846153843 0.1038871473354232 0.04323076923076923 0.10265412748171367
0 0.44543846153846156 0.10415882967607107 0.04416923076923083 0.10438871473354232