0 0.1646153846153846 0.9287610619469027 0.26076923076923075 0.10353982300884956
0 0.4126923076923077 0.9013274336283186 0.25 0.09911504424778761
0 0.8973076923076924 0.8429203539823009 0.2053846153846154 0.09292035398230089
0 0.10461538461538461 0.29513274336283185 0.20923076923076922 0.20442477876106194
0 0.4696153846153846 0.25 0.5353846153846153 0.23628318584070795
0 0.8561538461538462 0.20530973451327433 0.2530769230769231 0.20176991150442478
0 0.7315384615384616 0.3929203539823009 0.5323076923076923 0.22831858407079647
0 0.23807692307692307 0.4588495575221239 0.47615384615384615 0.24513274336283186
0 0.6223076923076923 0.5783185840707965 0.26 0.20176991150442478
0 0.12307692307692308 0.6402654867256637 0.23846153846153847 0.19380530973451326
0 0.36730769230769234 0.6154867256637168 0.27076923076923076 0.1902654867256637
0 0.8730769230769231 0.5570796460176991 0.25384615384615383 0.2097345132743363
0 0.2753846153846154 0.7915929203539823 0.5123076923076924 0.23097345132743363
0 0.7611538461538462 0.7376106194690265 0.4776923076923077 0.23805309734513275
0 0.23692307692307693 0.11017699115044248 0.47384615384615386 0.2168141592920354
0 0.7142307692307692 0.08053097345132744 0.5038461538461538 0.16106194690265488
0 0.6676923076923077 0.8601769911504424 0.2530769230769231 0.1088495575221239