0 0.8359375 0.8832428238944918 0.274375 0.2335143522110163
0 0.5378125 0.8560899922420481 0.326875 0.21024049650892165
0 0.216875 0.8076027928626842 0.330625 0.2117920868890613
0 0.02875 0.7831652443754848 0.0575 0.16058960434445307
0 0.9628125 0.2932505818463926 0.074375 0.21101629169899147
0 0.8990625 0.2924747866563227 0.099375 0.21334367726920092
0 0.408125 0.22071373157486424 0.100625 0.22110162916989914
0 0.326875 0.21062839410395656 0.101875 0.22265321955003878
0 0.069375 0.17183863460046547 0.099375 0.22420480993017844
0 0.815 0.28588052754072923 0.101875 0.2125678820791311
0 0.5775 0.2505818463925524 0.09875 0.22110162916989914
0 0.243125 0.2013188518231187 0.109375 0.2195500387897595
0 0.73625 0.27889837083010083 0.0975 0.21024049650892165
0 0.4909375 0.24321179208688906 0.0975 0.21799844840961985
0 0.1596875 0.19278510473235067 0.0975 0.21101629169899147
0 0.6590625 0.26958882854926297 0.09875 0.2117920868890613
0 0.8640625 0.4937936384794414 0.271875 0.26144297905352987
0 0.57375 0.4596586501163693 0.32875 0.2505818463925524
0 0.2484375 0.4162141194724593 0.345625 0.2575640031031808
0 0.046875 0.3847944142746315 0.09375 0.2265321955003879
0 0.9740625 0.13227307990690457 0.051875 0.13266097750193948
0 0.920625 0.1221877424359969 0.090625 0.13343677269200932
0 0.946875 0.7009309542280838 0.0925 0.20636152055857254
0 0.4465625 0.060512024825446084 0.093125 0.12102404965089217
0 0.8790625 0.6982156710628394 0.094375 0.208688906128782
0 0.7996875 0.6966640806826998 0.100625 0.2156710628394104
0 0.72125 0.6896819239720714 0.095625 0.21644685802948022
0 0.409375 0.6439100077579519 0.099375 0.2156710628394104
0 0.333125 0.6338246702870443 0.09875 0.20946470131885184
0 0.171875 0.6101629169899146 0.095625 0.21101629169899147
0 0.3609375 0.05663304887509697 0.091875 0.11326609775019394
0 0.0990625 0.03801396431342126 0.118125 0.07602792862684252
0 0.6403125 0.682699767261443 0.100625 0.22110162916989914
0 0.25 0.6241272304111715 0.095 0.21024049650892165
0 0.4884375 0.660589604344453 0.098125 0.21334367726920092
0 0.0909375 0.6004654771140419 0.103125 0.2125678820791311
0 0.563125 0.6737781225756401 0.096875 0.21722265321955003
0 0.0328125 0.5942591155934833 0.065625 0.2125678820791311
0 0.846875 0.11714507370054306 0.094375 0.1466252909231963
0 0.6471875 0.0896043444530644 0.331875 0.1792086889061288
0 0.278125 0.05236617532971296 0.09125 0.10473235065942592
0 0.1890625 0.047711404189294024 0.090625 0.09542280837858805