0 0.6133263378803777 0.78 0.12801678908709338 0.15153846153846154
0 0.5220356768100735 0.7865384615384615 0.12906610703043023 0.15538461538461537
0 0.8205666316894019 0.8096153846153846 0.10598111227701994 0.14307692307692307
0 0.4296956977964323 0.7834615384615384 0.12696747114375656 0.15384615384615385
0 0.24186778593913955 0.06269230769230769 0.16684155299055614 0.07461538461538461
0 0.4213011542497377 0.07653846153846154 0.17628541448058763 0.08461538461538462
0 0.16736621196222456 0.8426923076923077 0.33473242392444913 0.15307692307692308
0 0.8022035676810073 0.935 0.10178384050367262 0.13
0 0.5640083945435467 0.9230769230769231 0.4018887722980063 0.15384615384615385
0 0.8866736621196223 0.12153846153846154 0.1584470094438615 0.07692307692307693
0 0.04669464847848898 0.9346153846153846 0.09233997901364113 0.07230769230769231
0 0.13431269674711438 0.941923076923077 0.09024134312696747 0.07076923076923076
0 0.2203567681007345 0.9488461538461539 0.08814270724029381 0.06923076923076923
0 0.38195173137460653 0.17423076923076924 0.09758656873032528 0.13384615384615384
0 0.1379853095487933 0.15884615384615386 0.11437565582371459 0.14615384615384616
0 0.30482686253934943 0.17692307692307693 0.10283315844700944 0.13692307692307693
0 0.8452256033578174 0.2226923076923077 0.10912906610703044 0.14384615384615385
0 0.22140608604407136 0.1753846153846154 0.10178384050367262 0.1423076923076923
0 0.751311647429171 0.21653846153846154 0.11752360965372508 0.14923076923076922
0 0.9186778593913956 0.23115384615384615 0.07345225603357818 0.14692307692307693
0 0.6437565582371458 0.2153846153846154 0.12067156348373557 0.15
0 0.555613850996852 0.215 0.12172088142707241 0.15076923076923077
0 0.39926547743966423 0.02346153846153846 0.1626442812172088 0.04692307692307692
0 0.23871983210912906 0.018846153846153846 0.17523609653725078 0.03769230769230769
0 0.9003147953830011 0.05846153846153846 0.15005246589716684 0.07
0 0.22822665267576075 0.3076923076923077 0.35571878279118574 0.1676923076923077
0 0.887722980062959 0.37884615384615383 0.09233997901364113 0.14384615384615385
0 0.6453305351521511 0.36153846153846153 0.4060860440713536 0.19384615384615383
0 0.263903462749213 0.44653846153846155 0.1049317943336831 0.14153846153846153
0 0.07187827911857293 0.43538461538461537 0.10388247639034627 0.14076923076923076
0 0.16054564533053514 0.4430769230769231 0.10073452256033578 0.13538461538461538
0 0.7570828961175237 0.49884615384615383 0.10912906610703044 0.13923076923076924
0 0.6710388247639034 0.49846153846153846 0.11542497376705142 0.1453846153846154
0 0.866211962224554 0.5226923076923077 0.09548793284365163 0.14692307692307693
0 0.5766002098635886 0.5007692307692307 0.11962224554039874 0.14923076923076922
0 0.4900314795383001 0.5053846153846154 0.12277019937040923 0.15076923076923077
0 0.17785939139559287 0.5803846153846154 0.35571878279118574 0.17
0 0.5813221406086044 0.6373076923076924 0.41028331584470096 0.19
0 0.838405036726128 0.6715384615384615 0.10283315844700944 0.1423076923076923
0 0.30902413431269676 0.7188461538461538 0.09024134312696747 0.1346153846153846
0 0.12696747114375656 0.7092307692307692 0.1049317943336831 0.13307692307692306
0 0.2161594963273872 0.7165384615384616 0.10178384050367262 0.13384615384615384
0 0.033578174186778595 0.7096153846153846 0.06715634837355719 0.1376923076923077
0 0.7035676810073452 0.7780769230769231 0.12696747114375656 0.15