0 0.0821875 0.08748778103616814 0.035 0.08308895405669599
0 0.1203125 0.09530791788856305 0.035625 0.08504398826979472
0 0.248125 0.10850439882697947 0.035625 0.08406647116324535
0 0.17 0.10606060606060606 0.034375 0.08211143695014662
0 0.21 0.11094819159335288 0.036875 0.08211143695014662
0 0.28 0.11730205278592376 0.036875 0.08211143695014662
0 0.608125 0.14467253176930597 0.036875 0.08699902248289346
0 0.7221875 0.1544477028347996 0.040625 0.08602150537634409
0 0.3503125 0.12463343108504399 0.03625 0.08211143695014662
0 0.3190625 0.12267839687194526 0.0325 0.08211143695014662
0 0.660625 0.15151515151515152 0.04 0.08406647116324535
0 0.5378125 0.1412512218963832 0.038125 0.08504398826979472
0 0.3878125 0.13098729227761485 0.0375 0.0801564027370479
0 0.5003125 0.1412512218963832 0.035625 0.08504398826979472
0 0.5725 0.14711632453567938 0.033125 0.08504398826979472
0 0.4315625 0.1378299120234604 0.034375 0.08211143695014662
0 0.4653125 0.14271749755620725 0.035 0.08211143695014662
0 0.0440625 0.1652003910068426 0.030625 0.07917888563049853
0 0.08875 0.17302052785923755 0.0325 0.08113391984359726
0 0.1265625 0.18084066471163246 0.03 0.07820136852394917
0 0.2034375 0.18914956011730205 0.02625 0.07624633431085044
0 0.241875 0.19208211143695014 0.026875 0.07917888563049853
0 0.168125 0.18621700879765396 0.026875 0.07624633431085044
0 0.7609375 0.23607038123167157 0.03375 0.08504398826979472
0 0.9025 0.2482893450635386 0.04125 0.08699902248289346
0 0.808125 0.24095796676441839 0.036875 0.08406647116324535
0 0.8590625 0.24535679374389052 0.043125 0.08504398826979472
0 0.3346875 0.20332355816226785 0.034375 0.08211143695014662
0 0.286875 0.20039100684261973 0.03375 0.0801564027370479
0 0.6884375 0.23607038123167157 0.035 0.08211143695014662
0 0.7225 0.23900293255131966 0.030625 0.08308895405669599
0 0.6071875 0.229227761485826 0.031875 0.08308895405669599
0 0.5284375 0.2238514173998045 0.03 0.07820136852394917
0 0.654375 0.2350928641251222 0.035625 0.08308895405669599
0 0.370625 0.21212121212121213 0.031875 0.08406647116324535
0 0.56375 0.22825024437927663 0.03125 0.07820136852394917
0 0.4828125 0.22287390029325513 0.033125 0.08504398826979472
0 0.4025 0.21700879765395895 0.03125 0.0801564027370479
0 0.4459375 0.22140762463343108 0.0325 0.07917888563049853
0 0.0309375 0.24389051808406648 0.040625 0.08699902248289346
0 0.5075 0.2903225806451613 0.035625 0.06451612903225806
0 0.0809375 0.25562072336265884 0.035 0.0801564027370479
0 0.7771875 0.31378299120234604 0.035 0.06842619745845552
0 0.62375 0.301564027370479 0.03375 0.06451612903225806
0 0.11375 0.260019550342131 0.034375 0.07917888563049853
0 0.5421875 0.2956989247311828 0.03375 0.06451612903225806
0 0.703125 0.3093841642228739 0.03375 0.06256109481915934
0 0.5890625 0.30058651026392963 0.035625 0.06940371456500488
0 0.2740625 0.2751710654936461 0.033125 0.08113391984359726
0 0.2415625 0.2727272727272727 0.0325 0.08113391984359726
0 0.425625 0.2883675464320626 0.03375 0.05767350928641251
0 0.6628125 0.30791788856304986 0.035625 0.06256109481915934
0 0.17875 0.26832844574780057 0.034375 0.08211143695014662
0 0.98875 0.33479960899315736 0.0225 0.07526881720430108
0 0.210625 0.27126099706744866 0.0325 0.08113391984359726
0 0.4640625 0.29227761485826004 0.031875 0.059628543499511244
0 0.8575 0.3250244379276637 0.03875 0.07624633431085044
0 0.9090625 0.3289345063538612 0.036875 0.06744868035190615
0 0.74125 0.31573802541544477 0.0375 0.06940371456500488
0 0.394375 0.2873900293255132 0.03125 0.05865102639296188
0 0.146875 0.2673509286412512 0.034375 0.08211143695014662
0 0.8209375 0.3235581622678397 0.03875 0.0772238514173998
0 0.9515625 0.33479960899315736 0.040625 0.08504398826979472
0 0.056875 0.3260019550342131 0.03125 0.07429130009775171
0 0.09875 0.32991202346041054 0.030625 0.06256109481915934
0 0.165 0.33822091886608013 0.03375 0.06060606060606061
0 0.23375 0.34408602150537637 0.034375 0.06158357771260997
0 0.13125 0.3357771260997067 0.033125 0.06451612903225806
0 0.2 0.3460410557184751 0.035625 0.06744868035190615
0 0.278125 0.35386119257087 0.02875 0.08993157380254155
0 0.3215625 0.3602150537634409 0.033125 0.09188660801564028
0 0.364375 0.3675464320625611 0.03125 0.08602150537634409
0 0.6190625 0.3919843597262952 0.036875 0.08993157380254155
0 0.7303125 0.4027370478983382 0.04125 0.09481915933528837
0 0.403125 0.3763440860215054 0.031875 0.09188660801564028
0 0.6703125 0.3993157380254154 0.03625 0.09090909090909091
0 0.4496875 0.38220918866080156 0.030625 0.08699902248289346
0 0.575625 0.39345063538611924 0.035 0.08993157380254155
0 0.5353125 0.39002932551319647 0.034375 0.09090909090909091
0 0.7759375 0.41055718475073316 0.03875 0.09481915933528837
0 0.49125 0.3885630498533724 0.03375 0.09286412512218964
0 0.826875 0.4173998044965787 0.03875 0.09188660801564028
0 0.8846875 0.42473118279569894 0.041875 0.09286412512218964
0 0.9346875 0.43255131964809385 0.043125 0.09579667644183773
0 0.9796875 0.43841642228739003 0.040625 0.09481915933528837
0 0.0121875 0.4046920821114369 0.021875 0.08602150537634409
0 0.2378125 0.426197458455523 0.03625 0.08797653958944282
0 0.05375 0.41104594330400784 0.045 0.09090909090909091
0 0.14125 0.41837732160312807 0.036875 0.08895405669599218
0 0.1940625 0.4252199413489736 0.038125 0.08895405669599218
0 0.0984375 0.4178885630498534 0.0375 0.08602150537634409
0 0.2784375 0.4389051808406647 0.036875 0.08602150537634409
0 0.3209375 0.44623655913978494 0.04 0.08699902248289346
0 0.3640625 0.4525904203323558 0.038125 0.08504398826979472
0 0.4109375 0.46187683284457476 0.039375 0.08699902248289346
0 0.7315625 0.49022482893450636 0.034375 0.08602150537634409
0 0.450625 0.46920821114369504 0.039375 0.08993157380254155
0 0.68125 0.48826979472140764 0.039375 0.093841642228739
0 0.6340625 0.48484848484848486 0.04 0.093841642228739
0 0.5853125 0.48191593352883677 0.043125 0.09579667644183773
0 0.493125 0.4750733137829912 0.039375 0.09188660801564028
0 0.775625 0.5004887585532747 0.04 0.093841642228739
0 0.538125 0.48289345063538613 0.040625 0.09286412512218964
0 0.8246875 0.5073313782991202 0.0425 0.09188660801564028
0 0.8778125 0.5161290322580645 0.04125 0.09286412512218964
0 0.9234375 0.5219941348973607 0.044375 0.093841642228739
0 0.9803125 0.532258064516129 0.039375 0.09872922776148582
0 0.0084375 0.4912023460410557 0.016875 0.08699902248289346
0 0.0540625 0.4965786901270772 0.0375 0.08699902248289346
0 0.098125 0.5004887585532747 0.034375 0.08211143695014662
0 0.1453125 0.5048875855327468 0.0375 0.08895405669599218
0 0.2265625 0.512218963831867 0.04 0.08895405669599218
0 0.1878125 0.5102639296187683 0.0425 0.08699902248289346
0 0.2640625 0.5205278592375366 0.034375 0.08797653958944282
0 0.3140625 0.5298142717497556 0.035625 0.08699902248289346
0 0.351875 0.5395894428152492 0.035 0.08993157380254155
0 0.400625 0.5459433040078201 0.036875 0.09188660801564028
0 0.436875 0.553763440860215 0.033125 0.08797653958944282
0 0.715 0.5772238514173998 0.043125 0.09188660801564028
0 0.6684375 0.5757575757575758 0.040625 0.09188660801564028
0 0.4784375 0.5606060606060606 0.03375 0.08993157380254155
0 0.6240625 0.5742913000977518 0.04 0.093841642228739
0 0.5734375 0.5698924731182796 0.040625 0.08895405669599218
0 0.52375 0.5669599217986315 0.041875 0.08797653958944282
0 0.765625 0.5884652981427175 0.03875 0.093841642228739
0 0.8240625 0.5982404692082112 0.04125 0.09286412512218964
0 0.8678125 0.6065493646138808 0.0425 0.09188660801564028
0 0.91125 0.6143695014662757 0.045 0.093841642228739
0 0.9565625 0.6236559139784946 0.044375 0.093841642228739
0 0.161875 0.5884652981427175 0.03875 0.08211143695014662
0 0.0275 0.5777126099706745 0.045 0.08895405669599218
0 0.209375 0.5957966764418378 0.0375 0.08699902248289346
0 0.1165625 0.5884652981427175 0.0425 0.09188660801564028
0 0.25125 0.6001955034213099 0.03875 0.08406647116324535
0 0.0671875 0.5855327468230694 0.041875 0.08699902248289346
0 0.29375 0.6094819159335289 0.038125 0.08602150537634409
0 0.3340625 0.6158357771260997 0.04 0.08308895405669599
0 0.3871875 0.6285434995112414 0.03875 0.08504398826979472
0 0.57 0.6505376344086021 0.036875 0.08797653958944282
0 0.4784375 0.6432062561094819 0.038125 0.08699902248289346
0 0.435 0.6402737047898338 0.04 0.08797653958944282
0 0.6171875 0.656891495601173 0.0425 0.09090909090909091
0 0.6684375 0.6617790811339198 0.040625 0.08602150537634409
0 0.715625 0.666177908113392 0.040625 0.08797653958944282
0 0.520625 0.6505376344086021 0.036875 0.08406647116324535
0 0.7575 0.6749755620723362 0.0425 0.09090909090909091
0 0.8121875 0.6837732160312805 0.04 0.09286412512218964
0 0.86875 0.6959921798631477 0.03875 0.08993157380254155
0 0.925 0.7072336265884653 0.038125 0.08699902248289346
0 0.9759375 0.7160312805474096 0.038125 0.08308895405669599
0 0.234375 0.678396871945259 0.041875 0.08993157380254155
0 0.15125 0.6720430107526881 0.0375 0.08895405669599218
0 0.18375 0.6779081133919843 0.034375 0.08406647116324535
0 0.0409375 0.666177908113392 0.029375 0.08895405669599218
0 0.089375 0.6705767350928641 0.031875 0.08699902248289346
0 0.2715625 0.6867057673509286 0.034375 0.08406647116324535
0 0.315625 0.6979472140762464 0.034375 0.08797653958944282
0 0.3603125 0.7091886608015641 0.035 0.08895405669599218
0 0.40875 0.7179863147605083 0.035 0.08895405669599218
0 0.5353125 0.729227761485826 0.0375 0.08895405669599218
0 0.6346875 0.7394916911045943 0.04 0.08602150537634409
0 0.58625 0.7355816226783969 0.035625 0.08699902248289346
0 0.4915625 0.727761485826002 0.043125 0.09188660801564028
0 0.4525 0.7258064516129032 0.0425 0.08602150537634409
0 0.68375 0.7458455522971652 0.040625 0.09481915933528837
0 0.7275 0.7580645161290323 0.03375 0.08895405669599218
0 0.7884375 0.7673509286412512 0.040625 0.08895405669599218
0 0.834375 0.7756598240469208 0.04 0.09090909090909091
0 0.8865625 0.7854349951124144 0.04 0.08993157380254155
0 0.9421875 0.793743890518084 0.04625 0.0967741935483871
0 0.97875 0.8020527859237536 0.026875 0.08504398826979472
0 0.2271875 0.7590420332355816 0.038125 0.08699902248289346
0 0.0109375 0.7434017595307918 0.021875 0.08308895405669599
0 0.0490625 0.7482893450635386 0.039375 0.08699902248289346
0 0.0903125 0.7517106549364614 0.038125 0.08211143695014662
0 0.1790625 0.7590420332355816 0.03875 0.07917888563049853
0 0.1334375 0.7561094819159335 0.03875 0.08308895405669599
0 0.2690625 0.7693059628543499 0.04 0.08797653958944282
0 0.31375 0.7800586510263929 0.036875 0.08699902248289346
0 0.35625 0.7888563049853372 0.040625 0.08504398826979472
0 0.39625 0.7966764418377321 0.04 0.08504398826979472
0 0.441875 0.803030303030303 0.038125 0.08895405669599218
0 0.4809375 0.8088954056695992 0.0375 0.08602150537634409
0 0.52875 0.8132942326490714 0.039375 0.08895405669599218
0 0.630625 0.821603128054741 0.03875 0.08993157380254155
0 0.57875 0.8186705767350929 0.03875 0.08406647116324535
0 0.6778125 0.8279569892473119 0.04125 0.09188660801564028
0 0.73375 0.8421309872922776 0.039375 0.08602150537634409
0 0.775 0.8489736070381232 0.045 0.08993157380254155
0 0.8328125 0.8611925708699902 0.038125 0.08602150537634409
0 0.8765625 0.8660801564027371 0.045625 0.08797653958944282
0 0.930625 0.8773216031280547 0.038125 0.08993157380254155
0 0.9784375 0.8841642228739003 0.02125 0.08699902248289346
0 0.1659375 0.8401759530791789 0.03625 0.08993157380254155
0 0.1175 0.8367546432062561 0.033125 0.08504398826979472
0 0.219375 0.8455522971652004 0.036875 0.08895405669599218
0 0.08 0.8347996089931574 0.040625 0.08504398826979472
0 0.2578125 0.8499511241446726 0.03125 0.08406647116324535
0 0.023125 0.8313782991202346 0.03375 0.08602150537634409
0 0.305 0.8597262952101662 0.03875 0.0772238514173998
0 0.3525 0.8655913978494624 0.035625 0.07331378299120235
0 0.3903125 0.8709677419354839 0.034375 0.07135874877810362
0 0.4371875 0.8758553274682307 0.038125 0.06549364613880743
0 0.479375 0.8802541544477028 0.036875 0.06451612903225806
0 0.5296875 0.886119257086999 0.0375 0.06060606060606061
0 0.5746875 0.8895405669599218 0.03625 0.06158357771260997
0 0.62625 0.8939393939393939 0.035625 0.06256109481915934
0 0.6728125 0.9002932551319648 0.036875 0.05571847507331378
0 0.7234375 0.9051808406647116 0.0375 0.05571847507331378
0 0.76875 0.9144672531769306 0.041875 0.044965786901270774