0 0.601875 0.22779844961240311 0.08314999999999997 0.03220930232558136
0 0.6850562499999999 0.2298372093023256 0.0826124999999999 0.036899224806201565
0 0.3666625 0.24264341085271318 0.09026875000000004 0.033883720930232585
0 0.51954375 0.25751162790697674 0.09295000000000002 0.03408527131782948
0 0.4496 0.2586046511627907 0.04332499999999996 0.03189922480620153
0 0.252 0.26406976744186045 0.09875624999999999 0.03288372093023253
0 0.60741875 0.270953488372093 0.08516249999999999 0.027829457364341066
0 0.6948875 0.2753333333333333 0.09067499999999995 0.03345736434108525
0 0.446575 0.28924806201550385 0.04584999999999994 0.032519379844961276
0 0.37148125 0.2894806201550388 0.09589375000000004 0.031891472868217044
0 0.5174 0.2904961240310078 0.09219999999999999 0.03565116279069768
0 0.26304375 0.295953488372093 0.09914999999999999 0.02889922480620153
0 0.6927437500000001 0.30410077519379847 0.08891249999999985 0.031581395348837214
0 0.60880625 0.31551162790697673 0.08591875000000002 0.032519379844961276
0 0.37028125 0.32186821705426355 0.09428750000000008 0.03089147286821707
0 0.51349375 0.32224031007751935 0.09194374999999994 0.03345736434108525
0 0.44354999999999994 0.3223953488372093 0.043831249999999926 0.03127131782945739
0 0.26525 0.3268449612403101 0.09714375000000004 0.02889922480620153
0 0.6926187500000001 0.33334108527131784 0.08109375 0.030015503875969015
0 0.6070375 0.34693798449612406 0.09146250000000002 0.03220930232558136
0 0.36445625 0.3517596899224806 0.09308125000000005 0.02989147286821701
0 0.51349375 0.3533488372093023 0.09043125000000003 0.032519379844961276
0 0.44305 0.3538217054263566 0.043831249999999926 0.03033333333333333
0 0.258025 0.3564961240310077 0.09714374999999997 0.030395348837209332
0 0.6859375 0.36272868217054266 0.07429374999999994 0.02939534883720927
0 0.6033875 0.37633333333333335 0.08718125 0.029077519379844954
0 0.5128625 0.3821162790697675 0.08968125 0.03127131782945739
0 0.35581874999999996 0.3833953488372093 0.09348749999999999 0.03238759689922483
0 0.44368124999999997 0.38431007751937984 0.04206874999999997 0.032519379844961276
0 0.25681875000000004 0.38589147286821707 0.09473750000000003 0.03337984496124036
0 0.68606875 0.39196899224806203 0.03471875000000011 0.024077519379844918
0 0.723875 0.39244186046511625 0.040749999999999884 0.02626356589147291
0 0.65645 0.4088527131782945 0.04203750000000007 0.030333333333333375
0 0.61119375 0.40901550387596897 0.045818749999999964 0.032519379844961276
0 0.54124375 0.4097906976744186 0.08945625000000007 0.032837209302325546
0 0.45018125 0.41360465116279066 0.08960624999999993 0.029875968992248033
0 0.35682499999999995 0.4157829457364341 0.09308750000000003 0.031387596899224816
0 0.2855375 0.4167829457364341 0.04451875000000001 0.026403100775193755
0 0.69085625 0.4173023255813954 0.02664999999999992 0.025953488372093037
0 0.23051875 0.4182790697674419 0.04615000000000002 0.028403100775193875
0 0.72614375 0.41948837209302325 0.04125625000000013 0.027201550387596835
0 0.5357 0.4393410852713178 0.08895624999999996 0.0312713178294573
0 0.6544312499999999 0.4398139534883721 0.04758749999999999 0.031581395348837214
0 0.61106875 0.4402790697674419 0.04002499999999998 0.02939534883720936
0 0.44527500000000003 0.44057364341085276 0.09004999999999995 0.031813953488372064
0 0.3508 0.44468217054263565 0.09228750000000002 0.0353720930232559
0 0.2730875 0.4454341085271318 0.04452500000000001 0.02889922480620153
0 0.22429375000000001 0.44568217054263565 0.04655625000000001 0.02939534883720936
0 0.5374625000000001 0.46779844961240313 0.08844999999999999 0.02939534883720936
0 0.65404375 0.4692093023255814 0.042775000000000035 0.027201550387596835
0 0.44304375 0.4698992248062015 0.08826875 0.02960465116279074
0 0.61081875 0.4707674418604651 0.04456249999999997 0.0297054263565891
0 0.7217312499999999 0.47233333333333327 0.09041875000000005 0.029077519379844954
0 0.34216250000000004 0.47333333333333333 0.0910875 0.03288372093023261
0 0.2726875 0.475077519379845 0.04291874999999998 0.02740310077519373
0 0.22429375000000001 0.47557364341085273 0.044949999999999976 0.028403100775193875
0 0.53606875 0.4956279069767442 0.08818124999999995 0.02751937984496124
0 0.6544374999999999 0.4965658914728683 0.04205000000000005 0.026891472868217095
0 0.61045 0.4984418604651163 0.041312499999999946 0.028139534883720896
0 0.44360625 0.4997829457364341 0.08938125 0.031813953488372064
0 0.345175 0.5014806201550387 0.09148750000000003 0.028403100775193875
0 0.72274375 0.5032945736434109 0.09041875000000005 0.0297054263565891
0 0.270075 0.5039767441860465 0.04332499999999996 0.02740310077519373
0 0.2255 0.5052170542635659 0.044143749999999995 0.02989147286821701
0 0.65481875 0.5239302325581395 0.03927500000000002 0.026581395348837182
0 0.5358125 0.5247131782945736 0.08767499999999999 0.0312713178294573
0 0.44096874999999996 0.5266434108527132 0.09105625000000003 0.026906976744186073
0 0.61083125 0.5276821705426357 0.04256874999999994 0.027829457364341156
0 0.34256875000000003 0.5298837209302325 0.08948750000000004 0.025410852713178275
0 0.268475 0.5323720930232558 0.044937499999999984 0.02740310077519373
0 0.72311875 0.533 0.08966250000000002 0.030953488372093073
0 0.22289375 0.5366124031007752 0.04455624999999998 0.031891472868217134
0 0.6198999999999999 0.5503565891472868 0.08743749999999999 0.028767441860465037
0 0.50948125 0.5530077519379845 0.03954374999999999 0.02282945736434112
0 0.71051875 0.5537906976744186 0.08966250000000002 0.030015503875969015
0 0.38073124999999997 0.554046511627907 0.04127499999999998 0.027899224806201557
0 0.46668125000000005 0.5545426356589147 0.03883125000000007 0.025906976744186103
0 0.55245625 0.5545736434108527 0.0407875 0.027201550387596835
0 0.32289375 0.5565426356589148 0.04129999999999999 0.025906976744186103
0 0.42350625000000003 0.557782945736434 0.042462500000000035 0.030395348837209332
0 0.2504 0.5660077519379845 0.09313749999999998 0.033883720930232585
0 0.5103625 0.579124031007752 0.03929374999999993 0.026891472868217095
0 0.61738125 0.5792790697674418 0.08793749999999996 0.025953488372093037
0 0.5511937499999999 0.5800620155038759 0.0407875 0.022511627906976715
0 0.7072375 0.5808062015503876 0.08815625000000012 0.029077519379844954
0 0.7066125 0.5826046511627907 0.08966874999999988 0.022937984496123966
0 0.32691249999999994 0.5831937984496124 0.04129999999999999 0.02740310077519373
0 0.46708125 0.5839457364341085 0.04124375 0.030891472868216984
0 0.36928125 0.5851860465116279 0.040075000000000076 0.028403100775193875
0 0.41948749999999996 0.5876821705426357 0.040056249999999946 0.028403100775193875
0 0.25361249999999996 0.5891705426356589 0.08992499999999999 0.030395348837209332
0 0.551825 0.6066356589147286 0.04003124999999997 0.028767441860465037
0 0.6177375 0.6069534883720931 0.08814374999999998 0.02751937984496124
0 0.50595 0.6094496124031008 0.039037500000000024 0.024387596899224834
0 0.70545625 0.6103255813953489 0.08735624999999998 0.030589147286821734
0 0.32409999999999994 0.6110930232558139 0.03969374999999999 0.028403100775193875
0 0.3729 0.6113488372093023 0.04168125000000003 0.020922480620155046
0 0.46527500000000005 0.6123410852713178 0.04003749999999997 0.027899224806201557
0 0.25601875 0.6143333333333333 0.08911875000000002 0.026906976744186073
0 0.4227 0.615829457364341 0.041662500000000054 0.02989147286821701
0 0.616225 0.631968992248062 0.08512499999999995 0.026263565891472954
0 0.55094375 0.6327519379844961 0.03927499999999995 0.025953488372093037
0 0.5102375 0.6344728682170543 0.039037500000000024 0.02751937984496124
0 0.3700875 0.6347596899224807 0.04088125000000005 0.02491472868217062
0 0.32426875000000005 0.6363488372093024 0.040150000000000005 0.024627906976744173
0 0.70353125 0.6373255813953488 0.08735624999999998 0.027240310077519456
0 0.46647500000000003 0.6384961240310078 0.03923124999999999 0.028403100775193875
0 0.256625 0.6394961240310078 0.08952500000000001 0.026403100775193755
0 0.4233 0.6417364341085272 0.04045625000000001 0.030891472868216984
0 0.6133250000000001 0.657922480620155 0.08688750000000006 0.028139534883720896
0 0.54855 0.6583875968992249 0.03851875000000007 0.024077519379844918
0 0.50846875 0.660891472868217 0.040049999999999954 0.025953488372093037
0 0.3265125 0.6616666666666666 0.040493749999999974 0.02491472868217062
0 0.46125625 0.6624186046511628 0.03843125000000001 0.0244108527131783
0 0.7037187500000001 0.6640930232558139 0.08851249999999994 0.028201550387596985
0 0.3725 0.6641627906976744 0.04088125000000005 0.025906976744186103
0 0.2532125 0.6646589147286821 0.08831874999999996 0.023914728682170473
0 0.4190875 0.6683953488372093 0.040056249999999946 0.02740310077519373