0 0.8096153846153846 0.1974921630094044 0.04846153846153846 0.04075235109717868
0 0.7407692307692307 0.2084639498432602 0.10923076923076923 0.050156739811912224
0 0.8011538461538461 0.23510971786833856 0.033846153846153845 0.06792058516196448
0 0.7392307692307692 0.23563218390804597 0.1123076923076923 0.0438871473354232
0 0.7380769230769231 0.25914315569487983 0.1076923076923077 0.04597701149425287
0 0.7442307692307693 0.28631138975966564 0.09307692307692307 0.0438871473354232
0 0.8642307692307692 0.3338557993730408 0.12384615384615384 0.05851619644723093
0 0.7465384615384615 0.3124346917450366 0.10461538461538461 0.04493207941483804
0 0.5634615384615385 0.2836990595611285 0.022307692307692306 0.05642633228840126
0 0.5465384615384615 0.28056426332288403 0.021538461538461538 0.054336468129571575
0 0.5303846153846153 0.2779519331243469 0.02 0.0522466039707419
0 0.6242307692307693 0.2962382445141066 0.10846153846153846 0.07628004179728318
0 0.5119230769230769 0.28422152560083597 0.024615384615384615 0.07210031347962383
0 0.11653846153846154 0.2089864158829676 0.023076923076923078 0.07314524555903866
0 0.13384615384615384 0.21316614420062696 0.025384615384615384 0.07314524555903866
0 0.055 0.1980146290491118 0.023846153846153847 0.06896551724137931
0 0.08461538461538462 0.20376175548589343 0.02 0.07105538140020899
0 0.09961538461538462 0.20637408568443052 0.023846153846153847 0.07314524555903866
0 0.495 0.28213166144200624 0.025384615384615384 0.07210031347962383
0 0.07192307692307692 0.20114942528735633 0.022307692307692306 0.07105538140020899
0 0.25115384615384617 0.23563218390804597 0.022307692307692306 0.07210031347962383
0 0.3953846153846154 0.26332288401253917 0.023846153846153847 0.0741901776384535
0 0.038461538461538464 0.19540229885057472 0.023846153846153847 0.07210031347962383
0 0.3476923076923077 0.25444096133751304 0.023076923076923078 0.07210031347962383
0 0.15115384615384617 0.2168234064785789 0.023846153846153847 0.07210031347962383
0 0.2996153846153846 0.24555903866248693 0.022307692307692306 0.07314524555903866
0 0.23461538461538461 0.2330198537095089 0.023846153846153847 0.07210031347962383
0 0.3153846153846154 0.24869383490073146 0.023846153846153847 0.0741901776384535
0 0.16846153846153847 0.22048066875653083 0.023076923076923078 0.07314524555903866
0 0.4296153846153846 0.27063740856844304 0.023076923076923078 0.07314524555903866
0 0.46192307692307694 0.2769070010449321 0.024615384615384615 0.0741901776384535
0 0.3323076923076923 0.25182863113897597 0.023846153846153847 0.0741901776384535
0 0.8646153846153846 0.35370950888192265 0.12384615384615384 0.050156739811912224
0 0.41307692307692306 0.26750261233019856 0.023846153846153847 0.07314524555903866
0 0.44576923076923075 0.274294670846395 0.022307692307692306 0.0741901776384535
0 0.1853846153846154 0.22466039707419017 0.024615384615384615 0.07210031347962383
0 0.2173076923076923 0.2309299895506792 0.023076923076923078 0.07210031347962383
0 0.2826923076923077 0.24346917450365727 0.022307692307692306 0.07314524555903866
0 0.47846153846153844 0.28056426332288403 0.025384615384615384 0.07523510971786834
0 0.20192307692307693 0.2283176593521421 0.022307692307692306 0.07210031347962383
0 0.37846153846153846 0.26280041797283177 0.023076923076923078 0.07210031347962383
0 0.3630769230769231 0.25966562173458724 0.022307692307692306 0.0741901776384535
0 0.26692307692307693 0.241901776384535 0.022307692307692306 0.07001044932079414
0 0.7530769230769231 0.33646812957157785 0.07769230769230769 0.034482758620689655
0 0.5992307692307692 0.35788923719958204 0.03 0.09090909090909091
0 0.4623076923076923 0.33176593521421105 0.021538461538461538 0.038662486938349006
0 0.5184615384615384 0.34221525600835945 0.02923076923076923 0.0877742946708464
0 0.9288461538461539 0.4211076280041797 0.027692307692307693 0.08672936259143156
0 0.9473076923076923 0.42476489028213166 0.026923076923076925 0.08463949843260188
0 0.47923076923076924 0.33594566353187044 0.02 0.03657262277951933
0 0.495 0.3390804597701149 0.02076923076923077 0.04075235109717868
0 0.7903846153846154 0.3960292580982236 0.03 0.08881922675026123
0 0.5403846153846154 0.3484848484848485 0.026923076923076925 0.08568443051201671
0 0.8707692307692307 0.4117032392894462 0.03 0.08881922675026123
0 0.5592307692307692 0.35214211076280044 0.026923076923076925 0.08568443051201671
0 0.66 0.3714733542319749 0.02846153846153846 0.0877742946708464
0 0.8103846153846154 0.400208986415883 0.026153846153846153 0.08672936259143156
0 0.8461538461538461 0.4070010449320794 0.026923076923076925 0.08463949843260188
0 0.9088461538461539 0.41901776384535006 0.02923076923076923 0.08568443051201671
0 0.5784615384615385 0.3563218390804598 0.02846153846153846 0.0877742946708464
0 0.7634615384615384 0.39132706374085685 0.02846153846153846 0.08672936259143156
0 0.9707692307692307 0.43103448275862066 0.026153846153846153 0.08568443051201671
0 0.7392307692307692 0.3871473354231975 0.02846153846153846 0.08672936259143156
0 0.7188461538461538 0.3829676071055381 0.02846153846153846 0.08672936259143156
0 0.6984615384615385 0.3793103448275862 0.02923076923076923 0.08672936259143156
0 0.8888461538461538 0.4158829676071055 0.024615384615384615 0.08568443051201671
0 0.828076923076923 0.4043887147335423 0.024615384615384615 0.08672936259143156
0 0.6796153846153846 0.3766980146290491 0.02846153846153846 0.08986415882967608
0 0.9880769230769231 0.4373040752351097 0.023846153846153847 0.08672936259143156
0 0.6392307692307693 0.36990595611285265 0.02923076923076923 0.0877742946708464
0 0.6192307692307693 0.3667711598746082 0.02846153846153846 0.08672936259143156
0 0.1296153846153846 0.2831765935214211 0.023076923076923078 0.07105538140020899
0 0.06346153846153846 0.27011494252873564 0.023846153846153847 0.07210031347962383
0 0.046538461538461535 0.26750261233019856 0.023846153846153847 0.07210031347962383
0 0.22807692307692307 0.3019853709508882 0.021538461538461538 0.07105538140020899
0 0.08 0.274294670846395 0.023846153846153847 0.07210031347962383
0 0.030384615384615385 0.26489028213166144 0.023076923076923078 0.07105538140020899
0 0.14615384615384616 0.28683385579937304 0.021538461538461538 0.07105538140020899
0 0.11384615384615385 0.28056426332288403 0.023076923076923078 0.07105538140020899
0 0.2123076923076923 0.2998955067920585 0.02076923076923077 0.07001044932079414
0 0.32653846153846156 0.3213166144200627 0.022307692307692306 0.07001044932079414
0 0.09692307692307692 0.2779519331243469 0.023076923076923078 0.07210031347962383
0 0.24384615384615385 0.30616509926854757 0.021538461538461538 0.07001044932079414
0 0.16307692307692306 0.290491118077325 0.025384615384615384 0.07210031347962383
0 0.2926923076923077 0.3155694879832811 0.024615384615384615 0.07314524555903866
0 0.31038461538461537 0.31974921630094044 0.023076923076923078 0.07001044932079414
0 0.4430769230769231 0.3448275862068966 0.023846153846153847 0.07210031347962383
0 0.3934615384615385 0.33594566353187044 0.025384615384615384 0.07314524555903866
0 0.17923076923076922 0.29519331243469177 0.023846153846153847 0.07210031347962383
0 0.2592307692307692 0.3103448275862069 0.023076923076923078 0.07210031347962383
0 0.19653846153846155 0.2988505747126437 0.022307692307692306 0.07105538140020899
0 0.41115384615384615 0.3396029258098224 0.024615384615384615 0.0741901776384535
0 0.4276923076923077 0.34273772204806685 0.02 0.06896551724137931
0 0.275 0.31400208986415884 0.023846153846153847 0.07314524555903866
0 0.375 0.3338557993730408 0.023076923076923078 0.07105538140020899
0 0.34192307692307694 0.3275862068965517 0.023076923076923078 0.07314524555903866
0 0.35807692307692307 0.33176593521421105 0.023846153846153847 0.0741901776384535
0 0.4623076923076923 0.36311389759665624 0.052307692307692305 0.03343782654127482
0 0.9207692307692308 0.4994775339602926 0.02846153846153846 0.07628004179728318
0 0.4480769230769231 0.41379310344827586 0.026153846153846153 0.08568443051201671
0 0.5134615384615384 0.42737722048066873 0.02846153846153846 0.08463949843260188
0 0.021538461538461538 0.3333333333333333 0.024615384615384615 0.07105538140020899
0 0.9396153846153846 0.5088819226750261 0.026923076923076925 0.08568443051201671
0 0.07192307692307692 0.3432601880877743 0.023846153846153847 0.07105538140020899
0 0.4919230769230769 0.42371995820271685 0.026923076923076925 0.08672936259143156
0 0.03807692307692308 0.33699059561128525 0.021538461538461538 0.07001044932079414
0 0.13807692307692307 0.3563218390804598 0.023076923076923078 0.07105538140020899
0 0.08807692307692308 0.34691745036572624 0.022307692307692306 0.07105538140020899
0 0.12192307692307693 0.35318704284221525 0.024615384615384615 0.07210031347962383
0 0.054615384615384614 0.3406478578892372 0.023076923076923078 0.07105538140020899
0 0.8426923076923077 0.49111807732497387 0.026153846153846153 0.08359456635318704
0 0.3180769230769231 0.39080459770114945 0.023846153846153847 0.07210031347962383
0 0.10461538461538461 0.3505747126436782 0.023076923076923078 0.07105538140020899
0 0.5323076923076923 0.4320794148380355 0.026923076923076925 0.08463949843260188
0 0.5526923076923077 0.43625914315569486 0.027692307692307693 0.08672936259143156
0 0.15423076923076923 0.3599791013584117 0.021538461538461538 0.07001044932079414
0 0.9592307692307692 0.5135841170323929 0.03 0.08463949843260188
0 0.21807692307692308 0.3725182863113898 0.023846153846153847 0.07210031347962383
0 0.8996153846153846 0.5026123301985371 0.02846153846153846 0.08150470219435736
0 0.30115384615384616 0.3887147335423197 0.023846153846153847 0.07314524555903866
0 0.86 0.4952978056426332 0.026923076923076925 0.08463949843260188
0 0.8796153846153846 0.49895506792058514 0.027692307692307693 0.08463949843260188
0 0.20192307692307693 0.36990595611285265 0.022307692307692306 0.07210031347962383
0 0.7515384615384615 0.47492163009404387 0.12230769230769231 0.10344827586206896
0 0.23461538461538461 0.3761755485893417 0.026153846153846153 0.07314524555903866
0 0.1853846153846154 0.3667711598746082 0.022307692307692306 0.07210031347962383
0 0.47115384615384615 0.4221525600835946 0.02846153846153846 0.0877742946708464
0 0.9930769230769231 0.5219435736677116 0.013846153846153847 0.08254963427377221
0 0.2519230769230769 0.38035527690700105 0.023846153846153847 0.07210031347962383
0 0.28423076923076923 0.38662486938349006 0.023076923076923078 0.07105538140020899
0 0.38461538461538464 0.4059561128526646 0.025384615384615384 0.0741901776384535
0 0.17 0.36468129571577845 0.022307692307692306 0.07105538140020899
0 0.41807692307692307 0.4122257053291536 0.023076923076923078 0.0741901776384535
0 0.823076923076923 0.4895506792058516 0.033846153846153845 0.0877742946708464
0 0.9796153846153847 0.5198537095088819 0.026923076923076925 0.08568443051201671
0 0.40076923076923077 0.4096133751306165 0.024615384615384615 0.07314524555903866
0 0.2680769230769231 0.3845350052246604 0.022307692307692306 0.07001044932079414
0 0.6253846153846154 0.45297805642633227 0.1346153846153846 0.10867293625914315
0 0.4326923076923077 0.4169278996865204 0.02 0.07314524555903866
0 0.36730769230769234 0.4043887147335423 0.023846153846153847 0.07210031347962383
0 0.3342307692307692 0.3986415882967607 0.023846153846153847 0.07001044932079414
0 0.3507692307692308 0.40282131661442006 0.023846153846153847 0.07210031347962383
0 0.015384615384615385 0.40282131661442006 0.022307692307692306 0.07001044932079414
0 0.06615384615384616 0.41274817136886105 0.021538461538461538 0.07001044932079414
0 0.09923076923076923 0.41954022988505746 0.023846153846153847 0.07105538140020899
0 0.04961538461538462 0.4101358411703239 0.024615384615384615 0.07210031347962383
0 0.0823076923076923 0.416405433646813 0.022307692307692306 0.07210031347962383
0 0.03192307692307692 0.4070010449320794 0.024615384615384615 0.07314524555903866
0 0.14923076923076922 0.42946708463949845 0.021538461538461538 0.07001044932079414
0 0.29423076923076924 0.4587251828631139 0.023076923076923078 0.07105538140020899
0 0.21384615384615385 0.4430512016718913 0.022307692307692306 0.07105538140020899
0 0.31038461538461537 0.4618599791013584 0.023076923076923078 0.07314524555903866
0 0.18153846153846154 0.4373040752351097 0.022307692307692306 0.07105538140020899
0 0.22884615384615384 0.44618599791013586 0.021538461538461538 0.07105538140020899
0 0.2619230769230769 0.45297805642633227 0.024615384615384615 0.07210031347962383
0 0.19807692307692307 0.44043887147335425 0.023076923076923078 0.07105538140020899
0 0.24461538461538462 0.4498432601880878 0.023076923076923078 0.07210031347962383
0 0.27807692307692305 0.4561128526645768 0.022307692307692306 0.07105538140020899
0 0.16538461538461538 0.4346917450365726 0.022307692307692306 0.07001044932079414
0 0.37384615384615383 0.47648902821316613 0.023846153846153847 0.0741901776384535
0 0.35846153846153844 0.47387669801462906 0.023076923076923078 0.07210031347962383
0 0.39076923076923076 0.48014629049111807 0.023076923076923078 0.07105538140020899
0 0.32576923076923076 0.46812957157784746 0.022307692307692306 0.07210031347962383
0 0.3423076923076923 0.47126436781609193 0.023076923076923078 0.07314524555903866
0 0.4238461538461539 0.493730407523511 0.026923076923076925 0.08672936259143156
0 0.8853846153846154 0.5820271682340648 0.027692307692307693 0.08359456635318704
0 0.925 0.589864158829676 0.02846153846153846 0.08463949843260188
0 0.4430769230769231 0.49791013584117033 0.02846153846153846 0.08463949843260188
0 0.905 0.5867293625914316 0.02923076923076923 0.08359456635318704
0 0.4053846153846154 0.49111807732497387 0.026153846153846153 0.08568443051201671
0 0.5223076923076924 0.5141065830721003 0.026923076923076925 0.08568443051201671
0 0.7357692307692307 0.554858934169279 0.13076923076923078 0.10867293625914315
0 0.8653846153846154 0.5799373040752351 0.027692307692307693 0.08359456635318704
0 0.5023076923076923 0.5109717868338558 0.026923076923076925 0.08463949843260188
0 0.5623076923076923 0.5229885057471264 0.02923076923076923 0.08672936259143156
0 0.8453846153846154 0.577324973876698 0.026153846153846153 0.08463949843260188
0 0.9438461538461539 0.5961337513061651 0.02846153846153846 0.08359456635318704
0 0.46192307692307694 0.5041797283176593 0.027692307692307693 0.08463949843260188
0 0.5415384615384615 0.5198537095088819 0.026923076923076925 0.08463949843260188
0 0.5819230769230769 0.5276907001044933 0.026923076923076925 0.08463949843260188
0 0.6011538461538461 0.5308254963427377 0.026923076923076925 0.08359456635318704
0 0.9634615384615385 0.6003134796238244 0.027692307692307693 0.08045977011494253
0 0.8265384615384616 0.5741901776384535 0.027692307692307693 0.08359456635318704
0 0.8057692307692308 0.5705329153605015 0.02846153846153846 0.08463949843260188
0 0.9834615384615385 0.6044932079414838 0.02923076923076923 0.08359456635318704
0 0.4819230769230769 0.5094043887147336 0.026153846153846153 0.08463949843260188
0 0.6203846153846154 0.5365726227795193 0.027692307692307693 0.08568443051201671
0 0.6411538461538462 0.5412748171368861 0.027692307692307693 0.08672936259143156
0 0.6615384615384615 0.5459770114942529 0.02923076923076923 0.0877742946708464
0 0.12384615384615384 0.49268547544409613 0.021538461538461538 0.07001044932079414
0 0.009615384615384616 0.47074190177638453 0.019230769230769232 0.06792058516196448
0 0.08692307692307692 0.4864158829676071 0.02076923076923077 0.07001044932079414
0 0.05615384615384615 0.48066875653082547 0.022307692307692306 0.06792058516196448
0 0.10692307692307693 0.49007314524555906 0.023846153846153847 0.07105538140020899
0 0.023076923076923078 0.47492163009404387 0.019230769230769232 0.06687565308254964
0 0.03807692307692308 0.4780564263322884 0.023846153846153847 0.07001044932079414
0 0.07076923076923076 0.4843260188087774 0.021538461538461538 0.07001044932079414
0 0.13884615384615384 0.49738766980146293 0.021538461538461538 0.07105538140020899
0 0.21807692307692308 0.5130616509926855 0.021538461538461538 0.07001044932079414
0 0.2023076923076923 0.5109717868338558 0.022307692307692306 0.06896551724137931
0 0.15461538461538463 0.5020898641588297 0.023076923076923078 0.07210031347962383
0 0.18653846153846154 0.5083594566353187 0.023076923076923078 0.07001044932079414
0 0.3007692307692308 0.5303030303030303 0.023076923076923078 0.07210031347962383
0 0.17038461538461538 0.5057471264367817 0.022307692307692306 0.07001044932079414
0 0.2696153846153846 0.5245559038662487 0.022307692307692306 0.07001044932079414
0 0.285 0.5276907001044933 0.023076923076923078 0.07314524555903866
0 0.23461538461538461 0.5182863113897597 0.024615384615384615 0.07105538140020899
0 0.25153846153846154 0.522466039707419 0.023846153846153847 0.07105538140020899
0 0.3515384615384615 0.5433646812957158 0.022307692307692306 0.07105538140020899
0 0.3169230769230769 0.5381400208986415 0.023846153846153847 0.07314524555903866
0 0.33384615384615385 0.5417972831765935 0.023076923076923078 0.07210031347962383
0 0.9126923076923077 0.670846394984326 0.03 0.08463949843260188
0 0.3942307692307692 0.5726227795193313 0.026153846153846153 0.08254963427377221
0 0.8934615384615384 0.6677115987460815 0.02846153846153846 0.08045977011494253
0 0.37576923076923074 0.5689655172413793 0.026923076923076925 0.08359456635318704
0 0.8730769230769231 0.6640543364681296 0.027692307692307693 0.08568443051201671
0 0.41423076923076924 0.577324973876698 0.027692307692307693 0.08463949843260188
0 0.43423076923076925 0.58098223615465 0.026923076923076925 0.08463949843260188
0 0.7365384615384616 0.6389759665621735 0.02846153846153846 0.08463949843260188
0 0.8542307692307692 0.6614420062695925 0.026923076923076925 0.08463949843260188
0 0.5142307692307693 0.5966562173458725 0.026923076923076925 0.08254963427377221
0 0.933076923076923 0.677115987460815 0.026153846153846153 0.08254963427377221
0 0.698076923076923 0.632183908045977 0.02923076923076923 0.08672936259143156
0 0.4938461538461538 0.593521421107628 0.026923076923076925 0.08359456635318704
0 0.9511538461538461 0.680773249738767 0.02846153846153846 0.08359456635318704
0 0.7169230769230769 0.6363636363636364 0.02846153846153846 0.08463949843260188
0 0.8334615384615385 0.6588296760710554 0.02846153846153846 0.08568443051201671
0 0.6796153846153846 0.6295715778474399 0.02846153846153846 0.08568443051201671
0 0.7753846153846153 0.6478578892371996 0.026153846153846153 0.08254963427377221
0 0.7942307692307692 0.6515151515151515 0.02923076923076923 0.08463949843260188
0 0.4542307692307692 0.5867293625914316 0.02846153846153846 0.08463949843260188
0 0.4734615384615385 0.5903866248693835 0.027692307692307693 0.08463949843260188
0 0.5346153846153846 0.6024033437826541 0.027692307692307693 0.08254963427377221
0 0.7569230769230769 0.644723092998955 0.026923076923076925 0.08463949843260188
0 0.9715384615384616 0.6859979101358412 0.02846153846153846 0.08254963427377221
0 0.6076923076923076 0.6170323928944619 0.13384615384615384 0.10762800417972831
0 0.813076923076923 0.6562173458725182 0.02846153846153846 0.08463949843260188
0 0.2969230769230769 0.5919540229885057 0.02076923076923077 0.05329153605015674
0 0.2803846153846154 0.5893416927899686 0.02 0.0522466039707419
0 0.3130769230769231 0.5971786833855799 0.02 0.047021943573667714
0 0.008846153846153846 0.5397074190177639 0.01769230769230769 0.07001044932079414
0 0.022307692307692306 0.5444096133751306 0.021538461538461538 0.07210031347962383
0 0.0876923076923077 0.5569487983281086 0.023846153846153847 0.07105538140020899
0 0.07 0.5543364681295716 0.023076923076923078 0.07210031347962383
0 0.10384615384615385 0.5606060606060606 0.021538461538461538 0.07105538140020899
0 0.03769230769230769 0.5480668756530825 0.021538461538461538 0.06896551724137931
0 0.11923076923076924 0.5642633228840125 0.022307692307692306 0.07314524555903866
0 0.05346153846153846 0.5517241379310345 0.022307692307692306 0.07210031347962383
0 0.2642307692307692 0.5924764890282131 0.021538461538461538 0.06583072100313479
0 0.19923076923076924 0.5804597701149425 0.023076923076923078 0.07105538140020899
0 0.13423076923076924 0.5684430512016719 0.023076923076923078 0.07210031347962383
0 0.14923076923076922 0.5721003134796239 0.022307692307692306 0.07001044932079414
0 0.18269230769230768 0.5788923719958202 0.023846153846153847 0.07105538140020899
0 0.21461538461538462 0.5846394984326019 0.022307692307692306 0.07210031347962383
0 0.16538461538461538 0.5752351097178683 0.024615384615384615 0.07105538140020899
0 0.23038461538461538 0.5882967607105538 0.023076923076923078 0.07210031347962383
0 0.24653846153846154 0.5914315569487983 0.025384615384615384 0.07001044932079414
0 0.8946153846153846 0.7361546499477534 0.023846153846153847 0.0522466039707419
0 0.8753846153846154 0.7335423197492164 0.023846153846153847 0.05642633228840126
0 0.3473076923076923 0.6462904911180773 0.027692307692307693 0.08254963427377221
0 0.9315384615384615 0.758098223615465 0.026153846153846153 0.08254963427377221
0 0.3853846153846154 0.654649947753396 0.026923076923076925 0.08463949843260188
0 0.9492307692307692 0.7622779519331243 0.026923076923076925 0.08254963427377221
0 0.36653846153846154 0.6509926854754441 0.02846153846153846 0.08672936259143156
0 0.56 0.6886102403343782 0.026923076923076925 0.08672936259143156
0 0.32769230769230767 0.6442006269592476 0.025384615384615384 0.08463949843260188
0 0.5019230769230769 0.6776384535005224 0.027692307692307693 0.0877742946708464
0 0.9123076923076923 0.7560083594566354 0.03 0.08463949843260188
0 0.7165384615384616 0.7189132706374086 0.02846153846153846 0.08254963427377221
0 0.9680769230769231 0.7659352142110762 0.026923076923076925 0.08463949843260188
0 0.425 0.6630094043887147 0.02846153846153846 0.08672936259143156
0 0.698076923076923 0.7152560083594567 0.03 0.08359456635318704
0 0.676923076923077 0.7115987460815048 0.026923076923076925 0.08359456635318704
0 0.4819230769230769 0.6745036572622779 0.026923076923076925 0.08463949843260188
0 0.8534615384615385 0.7450365726227796 0.02923076923076923 0.08568443051201671
0 0.7561538461538462 0.7267502612330199 0.02846153846153846 0.08463949843260188
0 0.4046153846153846 0.6598746081504702 0.02846153846153846 0.08672936259143156
0 0.46384615384615385 0.670846394984326 0.026153846153846153 0.08254963427377221
0 0.835 0.741901776384535 0.027692307692307693 0.08463949843260188
0 0.5219230769230769 0.6823406478578893 0.026923076923076925 0.08568443051201671
0 0.5796153846153846 0.6938349007314525 0.027692307692307693 0.08672936259143156
0 0.7365384615384616 0.7236154649947754 0.03 0.0877742946708464
0 0.5403846153846154 0.6865203761755486 0.026153846153846153 0.08463949843260188
0 0.7757692307692308 0.7314524555903866 0.02923076923076923 0.0877742946708464
0 0.4442307692307692 0.668234064785789 0.026923076923076925 0.08359456635318704
0 0.7938461538461539 0.735632183908046 0.027692307692307693 0.08463949843260188
0 0.8138461538461539 0.7403343782654127 0.03 0.08568443051201671
0 0.5984615384615385 0.6990595611285266 0.026923076923076925 0.08359456635318704
0 0.6576923076923077 0.7115987460815048 0.026923076923076925 0.08463949843260188
0 0.6176923076923077 0.7042842215256009 0.027692307692307693 0.08463949843260188
0 0.6376923076923077 0.7084639498432602 0.027692307692307693 0.08463949843260188
0 0.003076923076923077 0.6071055381400209 0.006153846153846154 0.07105538140020899
0 0.2573076923076923 0.6577847439916406 0.06076923076923077 0.03761755485893417
0 0.04461538461538461 0.6185997910135841 0.021538461538461538 0.06792058516196448
0 0.07730769230769231 0.6253918495297806 0.02076923076923077 0.07105538140020899
0 0.011153846153846153 0.6123301985370951 0.022307692307692306 0.07105538140020899
0 0.027307692307692307 0.6159874608150471 0.02076923076923077 0.07001044932079414
0 0.22076923076923077 0.6530825496342738 0.021538461538461538 0.06269592476489028
0 0.10961538461538461 0.6327063740856844 0.022307692307692306 0.07001044932079414
0 0.061153846153846156 0.6238244514106583 0.023076923076923078 0.07001044932079414
0 0.0926923076923077 0.6300940438871473 0.023076923076923078 0.07210031347962383
0 0.14038461538461539 0.6394984326018809 0.022307692307692306 0.07001044932079414
0 0.12538461538461537 0.6374085684430512 0.022307692307692306 0.06896551724137931
0 0.18692307692307691 0.6499477533960293 0.022307692307692306 0.07210031347962383
0 0.17153846153846153 0.6473354231974922 0.022307692307692306 0.07001044932079414
0 0.20423076923076924 0.6536050156739812 0.023846153846153847 0.07105538140020899
0 0.15653846153846154 0.644723092998955 0.022307692307692306 0.07001044932079414
0 0.34115384615384614 0.7277951933124347 0.02846153846153846 0.08463949843260188
0 0.3819230769230769 0.7361546499477534 0.026153846153846153 0.08150470219435736
0 0.3619230769230769 0.7330198537095088 0.02923076923076923 0.08254963427377221
0 0.24269230769230768 0.7105538140020898 0.027692307692307693 0.08463949843260188
0 0.9588461538461538 0.8469174503657262 0.02846153846153846 0.08463949843260188
0 0.6680769230769231 0.7920585161964472 0.03 0.08568443051201671
0 0.9207692307692308 0.8401253918495298 0.026153846153846153 0.08359456635318704
0 0.26269230769230767 0.7147335423197492 0.02846153846153846 0.08359456635318704
0 0.32269230769230767 0.7262277951933125 0.025384615384615384 0.08463949843260188
0 0.47884615384615387 0.7560083594566354 0.026153846153846153 0.08254963427377221
0 0.4 0.7413793103448276 0.026923076923076925 0.08359456635318704
0 0.6876923076923077 0.7962382445141066 0.02923076923076923 0.08359456635318704
0 0.9396153846153846 0.8443051201671892 0.02846153846153846 0.08463949843260188
0 0.4980769230769231 0.7601880877742947 0.025384615384615384 0.08045977011494253
0 0.2834615384615385 0.719435736677116 0.025384615384615384 0.08254963427377221
0 0.30346153846153845 0.723092998955068 0.026923076923076925 0.08254963427377221
0 0.7069230769230769 0.800417972831766 0.02846153846153846 0.08463949843260188
0 0.5957692307692307 0.7789968652037618 0.13 0.10240334378265413
0 0.7269230769230769 0.8045977011494253 0.02923076923076923 0.08045977011494253
0 0.8807692307692307 0.8338557993730408 0.02923076923076923 0.08568443051201671
0 0.4196153846153846 0.7460815047021944 0.02846153846153846 0.08359456635318704
0 0.46 0.7539184952978056 0.026923076923076925 0.08359456635318704
0 0.8430769230769231 0.8270637408568443 0.02923076923076923 0.08254963427377221
0 0.8623076923076923 0.8307210031347962 0.02923076923076923 0.08463949843260188
0 0.7461538461538462 0.8087774294670846 0.02923076923076923 0.08359456635318704
0 0.8234615384615385 0.8234064785788924 0.02846153846153846 0.08568443051201671
0 0.9023076923076923 0.8385579937304075 0.02846153846153846 0.08568443051201671
0 0.7842307692307692 0.8160919540229885 0.02923076923076923 0.08359456635318704
0 0.5173076923076924 0.7654127481713688 0.026923076923076925 0.08359456635318704
0 0.43923076923076926 0.7507836990595611 0.027692307692307693 0.08359456635318704
0 0.765 0.812957157784744 0.027692307692307693 0.08254963427377221
0 0.803076923076923 0.8223615464994776 0.03076923076923077 0.08568443051201671
0 0.036153846153846154 0.6875653082549634 0.022307692307692306 0.07105538140020899
0 0.019615384615384614 0.6849529780564263 0.023076923076923078 0.06896551724137931
0 0.006923076923076923 0.6818181818181818 0.013846153846153847 0.07001044932079414
0 0.1026923076923077 0.7011494252873564 0.022307692307692306 0.07001044932079414
0 0.051923076923076926 0.6922675026123302 0.022307692307692306 0.07105538140020899
0 0.06884615384615385 0.6959247648902821 0.022307692307692306 0.07314524555903866
0 0.08615384615384615 0.7001044932079414 0.023076923076923078 0.07001044932079414
0 0.19692307692307692 0.7309299895506792 0.06153846153846154 0.035527690700104496
0 0.16615384615384615 0.7763845350052246 0.04692307692307692 0.08672936259143156
0 0.9453846153846154 0.9252873563218391 0.026153846153846153 0.07732497387669801
0 0.25076923076923074 0.7925809822361547 0.022307692307692306 0.08045977011494253
0 0.19423076923076923 0.7821316614420063 0.026923076923076925 0.07732497387669801
0 0.9103846153846153 0.91901776384535 0.025384615384615384 0.08150470219435736
0 0.3473076923076923 0.8119122257053292 0.027692307692307693 0.08254963427377221
0 0.3657692307692308 0.8155694879832811 0.025384615384615384 0.08150470219435736
0 0.21346153846153845 0.786833855799373 0.026153846153846153 0.08045977011494253
0 0.9265384615384615 0.922675026123302 0.025384615384615384 0.0794148380355277
0 0.2326923076923077 0.790491118077325 0.027692307692307693 0.08150470219435736
0 0.6361538461538462 0.867816091954023 0.02846153846153846 0.08150470219435736
0 0.5376923076923077 0.8495297805642633 0.026923076923076925 0.08359456635318704
0 0.715 0.8834900731452455 0.02846153846153846 0.08463949843260188
0 0.48115384615384615 0.8390804597701149 0.026923076923076925 0.08463949843260188
0 0.5757692307692308 0.8573667711598746 0.026153846153846153 0.08150470219435736
0 0.6561538461538462 0.8725182863113897 0.02923076923076923 0.08463949843260188
0 0.6169230769230769 0.8652037617554859 0.02923076923076923 0.08254963427377221
0 0.3273076923076923 0.8098223615464994 0.02846153846153846 0.08463949843260188
0 0.26884615384615385 0.7988505747126436 0.026923076923076925 0.08359456635318704
0 0.3076923076923077 0.8066875653082549 0.026923076923076925 0.08359456635318704
0 0.5565384615384615 0.85423197492163 0.026923076923076925 0.08359456635318704
0 0.8515384615384616 0.9106583072100314 0.026153846153846153 0.08045977011494253
0 0.7330769230769231 0.8881922675026124 0.02846153846153846 0.08359456635318704
0 0.5957692307692307 0.8620689655172413 0.027692307692307693 0.08463949843260188
0 0.6761538461538461 0.8772204806687566 0.02923076923076923 0.08568443051201671
0 0.8915384615384615 0.9184952978056427 0.027692307692307693 0.0794148380355277
0 0.7715384615384615 0.8955067920585162 0.027692307692307693 0.08359456635318704
0 0.28846153846153844 0.8035527690700105 0.02846153846153846 0.08672936259143156
0 0.46153846153846156 0.8364681295715779 0.027692307692307693 0.08672936259143156
0 0.6957692307692308 0.8814002089864159 0.03 0.08568443051201671
0 0.7523076923076923 0.8923719958202717 0.02923076923076923 0.08359456635318704
0 0.49961538461538463 0.8443051201671892 0.027692307692307693 0.08359456635318704
0 0.5180769230769231 0.8479623824451411 0.026153846153846153 0.08150470219435736
0 0.8338461538461538 0.9080459770114943 0.026923076923076925 0.08254963427377221
0 0.7923076923076923 0.9007314524555904 0.03 0.08463949843260188
0 0.8711538461538462 0.9158829676071055 0.027692307692307693 0.08359456635318704
0 0.4419230769230769 0.8338557993730408 0.026923076923076925 0.08463949843260188
0 0.38346153846153846 0.822884012539185 0.027692307692307693 0.08568443051201671
0 0.4026923076923077 0.8275862068965517 0.025384615384615384 0.08463949843260188
0 0.8134615384615385 0.906478578892372 0.03076923076923077 0.08568443051201671
0 0.4219230769230769 0.8322884012539185 0.027692307692307693 0.08568443051201671
0 0.11269230769230769 0.7789968652037618 0.06461538461538462 0.034482758620689655