0 0.47657202944269195 0.07733076923076923 0.08445846477392212 0.09574615384615383
0 0.5570872765509989 0.07796153846153846 0.08813880126182959 0.09719230769230768
0 0.7198738170347003 0.7959538461538461 0.08240799158780243 0.08892307692307685
0 0.639043112513144 0.7982307692307693 0.07565720294426924 0.08520000000000008
0 0.5587802313354363 0.800923076923077 0.08134595162986326 0.08561538461538466
0 0.8089064143007361 0.8015384615384615 0.08746582544689807 0.08603076923076926
0 0.22966351209253416 0.8017153846153846 0.08694006309148265 0.0896846153846154
0 0.14499474237644583 0.802576923076923 0.0786855941114616 0.08881538461538464
0 0.4783596214511041 0.803876923076923 0.07618296529968459 0.0896846153846154
0 0.0635856992639327 0.8058307692307691 0.08049421661409044 0.08924615384615384
0 0.8764563617245005 0.8065 0.058601472134595184 0.08850769230769226
0 0.4001997896950578 0.8073461538461538 0.07858044164037857 0.0922769230769231
0 0.3152260778128286 0.8101615384615385 0.0815772870662461 0.09097692307692307
0 0.818222923238696 0.8867384615384616 0.175068349106204 0.09595384615384599
0 0.6070977917981073 0.8888076923076923 0.25373291272344894 0.09760769230769221
0 0.10708727655099895 0.8939923076923078 0.2125236593059937 0.09487692307692319
0 0.3421556256572029 0.9013615384615384 0.2562355415352261 0.08621538461538455
0 0.7823343848580442 0.9640461538461539 0.08634069400630905 0.07189999999999985
0 0.6924605678233439 0.9652923076923078 0.07960042060988438 0.06941538461538445
0 0.8620399579390116 0.9655307692307693 0.08404837013669827 0.06824615384615369
0 0.6144584647739222 0.9675615384615384 0.08189274447949514 0.0648692307692307
0 0.1695688748685594 0.9683307692307692 0.07334384858044164 0.06333076923076918
0 0.5330599369085174 0.9698384615384615 0.07966351209253422 0.06032307692307698
0 0.2455310199789695 0.9696153846153847 0.08096740273396424 0.06076923076923077
0 0.07513144058885383 0.9700307692307693 0.08108307045215561 0.058923076923076856
0 0.4336487907465825 0.9720153846153845 0.08152471083070449 0.05596923076923094
0 0.3477917981072555 0.9722307692307693 0.08393270241850677 0.05553076923076927
0 0.821608832807571 0.1673 0.1682860147213459 0.09553846153846156
0 0.09779179810725552 0.1689615384615385 0.19558359621451105 0.09097692307692308
0 0.33711882229232387 0.17026153846153846 0.2509043112513144 0.0935769230769231
0 0.5997371188222923 0.1732923076923077 0.26051524710830704 0.09429999999999998
0 0.25453207150368035 0.25561538461538463 0.08337539432176655 0.0901153846153846
0 0.169863301787592 0.25843076923076924 0.08221871713985278 0.08708461538461541
0 0.3398002103049421 0.2597307692307692 0.08688748685594111 0.09054615384615387
0 0.021545741324921132 0.2616769230769231 0.04261829652996846 0.08404615384615384
0 0.08666666666666667 0.2616769230769231 0.08759200841219766 0.08318461538461537
0 0.859211356466877 0.26325384615384617 0.09309148264984224 0.09057692307692308
0 0.4235856992639327 0.2642769230769231 0.07797055730809671 0.0849153846153846
0 0.7653732912723449 0.2642846153846154 0.08521556256572026 0.09016153846153849
0 0.676919032597266 0.2655230769230769 0.08129337539432172 0.09346923076923076
0 0.5076235541535226 0.26697692307692306 0.08532071503680341 0.08974615384615381
0 0.5895793901156677 0.26883076923076926 0.08981072555205057 0.08768461538461539
0 0.10830704521556257 0.34884615384615386 0.21661409043112514 0.08692307692307692
0 0.34954784437434283 0.35113846153846157 0.2556361724500526 0.09921538461538464
0 0.828117770767613 0.3567230769230769 0.1552891692954785 0.0889230769230769
0 0.6107676130389065 0.3583769230769231 0.25655099894847533 0.09057692307692308
0 0.032492113564668766 0.43649230769230773 0.06333333333333334 0.0862153846153846
0 0.10828601472134596 0.4401692307692308 0.0834279705573081 0.08838461538461545
0 0.1911777076761304 0.4401692307692308 0.0798422712933754 0.08838461538461545
0 0.2770347003154574 0.44103846153846155 0.08454258675078861 0.08404615384615384
0 0.36111461619348056 0.4442923076923077 0.08569926393270241 0.08968461538461532
0 0.7877076761303891 0.44626153846153843 0.08125131440588852 0.08933846153846162
0 0.6164353312302839 0.44688461538461544 0.08810725552050469 0.08809230769230768
0 0.5291062039957939 0.44771538461538457 0.0864458464773922 0.0847846153846154
0 0.6995268138801262 0.44792307692307687 0.08355415352260782 0.08933846153846162
0 0.8665615141955836 0.44792307692307687 0.07839116719242897 0.0852
0 0.4463827549947424 0.44926923076923075 0.08329127234490015 0.0875153846153846
0 0.1156677181913775 0.5302846153846154 0.2296845425867508 0.08664615384615393
0 0.3542902208201893 0.5320230769230769 0.256813880126183 0.09617692307692306
0 0.6121766561514195 0.5368384615384615 0.2548580441640379 0.0827153846153846
0 0.8255730809674028 0.5376692307692308 0.16037854889589903 0.09346923076923076
0 0.21960042060988433 0.6195384615384615 0.0798317560462671 0.0849153846153847
0 0.1367087276550999 0.6204 0.08105152471083069 0.08838461538461545
0 0.051735015772870666 0.6214846153846153 0.0864143007360673 0.09141538461538455
0 0.7080126182965301 0.6220384615384615 0.07903259726603584 0.08436923076923082
0 0.30426919032597266 0.6240846153846153 0.07980021030494215 0.08361538461538465
0 0.7899684542586751 0.6241076923076924 0.08012618296529973 0.08189230769230772
0 0.5429547844374343 0.6253538461538461 0.0836172450052576 0.08850769230769226
0 0.625478443743428 0.6255538461538461 0.0779284963196634 0.0823076923076923
0 0.4614826498422713 0.6266846153846154 0.0803259726603575 0.08361538461538465
0 0.3824290220820189 0.6282 0.07740273396424817 0.0849153846153847
0 0.8691062039957939 0.6307307692307693 0.07217665615141966 0.08933846153846162
0 0.2284752891692955 0.06996923076923077 0.08575184016824397 0.10007692307692308
0 0.13995793901156678 0.07105384615384616 0.08045215562565719 0.08664615384615383
0 0.6254679284963197 0.7093076923076923 0.2576866456361724 0.09181538461538453
0 0.11241850683491061 0.7098692307692308 0.22317560462670874 0.09574615384615387
0 0.3622818086225026 0.7124615384615385 0.2585909568874868 0.09487692307692301
0 0.8303785488958991 0.7153076923076923 0.1530283911671924 0.09057692307692308
0 0.8351945320715036 0.07216923076923076 0.09140904311251322 0.10049999999999998
0 0.3877602523659306 0.07235384615384616 0.08331230283911674 0.09357692307692307
0 0.7359936908517349 0.07362307692307692 0.09201892744479494 0.09430000000000001
0 0.3093059936908517 0.07408461538461539 0.07564668769716094 0.09184615384615384
0 0.05380651945320715 0.07538461538461538 0.08581493165089378 0.0875153846153846
0 0.6441324921135647 0.07630769230769231 0.0903575184016825 0.09636923076923078