0 0.601875 0.22790697674418606 0.083125 0.03255813953488372
0 0.685 0.22984496124031006 0.0825 0.037209302325581395
0 0.3665625 0.24263565891472869 0.09 0.034108527131782945
0 0.5196875 0.25736434108527134 0.093125 0.034108527131782945
0 0.4496875 0.25852713178294573 0.043125 0.03178294573643411
0 0.251875 0.26395348837209304 0.09875 0.03255813953488372
0 0.6075 0.2709302325581395 0.085 0.027906976744186046
0 0.695 0.2751937984496124 0.090625 0.03333333333333333
0 0.4465625 0.28914728682170543 0.045625 0.03255813953488372
0 0.3715625 0.2895348837209302 0.095625 0.03178294573643411
0 0.5175 0.29031007751937987 0.0925 0.03565891472868217
0 0.263125 0.2961240310077519 0.099375 0.02868217054263566
0 0.6928125 0.30426356589147285 0.08875 0.03178294573643411
0 0.60875 0.31550387596899226 0.085625 0.03255813953488372
0 0.3703125 0.32170542635658916 0.094375 0.031007751937984496
0 0.5134375 0.32209302325581396 0.091875 0.03333333333333333
0 0.4434375 0.32248062015503876 0.04375 0.031007751937984496
0 0.2653125 0.3267441860465116 0.096875 0.02868217054263566
0 0.6925 0.3333333333333333 0.08125 0.030232558139534883
0 0.6071875 0.34689922480620156 0.09125 0.03255813953488372
0 0.364375 0.351937984496124 0.093125 0.030232558139534883
0 0.5134375 0.35348837209302325 0.090625 0.03255813953488372
0 0.443125 0.35387596899224805 0.04375 0.030232558139534883
0 0.258125 0.35658914728682173 0.096875 0.030232558139534883
0 0.6859375 0.3627906976744186 0.074375 0.02945736434108527
0 0.6034375 0.3763565891472868 0.086875 0.02945736434108527
0 0.5128125 0.3821705426356589 0.089375 0.031007751937984496
0 0.3559375 0.38333333333333336 0.09375 0.03255813953488372
0 0.44375 0.38449612403100775 0.041875 0.03255813953488372
0 0.256875 0.386046511627907 0.095 0.03333333333333333
0 0.6859375 0.3918604651162791 0.035 0.024031007751937984
0 0.72375 0.3922480620155039 0.040625 0.02635658914728682
0 0.6565625 0.40891472868217055 0.041875 0.030232558139534883
0 0.61125 0.40891472868217055 0.045625 0.03255813953488372
0 0.54125 0.40968992248062014 0.089375 0.03255813953488372
0 0.4503125 0.4135658914728682 0.089375 0.030232558139534883
0 0.356875 0.41589147286821704 0.093125 0.031007751937984496
0 0.285625 0.4166666666666667 0.044375 0.02635658914728682
0 0.6909375 0.4174418604651163 0.026875 0.02558139534883721
0 0.230625 0.41821705426356587 0.04625 0.02868217054263566
0 0.72625 0.4193798449612403 0.04125 0.027131782945736434
0 0.535625 0.43953488372093025 0.08875 0.031007751937984496
0 0.654375 0.43992248062015504 0.0475 0.03178294573643411
0 0.6109375 0.44031007751937984 0.04 0.02945736434108527
0 0.4453125 0.44069767441860463 0.09 0.03178294573643411
0 0.3509375 0.4445736434108527 0.0925 0.03565891472868217
0 0.273125 0.44534883720930235 0.044375 0.02868217054263566
0 0.224375 0.44573643410852715 0.04625 0.02945736434108527
0 0.5375 0.46782945736434106 0.08875 0.02945736434108527
0 0.6540625 0.4693798449612403 0.0425 0.027131782945736434
0 0.443125 0.4697674418604651 0.088125 0.02945736434108527
0 0.6109375 0.47093023255813954 0.044375 0.02945736434108527
0 0.721875 0.4724806201550388 0.090625 0.02945736434108527
0 0.3421875 0.47325581395348837 0.09125 0.03255813953488372
0 0.2728125 0.4751937984496124 0.043125 0.027131782945736434
0 0.224375 0.4755813953488372 0.045 0.02868217054263566
0 0.5359375 0.49573643410852714 0.088125 0.027906976744186046
0 0.654375 0.4965116279069767 0.041875 0.027131782945736434
0 0.6103125 0.49844961240310076 0.04125 0.027906976744186046
0 0.44375 0.4996124031007752 0.089375 0.03178294573643411
0 0.3453125 0.5015503875968992 0.09125 0.02868217054263566
0 0.7228125 0.5031007751937985 0.090625 0.02945736434108527
0 0.27 0.5038759689922481 0.043125 0.027131782945736434
0 0.225625 0.5050387596899225 0.044375 0.030232558139534883
0 0.6546875 0.524031007751938 0.039375 0.02635658914728682
0 0.5359375 0.5248062015503876 0.0875 0.031007751937984496
0 0.4409375 0.5267441860465116 0.09125 0.027131782945736434
0 0.6109375 0.5275193798449612 0.0425 0.027906976744186046
0 0.3425 0.5298449612403101 0.089375 0.02558139534883721
0 0.2684375 0.5325581395348837 0.045 0.027131782945736434
0 0.723125 0.5329457364341085 0.089375 0.031007751937984496
0 0.2228125 0.5364341085271318 0.044375 0.03178294573643411
0 0.62 0.5503875968992248 0.0875 0.02868217054263566
0 0.509375 0.5531007751937984 0.039375 0.02248062015503876
0 0.710625 0.5538759689922481 0.089375 0.030232558139534883
0 0.380625 0.5538759689922481 0.04125 0.027906976744186046
0 0.4665625 0.5546511627906977 0.03875 0.02558139534883721
0 0.5525 0.5546511627906977 0.040625 0.027131782945736434
0 0.3228125 0.5565891472868217 0.04125 0.02558139534883721
0 0.4234375 0.5577519379844961 0.0425 0.030232558139534883
0 0.2503125 0.5658914728682171 0.093125 0.034108527131782945
0 0.5103125 0.5790697674418605 0.039375 0.027131782945736434
0 0.6175 0.5794573643410853 0.088125 0.02558139534883721
0 0.55125 0.5802325581395349 0.040625 0.02248062015503876
0 0.7071875 0.5806201550387597 0.088125 0.02945736434108527
0 0.7065625 0.5825581395348837 0.089375 0.023255813953488372
0 0.326875 0.5833333333333334 0.04125 0.027131782945736434
0 0.4671875 0.584108527131783 0.04125 0.031007751937984496
0 0.369375 0.5852713178294574 0.04 0.02868217054263566
0 0.419375 0.5875968992248062 0.04 0.02868217054263566
0 0.25375 0.5891472868217055 0.09 0.030232558139534883
0 0.551875 0.6065891472868217 0.04 0.02868217054263566
0 0.6178125 0.6069767441860465 0.088125 0.027906976744186046
0 0.5059375 0.6093023255813953 0.03875 0.024031007751937984
0 0.7053125 0.6104651162790697 0.0875 0.030232558139534883
0 0.3240625 0.6112403100775193 0.04 0.02868217054263566
0 0.3728125 0.6112403100775193 0.041875 0.020930232558139535
0 0.4653125 0.6124031007751938 0.04 0.027906976744186046
0 0.2559375 0.6143410852713178 0.089375 0.027131782945736434
0 0.4228125 0.6158914728682171 0.041875 0.030232558139534883
0 0.61625 0.6317829457364341 0.085 0.02635658914728682
0 0.5509375 0.6325581395348837 0.039375 0.02558139534883721
0 0.5103125 0.6344961240310077 0.03875 0.027906976744186046
0 0.37 0.6348837209302326 0.040625 0.024806201550387597
0 0.324375 0.6364341085271318 0.04 0.024806201550387597
0 0.7034375 0.6372093023255814 0.0875 0.027131782945736434
0 0.4665625 0.6383720930232558 0.039375 0.02868217054263566
0 0.2565625 0.6395348837209303 0.089375 0.02635658914728682
0 0.4234375 0.641860465116279 0.040625 0.031007751937984496
0 0.6134375 0.6577519379844962 0.086875 0.027906976744186046
0 0.5484375 0.6585271317829458 0.03875 0.024031007751937984
0 0.5084375 0.6608527131782945 0.04 0.02558139534883721
0 0.3265625 0.6616279069767442 0.040625 0.024806201550387597
0 0.46125 0.6624031007751938 0.038125 0.024031007751937984
0 0.70375 0.663953488372093 0.08875 0.027906976744186046
0 0.3725 0.6643410852713179 0.040625 0.02558139534883721
0 0.253125 0.6647286821705426 0.088125 0.024031007751937984
0 0.4190625 0.6682170542635659 0.04 0.027131782945736434