0 0.18076923076923077 0.10243682310469314 0.33153846153846156 0.14891696750902528
0 0.4492307692307692 0.12093862815884476 0.1823076923076923 0.12815884476534295
0 0.6480769230769231 0.13673285198555957 0.18923076923076923 0.12454873646209386
0 0.8323076923076923 0.14981949458483754 0.18 0.12815884476534295
0 0.08153846153846153 0.21435018050541516 0.1423076923076923 0.1263537906137184
0 0.6388461538461538 0.25 0.18461538461538463 0.13357400722021662
0 0.4503846153846154 0.2427797833935018 0.19076923076923077 0.12815884476534295
0 0.8646153846153846 0.26895306859205775 0.27076923076923076 0.13176895306859207
0 0.25 0.23691335740072203 0.19615384615384615 0.1272563176895307
0 0.2753846153846154 0.028429602888086644 0.18923076923076923 0.05685920577617329
0 0.5576923076923077 0.04061371841155235 0.37538461538461537 0.0812274368231047
0 0.8430769230769231 0.05595667870036101 0.17461538461538462 0.07851985559566788
0 0.08423076923076923 0.3325812274368231 0.1576923076923077 0.12274368231046931
0 0.7388461538461538 0.37906137184115524 0.3769230769230769 0.14259927797833935
0 0.25884615384615384 0.3506317689530686 0.1930769230769231 0.13447653429602888
0 0.45884615384615385 0.365072202166065 0.19076923076923077 0.13086642599277978
0 0.8696153846153846 0.5013537906137184 0.26076923076923075 0.1272563176895307
0 0.1723076923076923 0.4611913357400722 0.3446153846153846 0.15342960288808663
0 0.5326923076923077 0.4851083032490975 0.37538461538461537 0.14169675090252706
0 0.8653846153846154 0.6146209386281588 0.2653846153846154 0.13898916967509026
0 0.08538461538461538 0.5731046931407943 0.17076923076923076 0.11552346570397112
0 0.6342307692307693 0.6078519855595668 0.18 0.12093862815884476
0 0.4542307692307692 0.5979241877256317 0.18307692307692308 0.12454873646209386
0 0.2673076923076923 0.5884476534296029 0.1853846153846154 0.11913357400722022
0 0.8623076923076923 0.7333032490974729 0.26 0.1263537906137184
0 0.17 0.6926895306859205 0.34 0.14350180505415164
0 0.5392307692307692 0.7179602888086642 0.3823076923076923 0.14169675090252706
0 0.825 0.845216606498195 0.18153846153846154 0.12274368231046931
0 0.07115384615384615 0.7987364620938628 0.1423076923076923 0.12454873646209386
0 0.6430769230769231 0.8393501805054152 0.18615384615384614 0.12815884476534295
0 0.4530769230769231 0.8303249097472925 0.18307692307692308 0.12093862815884476
0 0.26 0.8226534296028881 0.18076923076923077 0.12364620938628158