0 0.697976923076923 0.11921630094043888 0.18413846153846145 0.08807732497387671
0 0.18519230769230768 0.12142110762800418 0.08427692307692305 0.07838035527690702
0 0.0807 0.12626959247648903 0.08950769230769232 0.08454545454545456
0 0.3221230769230769 0.12626959247648903 0.1841615384615385 0.08454545454545456
0 0.8408307692307692 0.1271473354231975 0.08295384615384627 0.07219435736677118
0 0.5616923076923077 0.12758620689655173 0.08684615384615392 0.07484848484848484
0 0.9219615384615384 0.12979101358411702 0.08291538461538459 0.07219435736677117
0 0.4659615384615385 0.1377324973876698 0.0823461538461538 0.07571577847439914
0 0.06868461538461539 0.20296760710553816 0.1356 0.08626959247648903
0 0.23613076923076926 0.20340647857889238 0.18485384615384615 0.08715778474399166
0 0.9412230769230768 0.2038453500522466 0.11755384615384629 0.07568443051201673
0 0.6119846153846155 0.2038453500522466 0.1796307692307692 0.08097178683385581
0 0.7918153846153846 0.20606060606060606 0.178376923076923 0.0836468129571578
0 0.42603846153846153 0.21443051201671892 0.18296153846153843 0.07920585161964473
0 0.19686923076923077 0.2823092998955068 0.08686153846153845 0.0827063740856844
0 0.7434153846153847 0.2831974921630094 0.08546923076923069 0.07564263322884011
0 0.6551538461538462 0.28363636363636363 0.08680769230769224 0.07829676071055379
0 0.932023076923077 0.2853918495297806 0.08616153846153862 0.08005224660397076
0 0.8272076923076922 0.2867189132706374 0.08426153846153843 0.07035527690700105
0 0.03266923076923077 0.2871577847439916 0.06486923076923076 0.08006269592476489
0 0.5652615384615385 0.2889237199582027 0.08099999999999996 0.07653082549634274
0 0.33932307692307695 0.28936259143155696 0.17701538461538466 0.07565308254963425
0 0.10893076923076925 0.29112852664576805 0.08495384615384616 0.0721212121212121
0 0.4776461538461539 0.2964158829676071 0.0875307692307692 0.06858934169278995
0 0.8132384615384616 0.35812957157784747 0.16928461538461542 0.07207941483803555
0 0.9509615384615384 0.3603343782654127 0.09807692307692308 0.08177638453500521
0 0.23093846153846156 0.03755485893416927 0.19004615384615384 0.07510971786833855
0 0.6220384615384615 0.3664994775339603 0.17897692307692314 0.0782549634273772
0 0.25527692307692307 0.36738766980146287 0.1803 0.08002089864158834
0 0.08186923076923078 0.3682654127481714 0.16373846153846155 0.08002089864158834
0 0.43609230769230767 0.37444096133751303 0.17840769230769235 0.0800104493207942
0 0.6246153846153846 0.04075235109717868 0.18 0.08150470219435736
0 0.4296076923076923 0.042403343782654125 0.1926923076923077 0.08480668756530825
0 0.05863076923076923 0.04295715778474399 0.11677692307692308 0.07842215256008357
0 0.9466153846153845 0.4375548589341693 0.08289230769230786 0.07925809822361549
0 0.7145384615384616 0.4375548589341693 0.17182307692307702 0.0739602925809822
0 0.9473923076923076 0.04427377220480668 0.10521538461538477 0.07576802507836991
0 0.8603000000000001 0.4388819226750261 0.08812307692307689 0.07661442006269586
0 0.5853846153846154 0.44231974921630096 0.08359230769230774 0.07644723092998952
0 0.21958461538461538 0.4436468129571578 0.08685384615384613 0.07556948798328114
0 0.04208461538461539 0.4436468129571578 0.08368461538461539 0.07204806687565313
0 0.3617153846153846 0.4449738766980146 0.17636153846153846 0.07644723092998952
0 0.13359230769230768 0.4489341692789969 0.08364615384615386 0.07203761755485899
0 0.8073999999999999 0.04560083594566353 0.178376923076923 0.08723092998955066
0 0.4954923076923077 0.4493730407523511 0.08816923076923086 0.07291536050156737
0 0.9529076923076922 0.5094043887147336 0.09418461538461542 0.0765726227795193
0 0.8080384615384616 0.5160188087774294 0.17706153846153844 0.0756948798328108
0 0.6311384615384615 0.5177742946708463 0.17510769230769221 0.08625914315569483
0 0.2630538461538462 0.5186833855799373 0.17379230769230772 0.07573667711598749
0 0.08782307692307692 0.5222152560083595 0.1673769230769231 0.0810240334378265
0 0.44973846153846153 0.5239498432601881 0.1810230769230769 0.07743991640543366
0 0.04369230769230769 0.584367816091954 0.08561538461538461 0.07834900731452457
0 0.8359615384615384 0.5861024033437826 0.08099230769230767 0.0642006269592477
0 0.7087 0.5891849529780564 0.17312307692307688 0.07035527690700097
0 0.14202307692307692 0.5927377220480669 0.08233076923076921 0.06512016718913265
0 0.9303923076923077 0.5931556948798328 0.08679230769230764 0.08006269592476502
0 0.31466153846153844 0.5936259143155695 0.08355384615384616 0.06688610240334378
0 0.40458461538461543 0.5945350052246604 0.08033846153846158 0.06342737722048071
0 0.2306153846153846 0.5958307210031348 0.08423846153846153 0.06952978056426329
0 0.48928461538461543 0.5967398119122257 0.08484615384615381 0.06782654127481723
0 0.5779307692307691 0.5971264367816093 0.08426923076923074 0.0721212121212121
0 0.9415461538461538 0.649582027168234 0.11689999999999985 0.0641692789968653
0 0.799276923076923 0.65619644723093 0.1647384615384615 0.07210031347962383
0 0.29193846153846154 0.6562173458725182 0.16403846153846155 0.05450365726227804
0 0.10826153846153846 0.6575444096133751 0.1706076923076923 0.07125391849529786
0 0.4594153846153846 0.6624242424242425 0.1666307692307692 0.06868338557993732
0 0.6298461538461538 0.6654440961337513 0.16991538461538452 0.07120167189132717
0 0.3338076923076923 0.718808777429467 0.08289230769230768 0.06152560083594578
0 0.41886153846153845 0.7197283176593521 0.07513846153846158 0.06512016718913265
0 0.2500846153846154 0.7214524555903866 0.07773846153846149 0.06505747126436781
0 0.9268230769230769 0.7262800417972831 0.08355384615384608 0.07294670846394978
0 0.05346153846153846 0.725705329153605 0.10692307692307693 0.07210031347962383
0 0.49869230769230766 0.7267816091954022 0.07769999999999999 0.06688610240334378
0 0.8434230769230769 0.7289237199582027 0.08293846153846167 0.07118077324973889
0 0.15467692307692307 0.7293939393939394 0.07518461538461539 0.0668129571577848
0 0.7093461538461538 0.7320062695924765 0.17183076923076915 0.07381400208986426
0 0.5798769230769231 0.7399477533960293 0.08556153846153848 0.07556948798328102
0 0.2974923076923077 0.7823197492163009 0.15306923076923076 0.06333333333333323
0 0.12124615384615385 0.7889028213166145 0.16281538461538458 0.05531870428422158
0 0.9431692307692306 0.788944618599791 0.11365384615384615 0.06599791013584126
0 0.45617692307692304 0.789373040752351 0.16014615384615388 0.07742946708463941
0 0.7989538461538462 0.7999686520376176 0.17317692307692317 0.0651097178683385
0 0.6256461538461539 0.8043573667711599 0.1706076923076923 0.06684430512016722
0 0.2536923076923077 0.8466771159874608 0.07456153846153843 0.05977011494252878
0 0.3705 0.8519644723093 0.16277692307692304 0.0738766980146291
0 0.9767846153846154 0.8536886102403344 0.04642307692307685 0.058401253918495405
0 0.9125461538461538 0.8546290491118077 0.07187692307692312 0.061556948798328195
0 0.06153846153846154 0.856342737722048 0.1213076923076923 0.07203761755485899
0 0.49577692307692306 0.8612225705329154 0.08094615384615386 0.07475444096133747
0 0.15792307692307694 0.8625182863113897 0.07777692307692309 0.07027168234064786
0 0.5799 0.8643155694879833 0.07911538461538455 0.06329153605015668
0 0.7035538461538462 0.8665308254963427 0.16413076923076933 0.06242424242424243
0 0.8343384615384616 0.8700522466039707 0.07645384615384605 0.06595611285266446