0 0.9304153846153845 0.12729362591431556 0.13916153846153834 0.08966562173458725
0 0.4954 0.12824451410658308 0.23858461538461545 0.08782654127481712
0 0.7361538461538462 0.12855799373040752 0.24179230769230764 0.09094043887147336
0 0.06821538461538462 0.12887147335423196 0.13642307692307695 0.08657262277951933
0 0.2573923076923077 0.13104493207941484 0.23720000000000002 0.095914315569488
0 0.47935384615384613 0.21240334378265413 0.11376153846153854 0.08654127481713687
0 0.1291076923076923 0.21271682340647857 0.11557692307692308 0.09089864158829677
0 0.03503076923076923 0.21396029258098223 0.0688076923076923 0.08964472309299898
0 0.3625 0.21551724137931033 0.11323846153846157 0.0952560083594566
0 0.24567692307692307 0.21770114942528737 0.11460769230769231 0.08715778474399166
0 0.7148307692307692 0.21770114942528737 0.11376153846153836 0.08466039707419015
0 0.8313923076923077 0.21863113897596656 0.11738461538461531 0.0877742946708464
0 0.5970615384615384 0.21895506792058517 0.11600769230769227 0.09214211076280042
0 0.9476307692307693 0.22429467084639498 0.10473846153846143 0.08537095088819226
0 0.5098538461538461 0.3065726227795193 0.23903076923076924 0.09405433646812957
0 0.07563846153846154 0.30715778474399164 0.15093846153846155 0.07900731452455592
0 0.2709307692307692 0.3087669801462905 0.2348923076923077 0.08722048066875655
0 0.9382230769230769 0.3103134796238245 0.12355384615384607 0.08905956112852667
0 0.7506153846153846 0.3136990595611285 0.23581538461538457 0.09084639498432595
0 0.9689769230769232 0.034723092998955075 0.06204615384615374 0.06913270637408568
0 0.7559 0.035047021943573675 0.11879230769230774 0.06854754440961337
0 0.8747615384615385 0.03653082549634274 0.11690769230769232 0.07306165099268548
0 0.056053846153846155 0.03723092998955069 0.1111923076923077 0.07415882967607106
0 0.29044615384615385 0.03808777429467085 0.11326923076923077 0.0761755485893417
0 0.6374461538461538 0.03941483803552769 0.11139999999999996 0.07727272727272726
0 0.10798461538461539 0.3938662486938349 0.12199230769230772 0.09154649947753397
0 0.46580769230769226 0.3945141065830721 0.11329999999999997 0.08910135841170322
0 0.5839846153846153 0.395141065830721 0.11554615384615387 0.09035527690700107
0 0.3446 0.39698014629049116 0.10957692307692311 0.09277951933124343
0 0.4093076923076923 0.040031347962382446 0.11046923076923074 0.07975966562173457
0 0.17362307692307694 0.040344827586206895 0.11556153846153844 0.07914315569487981
0 0.5227153846153846 0.04035527690700105 0.11053076923076928 0.08039707419017764
0 0.22960000000000003 0.39729362591431555 0.11460000000000001 0.09092998955067919
0 0.9407461538461539 0.39945663531870423 0.11850769230769227 0.08901776384535011
0 0.8235923076923077 0.40199582027168235 0.11738461538461531 0.09158829676071054
0 0.7040461538461539 0.40262277951933123 0.11514615384615388 0.08784743991640549
0 0.07187692307692307 0.48830721003134797 0.14374615384615386 0.09960292580982241
0 0.5068692307692307 0.4886415882967607 0.2385692307692308 0.09654127481713694
0 0.26633076923076926 0.49115987460815047 0.23946923076923074 0.08661442006269592
0 0.9353846153846154 0.493730407523511 0.12923076923076923 0.09090909090909091
0 0.746253846153846 0.4970637408568443 0.23628461538461534 0.0884221525600836
0 0.02952307692307692 0.5778474399164054 0.05779230769230769 0.08786833855799371
0 0.3569769230769231 0.5796865203761755 0.11413846153846154 0.09654127481713694
0 0.47819999999999996 0.5799686520376175 0.11421538461538464 0.08963427377220477
0 0.12338461538461538 0.5815569487983281 0.1160769230769231 0.09030303030303038
0 0.24018461538461539 0.5840438871473353 0.11464615384615381 0.09280041797283171
0 0.5947692307692308 0.5855799373040752 0.11507692307692301 0.09711598746081511
0 0.9446461538461538 0.5856321839080461 0.11069999999999988 0.09472309299895516
0 0.8307076923076924 0.5886938349007315 0.11692307692307692 0.09336468129571568
0 0.7111615384615384 0.5899477533960293 0.11193076923076922 0.0921212121212122
0 0.07846153846153846 0.6729362591431557 0.15692307692307692 0.09404388714733543
0 0.513523076923077 0.676050156739812 0.2399461538461539 0.0984639498432602
0 0.27573846153846154 0.6766248693834901 0.2344153846153846 0.08963427377220477
0 0.9407461538461539 0.6788296760710554 0.11850769230769227 0.08657262277951924
0 0.7572692307692308 0.679153605015674 0.23352307692307686 0.08347962382445151
0 0.8261153846153847 0.7679832810867294 0.11967692307692301 0.09153605015673971
0 0.10065384615384615 0.7682863113897597 0.11558461538461538 0.09338557993730397
0 0.23282307692307694 0.7695297805642634 0.11369230769230772 0.09462904911180768
0 0.34781538461538464 0.7695506792058516 0.11141538461538464 0.09342737722048075
0 0.46351538461538466 0.7698641588296761 0.11422307692307693 0.091556948798328
0 0.9437307692307692 0.7704702194357367 0.11253846153846168 0.09275862068965515
0 0.7047307692307692 0.7711076280041798 0.11743846153846159 0.095276907001045
0 0.5814615384615385 0.7720480668756531 0.11600769230769227 0.0921734587251829
0 0.27276923076923076 0.8587042842215256 0.23581538461538457 0.09338557993730397
0 0.0744076923076923 0.8592998955067921 0.1488076923076923 0.0871055381400208
0 0.7503846153846154 0.8608672936259143 0.23719230769230762 0.09024033437826531
0 0.5100846153846154 0.8611912225705329 0.23673076923076924 0.08963427377220477
0 0.9363846153846154 0.862110762800418 0.12723076923076931 0.08897596656217355