0 0.9342307692307692 0.14733542319749215 0.13153846153846155 0.0961337513061651
0 0.505 0.12800417972831765 0.24076923076923076 0.09926854754440961
0 0.7453846153846154 0.1400208986415883 0.24384615384615385 0.10240334378265413
0 0.07807692307692307 0.10867293625914315 0.13846153846153847 0.09299895506792058
0 0.26692307692307693 0.11964472309299895 0.23923076923076922 0.10658307210031348
0 0.4869230769230769 0.2115987460815047 0.11615384615384615 0.09195402298850575
0 0.13653846153846153 0.19540229885057472 0.1176923076923077 0.0961337513061651
0 0.04269230769230769 0.1922675026123302 0.07076923076923076 0.09299895506792058
0 0.37 0.2089864158829676 0.11538461538461539 0.10031347962382445
0 0.2530769230769231 0.2058516196447231 0.11692307692307692 0.09299895506792058
0 0.7219230769230769 0.2283176593521421 0.11615384615384615 0.08986415882967608
0 0.8384615384615385 0.23458725182863113 0.11923076923076924 0.09299895506792058
0 0.6042307692307692 0.22361546499477533 0.11846153846153847 0.09717868338557993
0 0.9503846153846154 0.24555903866248693 0.09923076923076923 0.08986415882967608
0 0.515 0.3072100313479624 0.24153846153846154 0.10553814002089865
0 0.08076923076923077 0.28735632183908044 0.15307692307692308 0.08568443051201671
0 0.27615384615384614 0.29780564263322884 0.23692307692307693 0.09822361546499478
0 0.94 0.33072100313479624 0.12 0.09508881922675026
0 0.7553846153846154 0.32549634273772204 0.2376923076923077 0.10240334378265413
0 0.9742307692307692 0.056948798328108674 0.05153846153846154 0.07210031347962383
0 0.7676923076923077 0.04754440961337513 0.12076923076923077 0.0741901776384535
0 0.8865384615384615 0.054336468129571575 0.11846153846153847 0.07836990595611286
0 0.06807692307692308 0.02821316614420063 0.11307692307692307 0.05642633228840126
0 0.30230769230769233 0.034482758620689655 0.11538461538461539 0.06896551724137931
0 0.6492307692307693 0.04597701149425287 0.11307692307692307 0.08254963427377221
0 0.11076923076923077 0.37513061650992685 0.12461538461538461 0.09717868338557993
0 0.4684615384615385 0.3928944618599791 0.11538461538461539 0.09404388714733543
0 0.5865384615384616 0.3991640543364681 0.1176923076923077 0.0961337513061651
0 0.3473076923076923 0.3897596656217346 0.11153846153846154 0.09822361546499478
0 0.4207692307692308 0.03918495297805643 0.1123076923076923 0.07836990595611286
0 0.18576923076923077 0.03343782654127482 0.1176923076923077 0.06687565308254964
0 0.5346153846153846 0.04231974921630094 0.1123076923076923 0.08463949843260188
0 0.2323076923076923 0.3845350052246604 0.11692307692307692 0.0961337513061651
0 0.9411538461538461 0.4205851619644723 0.1176923076923077 0.09508881922675026
0 0.8257692307692308 0.4174503657262278 0.12 0.09717868338557993
0 0.7065384615384616 0.4122257053291536 0.1176923076923077 0.09299895506792058
0 0.0726923076923077 0.46812957157784746 0.1453846153846154 0.10658307210031348
0 0.5073076923076923 0.4890282131661442 0.24076923076923076 0.10762800417972831
0 0.26653846153846156 0.48014629049111807 0.24153846153846154 0.09822361546499478
0 0.9346153846153846 0.5146290491118077 0.13076923076923078 0.09717868338557993
0 0.7461538461538462 0.5088819226750261 0.23846153846153847 0.09926854754440961
0 0.028846153846153848 0.5553814002089864 0.057692307692307696 0.09090909090909091
0 0.355 0.5726227795193313 0.11692307692307692 0.10240334378265413
0 0.47615384615384615 0.5788923719958202 0.11615384615384615 0.09508881922675026
0 0.12153846153846154 0.5637408568443051 0.11846153846153847 0.0961337513061651
0 0.23807692307692307 0.5715778474399164 0.11692307692307692 0.09822361546499478
0 0.5926923076923077 0.589864158829676 0.1176923076923077 0.10240334378265413
0 0.9423076923076923 0.6065830721003135 0.11307692307692307 0.10031347962382445
0 0.828076923076923 0.6044932079414838 0.11923076923076924 0.09926854754440961
0 0.7088461538461538 0.599791013584117 0.11384615384615385 0.09717868338557993
0 0.07692307692307693 0.6525600835945663 0.15384615384615385 0.1013584117032393
0 0.5088461538461538 0.6765935214211076 0.2423076923076923 0.109717868338558
0 0.27115384615384613 0.6661442006269592 0.23692307692307693 0.10031347962382445
0 0.9357692307692308 0.699582027168234 0.12076923076923077 0.09195402298850575
0 0.7526923076923077 0.6912225705329154 0.2353846153846154 0.09404388714733543
0 0.8188461538461539 0.7831765935214211 0.12230769230769231 0.09717868338557993
0 0.09384615384615384 0.7492163009404389 0.1176923076923077 0.09926854754440961
0 0.22615384615384615 0.7565308254963428 0.11615384615384615 0.10031347962382445
0 0.34115384615384614 0.7622779519331243 0.11384615384615385 0.09822361546499478
0 0.45653846153846156 0.768025078369906 0.11615384615384615 0.09717868338557993
0 0.9365384615384615 0.7915360501567398 0.11461538461538462 0.09822361546499478
0 0.6976923076923077 0.780564263322884 0.12 0.10031347962382445
0 0.5742307692307692 0.7758620689655172 0.11846153846153847 0.09717868338557993
0 0.26384615384615384 0.8479623824451411 0.2376923076923077 0.1044932079414838
0 0.07038461538461538 0.8390804597701149 0.14076923076923076 0.09404388714733543
0 0.7407692307692307 0.8725182863113897 0.23923076923076922 0.1013584117032393
0 0.5007692307692307 0.8615464994775339 0.23923076923076922 0.10031347962382445
0 0.926923076923077 0.8824451410658307 0.12923076923076923 0.09508881922675026