0 0.1442 0.10852664576802508 0.08541538461538463 0.18647857889237202
0 0.22013846153846153 0.10852664576802507 0.07075384615384617 0.18189132706374084
0 0.9468230769230769 0.24035527690700106 0.10635384615384633 0.18876698014629054
0 0.8628769230769231 0.25335423197492163 0.06561538461538476 0.1826541274817137
0 0.7925692307692307 0.2583176593521421 0.06676923076923082 0.18495297805642635
0 0.4452230769230769 0.2594670846394984 0.07084615384615378 0.18265412748171372
0 0.37903846153846155 0.2613793103448276 0.07237692307692306 0.1803657262277952
0 0.5844461538461538 0.2621421107628004 0.06460769230769231 0.18495297805642633
0 0.7259153846153846 0.2644305120167189 0.06623846153846147 0.1834169278996865
0 0.6558846153846154 0.26519331243469174 0.0702 0.18036572622779523
0 0.5155384615384616 0.26825496342737726 0.07082307692307688 0.1803657262277952
0 0.035923076923076926 0.27856844305120165 0.07139999999999999 0.17806687565308252
0 0.31013846153846153 0.2827690700104493 0.07634615384615384 0.1834169278996865
0 0.24151538461538463 0.2843051201671891 0.07862307692307695 0.1788401253918495
0 0.1703538461538462 0.2862173458725183 0.0780923076923077 0.1719540229885058
0 0.10004615384615385 0.2892685475444096 0.07136923076923075 0.17349007314524553
0 0.9805769230769231 0.42033437826541276 0.03883846153846137 0.16966562173458727
0 0.9259384615384616 0.4222466039707419 0.07020769230769229 0.17501567398119122
0 0.8555692307692307 0.43944618599791013 0.07012307692307682 0.1788401253918495
0 0.5777 0.44212121212121214 0.06348461538461536 0.1689028213166144
0 0.43529999999999996 0.4428840125391849 0.07012307692307698 0.17349007314524553
0 0.6474461538461538 0.4455590386624869 0.06795384615384609 0.1742528735632184
0 0.7855384615384615 0.44670846394984326 0.06396153846153853 0.1689028213166144
0 0.7208538461538462 0.44708463949843263 0.06849230769230766 0.18036572622779515
0 0.5099153846153847 0.4505224660397074 0.0674538461538462 0.181128526645768
0 0.029915384615384615 0.45473354231974916 0.05982307692307693 0.17577847439916403
0 0.3678 0.4570219435736677 0.06452307692307688 0.1711912225705329
0 0.3050846153846154 0.4585475444096134 0.06061538461538458 0.160491118077325
0 0.23533076923076923 0.460846394984326 0.07526923076923078 0.1681400208986416
0 0.15573846153846155 0.46619644723092996 0.08036153846153844 0.17271682340647854
0 0.09302307692307693 0.4684848484848485 0.06745384615384616 0.1727168234064786
0 0.946923076923077 0.5982236154649948 0.10615384615384615 0.18495297805642633
0 0.8575307692307692 0.6098746081504702 0.06843076923076925 0.16966562173458732
0 0.575723076923077 0.6144618599791013 0.06629230769230775 0.18036572622779526
0 0.7827230769230769 0.6194252873563219 0.06733846153846151 0.1673667711598747
0 0.4428923076923077 0.6198119122257053 0.06843076923076925 0.17271682340647854
0 0.6446307692307692 0.6243991640543364 0.07020769230769229 0.18036572622779526
0 0.30396153846153845 0.6255381400208986 0.0651153846153846 0.1643155694879833
0 0.5124461538461538 0.6255381400208986 0.060130769230769286 0.17042842215256
0 0.7138153846153846 0.6255381400208986 0.06905384615384615 0.1673667711598747
0 0.3751153846153846 0.626687565308255 0.062269230769230806 0.16507836990595612
0 0.0379 0.6331870428422153 0.07534615384615385 0.17195402298850568
0 0.2311153846153846 0.6347126436781608 0.07020769230769229 0.17806687565308263
0 0.16896153846153847 0.639299895506792 0.07416923076923078 0.17195402298850568
0 0.10117692307692308 0.6461755485893417 0.07363076923076922 0.17195402298850568
0 0.9809384615384615 0.07174503657262278 0.03811538461538475 0.14211076280041798
0 0.926776923076923 0.0745141065830721 0.07639230769230765 0.1490282131661442
0 0.9752307692307692 0.7718913270637409 0.049530769230769135 0.15743991640543373
0 0.918623076923077 0.7734273772204806 0.061199999999999956 0.15743991640543373
0 0.8505 0.7803030303030303 0.07236923076923071 0.16355276907001043
0 0.8592153846153846 0.07910135841170324 0.06616923076923076 0.15820271682340648
0 0.7807538461538461 0.7890909090909091 0.06676923076923082 0.16125391849529774
0 0.5850076923076923 0.7890909090909091 0.062353846153846114 0.17042842215256
0 0.7121307692307692 0.7906165099268547 0.06230000000000001 0.15972831765935203
0 0.5161 0.7917659352142111 0.06406923076923074 0.15743991640543373
0 0.38102307692307696 0.792528735632184 0.07521538461538464 0.1620167189132706
0 0.4473923076923077 0.7936781609195401 0.07406153846153844 0.16584117032392898
0 0.6482846153846153 0.7948171368861023 0.06513846153846159 0.16814002089864166
0 0.2578384615384615 0.7971159874608151 0.0651384615384615 0.17119122257053285
0 0.31943076923076924 0.7990282131661441 0.07354615384615386 0.16584117032392898
0 0.06124615384615385 0.8032288401253919 0.07253076923076925 0.16814002089864166
0 0.19821538461538463 0.8066666666666666 0.06966153846153848 0.15666666666666673
0 0.13352307692307694 0.8074294670846396 0.07306153846153847 0.16125391849529774
0 0.7908769230769231 0.08253918495297805 0.0701384615384615 0.1650783699059561
0 0.42730769230769233 0.08359456635318704 0.06692307692307692 0.1671891327063741
0 0.5701 0.08406478578892373 0.06403846153846154 0.16660397074190178
0 0.6406923076923077 0.0844514106583072 0.0702 0.1689028213166144
0 0.4978153846153846 0.08482758620689655 0.06688461538461542 0.16814002089864155
0 0.7112846153846154 0.08597701149425288 0.06960769230769231 0.17042842215256004
0 0.3531692307692308 0.090564263322884 0.06676153846153843 0.17654127481713688
0 0.2839846153846154 0.10126436781609195 0.06679230769230772 0.18571577847439913
0 0.06489230769230771 0.10355276907001044 0.08432307692307693 0.19182863113897594