0 0.7566625 0.1511759504862953 0.4866749999999999 0.2996640141467728
0 0.44955625 0.1511759504862953 0.10614374999999995 0.3023519009725906
0 0.13615625 0.15251989389920426 0.10627500000000001 0.3050397877984085
0 0.238725 0.1531918656056587 0.10053125000000002 0.30100795755968174
0 0.34224375 0.15386383731211317 0.10049374999999998 0.30772767462422634
0 0.04403749999999999 0.15453580901856762 0.08541874999999999 0.3063837312113174
0 0.9732375000000001 0.4736870026525199 0.05352499999999992 0.36148541114058347
0 0.7867687499999999 0.48040671971706456 0.09663749999999993 0.3561096374889478
0 0.6855625000000001 0.4830946065428824 0.10319999999999993 0.36148541114058347
0 0.57491875 0.4857824933687002 0.11179375000000008 0.3695402298850575
0 0.8902875 0.48645446507515466 0.10039375000000007 0.3601414677276746
0 0.2584375 0.4871264367816092 0.516875 0.36148541114058347
0 0.7609375 0.7901503094606541 0.478125 0.24994694960212196
0 0.05208124999999999 0.7914942528735631 0.10149375 0.24994694960212196
0 0.45816875 0.7968700265251989 0.10436875000000001 0.24725906277630424
0 0.35323125 0.8022458001768348 0.09396249999999999 0.22575596816976132
0 0.15416875 0.804261715296198 0.10240624999999998 0.22978779840848815
0 0.2515125 0.8062776304155616 0.10141249999999999 0.2230680813439435