0 0.165 0.08620689655172414 0.09461538461538462 0.1724137931034483
0 0.24076923076923076 0.08829676071055381 0.08 0.17659352142110762
0 0.9503846153846154 0.2831765935214211 0.09923076923076923 0.19853709508881923
0 0.8746153846153846 0.2884012539184953 0.07461538461538461 0.18808777429467086
0 0.8042307692307692 0.28683385579937304 0.07615384615384616 0.19122257053291536
0 0.4576923076923077 0.2549634273772205 0.08 0.1891327063740857
0 0.39153846153846156 0.2502612330198537 0.08153846153846153 0.18704284221525602
0 0.5965384615384616 0.27063740856844304 0.07384615384615385 0.19017763845350052
0 0.7373076923076923 0.28631138975966564 0.07538461538461538 0.1891327063740857
0 0.6676923076923077 0.28056426332288403 0.07923076923076923 0.18704284221525602
0 0.5273076923076923 0.27011494252873564 0.08 0.18704284221525602
0 0.04846153846153846 0.23510971786833856 0.08 0.1839080459770115
0 0.3219230769230769 0.26541274817136884 0.08538461538461538 0.19017763845350052
0 0.2530769230769231 0.2601880877742947 0.0876923076923077 0.18599791013584116
0 0.1823076923076923 0.2554858934169279 0.08692307692307692 0.1786833855799373
0 0.11192307692307692 0.25182863113897597 0.08 0.17972831765935215
0 0.9796153846153847 0.46551724137931033 0.040769230769230766 0.1724137931034483
0 0.9288461538461539 0.46290491118077326 0.07923076923076923 0.180773249738767
0 0.8576923076923076 0.47335423197492166 0.07923076923076923 0.18495297805642633
0 0.5803846153846154 0.4498432601880878 0.07230769230769231 0.17450365726227796
0 0.43846153846153846 0.4367816091954023 0.07923076923076923 0.17972831765935215
0 0.65 0.45977011494252873 0.07692307692307693 0.180773249738767
0 0.7876923076923077 0.47387669801462906 0.07230769230769231 0.17450365726227796
0 0.7230769230769231 0.46812957157784746 0.07769230769230769 0.18599791013584116
0 0.5123076923076924 0.45141065830721006 0.07692307692307693 0.18704284221525602
0 0.033846153846153845 0.4101358411703239 0.06769230769230769 0.180773249738767
0 0.37038461538461537 0.4446185997910136 0.07307692307692308 0.17659352142110762
0 0.3076923076923077 0.44043887147335425 0.06846153846153846 0.16614420062695925
0 0.23807692307692307 0.43573667711598746 0.08384615384615385 0.17450365726227796
0 0.15846153846153846 0.4336468129571578 0.08923076923076922 0.17972831765935215
0 0.09576923076923077 0.42998955067920586 0.07615384615384616 0.1786833855799373
0 0.9407692307692308 0.6405433646812957 0.11538461538461539 0.19435736677115986
0 0.8511538461538461 0.6436781609195402 0.07692307692307693 0.1755485893416928
0 0.5696153846153846 0.6212121212121212 0.07538461538461538 0.18599791013584116
0 0.7757692307692308 0.64576802507837 0.07538461538461538 0.17345872518286312
0 0.4369230769230769 0.6138975966562173 0.07692307692307693 0.1786833855799373
0 0.6380769230769231 0.6379310344827587 0.07923076923076923 0.18704284221525602
0 0.2980769230769231 0.6065830721003135 0.07307692307692308 0.1703239289446186
0 0.5061538461538462 0.6264367816091954 0.06846153846153846 0.1755485893416928
0 0.7069230769230769 0.6452455590386625 0.07769230769230769 0.17345872518286312
0 0.3688461538461538 0.6144200626959248 0.07076923076923076 0.1703239289446186
0 0.036923076923076927 0.5888192267502612 0.07384615384615385 0.1786833855799373
0 0.225 0.6086729362591432 0.07923076923076923 0.1839080459770115
0 0.1626923076923077 0.6076280041797283 0.08307692307692308 0.1786833855799373
0 0.09461538461538462 0.6081504702194357 0.0823076923076923 0.1786833855799373
0 0.9896153846153846 0.11859979101358412 0.02076923076923077 0.1452455590386625
0 0.9476923076923077 0.11598746081504702 0.08384615384615385 0.15569487983281086
0 0.96 0.8160919540229885 0.057692307692307696 0.1619644723092999
0 0.9034615384615384 0.8124346917450366 0.06923076923076923 0.16300940438871472
0 0.8353846153846154 0.812957157784744 0.08076923076923077 0.1703239289446186
0 0.88 0.11442006269592477 0.07384615384615385 0.16405433646812956
0 0.7653846153846153 0.8150470219435737 0.07461538461538461 0.1671891327063741
0 0.57 0.7962382445141066 0.07076923076923076 0.1755485893416928
0 0.6965384615384616 0.8098223615464994 0.07 0.16509926854754442
0 0.5011538461538462 0.7925809822361547 0.07230769230769231 0.16300940438871472
0 0.36615384615384616 0.780564263322884 0.08307692307692308 0.16823406478578892
0 0.4323076923076923 0.7878787878787878 0.0823076923076923 0.1724137931034483
0 0.6326923076923077 0.8082549634273772 0.07384615384615385 0.17345872518286312
0 0.24307692307692308 0.7732497387669801 0.07384615384615385 0.17659352142110762
0 0.3046153846153846 0.7810867293625914 0.08153846153846153 0.1724137931034483
0 0.04692307692307692 0.7607105538140021 0.08076923076923077 0.17450365726227796
0 0.18307692307692308 0.7774294670846394 0.07769230769230769 0.16300940438871472
0 0.11846153846153847 0.7722048066875653 0.08153846153846153 0.16823406478578892
0 0.8115384615384615 0.11128526645768025 0.07846153846153846 0.17136886102403343
0 0.44846153846153847 0.08202716823406478 0.07538461538461538 0.16405433646812956
0 0.5911538461538461 0.09195402298850575 0.07230769230769231 0.1724137931034483
0 0.6615384615384615 0.0987460815047022 0.07846153846153846 0.1755485893416928
0 0.5192307692307693 0.08620689655172414 0.07538461538461538 0.1724137931034483
0 0.7319230769230769 0.1071055381400209 0.07846153846153846 0.17659352142110762
0 0.37461538461538463 0.08463949843260188 0.07538461538461538 0.16927899686520376
0 0.305 0.08881922675026123 0.07615384615384616 0.17763845350052246
0 0.08615384615384615 0.08150470219435736 0.09384615384615384 0.16300940438871472