0 0.0690625 0.12218963831867058 0.0325 0.08113391984359726
0 0.1071875 0.1270772238514174 0.033125 0.08211143695014662
0 0.2353125 0.1300097751710655 0.0325 0.08113391984359726
0 0.1571875 0.13343108504398826 0.031875 0.0801564027370479
0 0.1971875 0.1348973607038123 0.034375 0.0801564027370479
0 0.2675 0.13587487781036167 0.034375 0.07917888563049853
0 0.59625 0.13636363636363635 0.034375 0.08406647116324535
0 0.7103125 0.13685239491691104 0.0375 0.08308895405669599
0 0.3378125 0.13734115347018572 0.03375 0.0801564027370479
0 0.3065625 0.13831867057673508 0.03 0.0801564027370479
0 0.64875 0.13880742913000976 0.0375 0.08113391984359726
0 0.525625 0.13880742913000976 0.035625 0.08211143695014662
0 0.375625 0.14076246334310852 0.035 0.0772238514173998
0 0.488125 0.14173998044965788 0.0325 0.08211143695014662
0 0.560625 0.14173998044965788 0.030625 0.08308895405669599
0 0.4196875 0.1441837732160313 0.031875 0.0801564027370479
0 0.4534375 0.14613880742913002 0.0325 0.0801564027370479
0 0.0334375 0.20332355816226785 0.028125 0.0772238514173998
0 0.0784375 0.2072336265884653 0.03 0.07820136852394917
0 0.1165625 0.21212121212121213 0.0275 0.07624633431085044
0 0.1934375 0.21358748778103617 0.02375 0.07429130009775171
0 0.231875 0.21358748778103617 0.024375 0.0772238514173998
0 0.158125 0.21407624633431085 0.024375 0.07429130009775171
0 0.751875 0.21505376344086022 0.03125 0.08308895405669599
0 0.8934375 0.2155425219941349 0.03875 0.08406647116324535
0 0.7990625 0.21603128054740958 0.034375 0.08113391984359726
0 0.85 0.21652003910068426 0.040625 0.08211143695014662
0 0.325 0.21749755620723363 0.031875 0.07917888563049853
0 0.2771875 0.218475073313783 0.03125 0.07820136852394917
0 0.679375 0.2209188660801564 0.0325 0.0801564027370479
0 0.7134375 0.2209188660801564 0.0275 0.08113391984359726
0 0.5978125 0.2209188660801564 0.029375 0.08113391984359726
0 0.5190625 0.22189638318670576 0.0275 0.07624633431085044
0 0.6453125 0.22287390029325513 0.033125 0.08113391984359726
0 0.3609375 0.22287390029325513 0.029375 0.08113391984359726
0 0.5546875 0.2233626588465298 0.02875 0.07624633431085044
0 0.47375 0.22482893450635386 0.030625 0.08308895405669599
0 0.3934375 0.22531769305962854 0.02875 0.07820136852394917
0 0.436875 0.22580645161290322 0.03 0.07624633431085044
0 0.023125 0.2825024437927664 0.038125 0.08406647116324535
0 0.5003125 0.2903225806451613 0.033125 0.06158357771260997
0 0.0734375 0.2903225806451613 0.0325 0.07820136852394917
0 0.770625 0.2913000977517107 0.0325 0.06647116324535679
0 0.6171875 0.2913000977517107 0.031875 0.06256109481915934
0 0.10625 0.29178885630498536 0.031875 0.0772238514173998
0 0.5353125 0.29227761485826004 0.031875 0.06158357771260997
0 0.69625 0.2927663734115347 0.031875 0.059628543499511244
0 0.5821875 0.2932551319648094 0.033125 0.06647116324535679
0 0.266875 0.2937438905180841 0.030625 0.07820136852394917
0 0.234375 0.29423264907135877 0.03 0.07917888563049853
0 0.41875 0.29472140762463345 0.031875 0.05474095796676442
0 0.65625 0.29472140762463345 0.03375 0.06060606060606061
0 0.1715625 0.29521016617790813 0.031875 0.0801564027370479
0 0.98625 0.29521016617790813 0.0275 0.07331378299120235
0 0.2034375 0.29521016617790813 0.03 0.07917888563049853
0 0.4571875 0.29521016617790813 0.03 0.056695992179863146
0 0.85125 0.2956989247311828 0.036875 0.07331378299120235
0 0.9025 0.2956989247311828 0.035 0.06451612903225806
0 0.7346875 0.2961876832844575 0.035 0.06647116324535679
0 0.3875 0.2961876832844575 0.029375 0.056695992179863146
0 0.139375 0.2966764418377322 0.031875 0.0801564027370479
0 0.8146875 0.29716520039100686 0.03625 0.07429130009775171
0 0.9453125 0.2981427174975562 0.038125 0.08211143695014662
0 0.051875 0.3626588465298143 0.029375 0.07233626588465299
0 0.0934375 0.36314760508308896 0.02875 0.06060606060606061
0 0.16 0.36608015640273706 0.031875 0.05865102639296188
0 0.22875 0.36608015640273706 0.0325 0.05865102639296188
0 0.12625 0.36656891495601174 0.03125 0.06158357771260997
0 0.1953125 0.3709677419354839 0.033125 0.06549364613880743
0 0.2734375 0.3724340175953079 0.025625 0.08797653958944282
0 0.3171875 0.37487781036168133 0.03 0.08895405669599218
0 0.36 0.3787878787878788 0.02875 0.08406647116324535
0 0.6153125 0.38269794721407624 0.03375 0.08699902248289346
0 0.726875 0.3841642228739003 0.038125 0.09188660801564028
0 0.3990625 0.38465298142717497 0.02875 0.08895405669599218
0 0.666875 0.38563049853372433 0.03375 0.08797653958944282
0 0.445625 0.3866080156402737 0.028125 0.08504398826979472
0 0.571875 0.3870967741935484 0.031875 0.08699902248289346
0 0.5315625 0.38758553274682306 0.031875 0.08895405669599218
0 0.7725 0.38807429130009774 0.035625 0.09188660801564028
0 0.4875 0.3895405669599218 0.030625 0.08993157380254155
0 0.8234375 0.39100684261974583 0.035625 0.08895405669599218
0 0.8815625 0.39296187683284456 0.039375 0.08993157380254155
0 0.931875 0.396871945259042 0.04 0.09286412512218964
0 0.979375 0.3998044965786901 0.04125 0.09188660801564028
0 0.0096875 0.4447702834799609 0.01875 0.08504398826979472
0 0.2359375 0.447702834799609 0.03375 0.08504398826979472
0 0.05125 0.447702834799609 0.0425 0.08797653958944282
0 0.1390625 0.44819159335288367 0.034375 0.08602150537634409
0 0.191875 0.4501466275659824 0.035 0.08602150537634409
0 0.09625 0.4506353861192571 0.034375 0.08406647116324535
0 0.2765625 0.45698924731182794 0.034375 0.08406647116324535
0 0.319375 0.4608993157380254 0.036875 0.08406647116324535
0 0.3625 0.4638318670576735 0.035625 0.08211143695014662
0 0.4096875 0.46920821114369504 0.03625 0.08406647116324535
0 0.7309375 0.47165200391006845 0.031875 0.08406647116324535
0 0.4496875 0.4731182795698925 0.036875 0.08699902248289346
0 0.680625 0.4731182795698925 0.03625 0.09090909090909091
0 0.6334375 0.4736070381231672 0.036875 0.09090909090909091
0 0.5846875 0.4750733137829912 0.04 0.09188660801564028
0 0.4921875 0.4760508308895406 0.03625 0.08895405669599218
0 0.775 0.4780058651026393 0.036875 0.09188660801564028
0 0.5375 0.47947214076246336 0.0375 0.08993157380254155
0 0.8246875 0.4804496578690127 0.04 0.08895405669599218
0 0.8778125 0.48533724340175954 0.038125 0.08993157380254155
0 0.9234375 0.48729227761485827 0.041875 0.09090909090909091
0 0.98125 0.49315738025415445 0.0375 0.09579667644183773
0 0.0084375 0.5317693059628543 0.015625 0.08602150537634409
0 0.0546875 0.5332355816226784 0.034375 0.08406647116324535
0 0.09875 0.5332355816226784 0.031875 0.07917888563049853
0 0.1459375 0.533724340175953 0.034375 0.08699902248289346
0 0.2271875 0.5347018572825024 0.036875 0.08602150537634409
0 0.18875 0.5356793743890518 0.04 0.08406647116324535
0 0.265 0.5395894428152492 0.03125 0.08504398826979472
0 0.3153125 0.5449657869012707 0.0325 0.08406647116324535
0 0.353125 0.5518084066471163 0.0325 0.08699902248289346
0 0.4021875 0.553763440860215 0.034375 0.08895405669599218
0 0.43875 0.5591397849462365 0.03 0.08602150537634409
0 0.7175 0.5596285434995112 0.04 0.08895405669599218
0 0.670625 0.5620723362658846 0.0375 0.08895405669599218
0 0.4803125 0.5620723362658846 0.030625 0.08797653958944282
0 0.62625 0.5640273704789834 0.036875 0.09090909090909091
0 0.575625 0.5640273704789834 0.0375 0.08602150537634409
0 0.5259375 0.5650048875855328 0.039375 0.08504398826979472
0 0.768125 0.5669599217986315 0.03625 0.09188660801564028
0 0.826875 0.5718475073313783 0.038125 0.08993157380254155
0 0.870625 0.5767350928641252 0.039375 0.08895405669599218
0 0.9146875 0.5806451612903226 0.0425 0.09090909090909091
0 0.96 0.5865102639296188 0.04125 0.08993157380254155
0 0.165 0.6158357771260997 0.035625 0.07917888563049853
0 0.0309375 0.6163245356793744 0.0425 0.08504398826979472
0 0.2128125 0.6192570869990225 0.034375 0.08406647116324535
0 0.12 0.6197458455522972 0.04 0.08895405669599218
0 0.255 0.6202346041055719 0.03625 0.08113391984359726
0 0.070625 0.6207233626588465 0.03875 0.08406647116324535
0 0.2978125 0.626099706744868 0.035625 0.08308895405669599
0 0.338125 0.6295210166177908 0.0375 0.0801564027370479
0 0.391875 0.6373411534701857 0.035625 0.08211143695014662
0 0.575 0.644672531769306 0.03375 0.08504398826979472
0 0.483125 0.6451612903225806 0.035 0.08406647116324535
0 0.4396875 0.6451612903225806 0.0375 0.08504398826979472
0 0.6221875 0.6471163245356794 0.04 0.08797653958944282
0 0.67375 0.6480938416422287 0.038125 0.08308895405669599
0 0.7209375 0.6480938416422287 0.0375 0.08504398826979472
0 0.525625 0.6485826001955034 0.034375 0.08113391984359726
0 0.763125 0.6539589442815249 0.039375 0.08797653958944282
0 0.818125 0.6578690127077224 0.0375 0.08993157380254155
0 0.8746875 0.6652003910068426 0.035625 0.08699902248289346
0 0.93125 0.6720430107526881 0.035 0.08504398826979472
0 0.9825 0.6764418377321603 0.035 0.0801564027370479
0 0.2409375 0.6999022482893451 0.039375 0.08699902248289346
0 0.1575 0.7003910068426198 0.034375 0.08602150537634409
0 0.19 0.7033235581622679 0.031875 0.08113391984359726
0 0.0471875 0.7033235581622679 0.02625 0.08699902248289346
0 0.095625 0.7038123167155426 0.02875 0.08406647116324535
0 0.278125 0.7052785923753666 0.03125 0.08211143695014662
0 0.3225 0.7130987292277615 0.03125 0.08504398826979472
0 0.3675 0.7204301075268817 0.0325 0.08699902248289346
0 0.41625 0.7253176930596286 0.031875 0.08699902248289346
0 0.5428125 0.7258064516129032 0.035 0.08602150537634409
0 0.6425 0.7282502443792767 0.036875 0.08308895405669599
0 0.5940625 0.7282502443792767 0.033125 0.08406647116324535
0 0.4990625 0.7282502443792767 0.040625 0.08895405669599218
0 0.46 0.729227761485826 0.04 0.08211143695014662
0 0.691875 0.7302052785923754 0.0375 0.09188660801564028
0 0.735625 0.7390029325513197 0.030625 0.08699902248289346
0 0.796875 0.7429130009775171 0.0375 0.08602150537634409
0 0.843125 0.7478005865102639 0.036875 0.08797653958944282
0 0.895625 0.7531769305962854 0.036875 0.08797653958944282
0 0.95125 0.7575757575757576 0.043125 0.093841642228739
0 0.988125 0.7624633431085044 0.02375 0.08406647116324535
0 0.23625 0.7810361681329423 0.035625 0.08406647116324535
0 0.015 0.7834799608993157 0.029375 0.08113391984359726
0 0.0578125 0.7844574780058651 0.036875 0.08406647116324535
0 0.0990625 0.7849462365591398 0.035625 0.07917888563049853
0 0.188125 0.7849462365591398 0.03625 0.07624633431085044
0 0.1425 0.7854349951124144 0.03625 0.0801564027370479
0 0.2784375 0.7878787878787878 0.0375 0.08504398826979472
0 0.3234375 0.7947214076246334 0.034375 0.08406647116324535
0 0.36625 0.8000977517106549 0.0375 0.08211143695014662
0 0.40625 0.804496578690127 0.036875 0.08211143695014662
0 0.451875 0.8074291300097751 0.035 0.08602150537634409
0 0.49125 0.8098729227761485 0.035 0.08308895405669599
0 0.539375 0.8103616813294232 0.036875 0.08602150537634409
0 0.64125 0.8103616813294232 0.035625 0.08797653958944282
0 0.589375 0.8118279569892473 0.03625 0.08113391984359726
0 0.6884375 0.8132942326490714 0.038125 0.08895405669599218
0 0.7446875 0.8220918866080157 0.036875 0.08308895405669599
0 0.78625 0.8260019550342131 0.0425 0.08602150537634409
0 0.844375 0.8333333333333334 0.035 0.08308895405669599
0 0.8884375 0.8347996089931574 0.0425 0.08504398826979472
0 0.9425 0.841642228739003 0.035625 0.08797653958944282
0 0.990625 0.844574780058651 0.01875 0.08504398826979472
0 0.1778125 0.8670576735092864 0.03375 0.08699902248289346
0 0.129375 0.8680351906158358 0.030625 0.08211143695014662
0 0.23125 0.8680351906158358 0.03375 0.08699902248289346
0 0.091875 0.8685239491691105 0.038125 0.08211143695014662
0 0.2696875 0.8695014662756598 0.02875 0.08211143695014662
0 0.0346875 0.8699902248289345 0.03125 0.08406647116324535
0 0.3171875 0.875366568914956 0.03625 0.07429130009775171
0 0.365 0.8773216031280547 0.033125 0.07038123167155426
0 0.4028125 0.8792766373411535 0.0325 0.06842619745845552
0 0.4496875 0.8807429130009775 0.03625 0.06256109481915934
0 0.4921875 0.8812316715542522 0.035 0.06256109481915934
0 0.5425 0.8826979472140762 0.035625 0.05767350928641251
0 0.5875 0.8826979472140762 0.03375 0.05865102639296188
0 0.6390625 0.8831867057673509 0.03375 0.059628543499511244
0 0.6859375 0.8856304985337243 0.035 0.05278592375366569
0 0.736875 0.8866080156402737 0.035625 0.05278592375366569
0 0.7821875 0.8919843597262952 0.040625 0.042033235581622676