0 0.3232615384615385 0.3447753396029258 0.051315384615384645 0.04963427377220481
0 0.37596153846153846 0.3466144200626959 0.05055384615384617 0.04929989550679201
0 0.42706153846153844 0.35147335423197495 0.05103076923076917 0.04963427377220481
0 0.4793 0.35164054336468126 0.05181538461538454 0.04729362591431556
0 0.5329846153846154 0.3518181818181818 0.05204615384615391 0.048965517241379326
0 0.5861846153846153 0.35315569487983284 0.05078461538461537 0.04829676071055384
0 0.6387615384615385 0.3536572622779519 0.0502692307692307 0.04863113897596653
0 0.3246230769230769 0.3944096133751306 0.05156153846153844 0.05030303030303029
0 0.37645384615384614 0.3960815047021944 0.05055384615384617 0.045611285266457656
0 0.6817923076923077 0.3981818181818182 0.03613846153846155 0.04579937304075239
0 0.4806615384615385 0.4004388714733543 0.05156923076923074 0.046948798328108624
0 0.4282923076923077 0.4006060606060606 0.050038461538461504 0.045276907001044975
0 0.5328615384615385 0.40262277951933123 0.05031538461538468 0.04729362591431556
0 0.5849461538461538 0.40262277951933123 0.05128461538461544 0.045945663531870455
0 0.639623076923077 0.4041274817136886 0.05347692307692306 0.04963427377220481
0 0.3204230769230769 0.4420271682340648 0.05206153846153842 0.04829676071055384
0 0.37386153846153847 0.44437826541274816 0.050807692307692276 0.04762800417972836
0 0.6831538461538462 0.44505747126436784 0.0374923076923077 0.04364681295715776
0 0.42767692307692307 0.4482340647857889 0.05078461538461537 0.04796238244514104
0 0.48078461538461537 0.44856844305120164 0.05033846153846158 0.045276907001044975
0 0.5847 0.4505851619644723 0.05177692307692303 0.04729362591431556
0 0.5324923076923077 0.45125391849529783 0.050069230769230706 0.044608150470219494
0 0.6376461538461539 0.45225705329153604 0.05199999999999993 0.049968652037617606
0 0.6812307692307692 0.49055381400208986 0.038176923076923164 0.046718913270637444
0 0.3201769230769231 0.4909926854754441 0.05156923076923074 0.048965517241379326
0 0.37213846153846153 0.4918390804597701 0.04833846153846152 0.045276907001044975
0 0.4778230769230769 0.49586206896551727 0.05083846153846148 0.04661442006269594
0 0.4252076923076923 0.49619644723093 0.052261538461538505 0.04796238244514104
0 0.5300307692307692 0.49853709508881927 0.05155384615384614 0.04661442006269594
0 0.5823538461538461 0.4988819226750261 0.05153076923076924 0.04796238244514104
0 0.635676923076923 0.4998850574712643 0.052007692307692234 0.04929989550679201
0 0.6806615384615384 0.53619644723093 0.03704615384615391 0.04456635318704288
0 0.37399230769230773 0.5396238244514107 0.04907692307692309 0.04694879832810868
0 0.3217846153846154 0.5406269592476489 0.052307692307692305 0.04963427377220481
0 0.4797923076923077 0.5446603970741902 0.04984615384615381 0.046280041797283136
0 0.42681538461538465 0.5451619644723094 0.053007692307692374 0.0479623824451411
0 0.5305230769230769 0.5463322884012539 0.04957692307692311 0.046280041797283136
0 0.5842076923076923 0.5464994775339603 0.05079230769230767 0.04661442006269588
0 0.6364153846153846 0.5496865203761755 0.05299230769230777 0.048965517241379264
0 0.33547692307692306 0.5875862068965517 0.10586923076923077 0.04829676071055384
0 0.44397692307692305 0.5924451410658308 0.10313846153846153 0.04996865203761749
0 0.5494 0.5944618599791013 0.10313846153846148 0.04796238244514116
0 0.6597307692307692 0.5975130616509927 0.10604615384615376 0.051024033437826466
0 0.34670769230769233 0.6383908045977013 0.10364615384615386 0.04863113897596653
0 0.4521230769230769 0.6415778474399164 0.10165384615384622 0.045611285266457774
0 0.5581615384615385 0.6432601880877743 0.10386923076923074 0.04762800417972824
0 0.6633538461538462 0.648380355276907 0.10378461538461545 0.049487983281086625