0 0.11461538461538462 0.8473451327433629 0.22923076923076924 0.09823008849557523
0 0.3476923076923077 0.8747787610619469 0.24923076923076923 0.09469026548672567
0 0.8507692307692307 0.9278761061946903 0.24 0.08849557522123894
0 0.13192307692307692 0.2097345132743363 0.2353846153846154 0.2
0 0.5119230769230769 0.24778761061946902 0.5338461538461539 0.22566371681415928
0 0.8865384615384615 0.28893805309734516 0.22692307692307692 0.19734513274336282
0 0.7396153846153846 0.44557522123893806 0.5207692307692308 0.21858407079646017
0 0.24423076923076922 0.4013274336283186 0.48538461538461536 0.23628318584070795
0 0.6073076923076923 0.6035398230088496 0.25769230769230766 0.19734513274336282
0 0.1123076923076923 0.5548672566371682 0.2246153846153846 0.18938053097345134
0 0.3503846153846154 0.5845132743362832 0.2684615384615385 0.18584070796460178
0 0.8642307692307692 0.6398230088495576 0.26615384615384613 0.20530973451327433
0 0.24307692307692308 0.7371681415929203 0.48615384615384616 0.22123893805309736
0 0.7315384615384616 0.7942477876106194 0.5061538461538462 0.22831858407079647
0 0.2853846153846154 0.07920353982300884 0.5153846153846153 0.1584070796460177
0 0.7665384615384615 0.1075221238938053 0.46692307692307694 0.2079646017699115
0 0.605 0.8907079646017699 0.2523076923076923 0.10442477876106195