0 0.795 0.15412748171368862 0.41 0.28735632183908044
0 0.41192307692307695 0.12591431556948798 0.38846153846153847 0.25182863113897597
0 0.12846153846153846 0.09404388714733543 0.2153846153846154 0.18808777429467086
0 0.8926923076923077 0.3782654127481714 0.21461538461538462 0.26332288401253917
0 0.19346153846153846 0.2993730407523511 0.32846153846153847 0.2497387669801463
0 0.5665384615384615 0.345350052246604 0.43153846153846154 0.27063740856844304
0 0.09153846153846154 0.44043887147335425 0.18307692307692308 0.22884012539184953
0 0.3403846153846154 0.5256008359456635 0.36846153846153845 0.24660397074190177
0 0.7588461538461538 0.6039707419017764 0.4823076923076923 0.29258098223615464
0 0.14884615384615385 0.6494252873563219 0.29 0.26436781609195403
0 0.5480769230769231 0.7622779519331243 0.4338461538461538 0.2716823406478579
0 0.8730769230769231 0.8443051201671892 0.22538461538461538 0.23510971786833856