0 0.41846153846153844 0.11530398322851153 0.08307692307692308 0.20649895178197064
0 0.04153846153846154 0.1388888888888889 0.07076923076923076 0.22431865828092243
0 0.11538461538461539 0.14937106918238993 0.08923076923076922 0.22641509433962265
0 0.49923076923076926 0.1818658280922432 0.07692307692307693 0.19811320754716982
0 0.9434615384615385 0.20440251572327045 0.08 0.20754716981132076
0 0.6453846153846153 0.19025157232704404 0.06769230769230769 0.21069182389937108
0 0.7911538461538462 0.20178197064989517 0.08307692307692308 0.20859538784067086
0 0.34192307692307694 0.18343815513626835 0.07769230769230769 0.20440251572327045
0 0.8703846153846154 0.21016771488469602 0.07769230769230769 0.20545073375262055
0 0.27 0.1860587002096436 0.07230769230769231 0.20335429769392033
0 0.5753846153846154 0.2059748427672956 0.07384615384615385 0.20859538784067086
0 0.19692307692307692 0.19129979035639413 0.0823076923076923 0.19077568134171907
0 0.713076923076923 0.21855345911949686 0.07461538461538461 0.20440251572327045
0 0.4176923076923077 0.3480083857442348 0.07923076923076923 0.2148846960167715
0 0.5011538461538462 0.03773584905660377 0.07153846153846154 0.07547169811320754
0 0.815 0.05345911949685535 0.07153846153846154 0.07966457023060797
0 0.05730769230769231 0.3611111111111111 0.08 0.20754716981132076
0 0.941923076923077 0.41247379454926625 0.08153846153846153 0.19916142557651992
0 0.12692307692307692 0.3752620545073375 0.08307692307692308 0.19811320754716982
0 0.49346153846153845 0.3941299790356394 0.07461538461538461 0.1970649895178197
0 0.34423076923076923 0.3909853249475891 0.07461538461538461 0.1949685534591195
0 0.7930769230769231 0.4140461215932914 0.07769230769230769 0.1918238993710692
0 0.2746153846153846 0.39255765199161424 0.07769230769230769 0.19916142557651992
0 0.8676923076923077 0.4224318658280922 0.07846153846153846 0.17819706498951782
0 0.1996153846153846 0.3915094339622642 0.08153846153846153 0.19392033542976939
0 0.6442307692307693 0.4140461215932914 0.07692307692307693 0.1960167714884696
0 0.7169230769230769 0.419811320754717 0.07461538461538461 0.1928721174004193
0 0.5715384615384616 0.4161425576519916 0.08461538461538462 0.20230607966457023
0 0.885 0.06027253668763103 0.07461538461538461 0.0880503144654088
0 0.34807692307692306 0.039832285115303984 0.07461538461538461 0.07966457023060797
0 0.2746153846153846 0.03930817610062893 0.06769230769230769 0.07861635220125786
0 0.5761538461538461 0.04821802935010482 0.07307692307692308 0.09329140461215933
0 0.7326923076923076 0.05817610062893082 0.07384615384615385 0.09643605870020965
0 0.19653846153846155 0.040880503144654086 0.07769230769230769 0.08176100628930817
0 0.4153846153846154 0.5681341719077568 0.07153846153846154 0.19077568134171907
0 0.9657692307692308 0.6063941299790356 0.06846153846153846 0.1949685534591195
0 0.051153846153846154 0.5634171907756813 0.07384615384615385 0.1918238993710692
0 0.48538461538461536 0.5864779874213837 0.07 0.18658280922431866
0 0.8338461538461538 0.6042976939203354 0.07461538461538461 0.18763102725366876
0 0.11923076923076924 0.5765199161425576 0.08538461538461538 0.1928721174004193
0 0.9026923076923077 0.6147798742138365 0.07076923076923076 0.18134171907756813
0 0.33192307692307693 0.5906708595387841 0.0823076923076923 0.1960167714884696
0 0.25346153846153846 0.5885744234800838 0.07769230769230769 0.1928721174004193
0 0.19115384615384615 0.5859538784067087 0.07 0.18553459119496854
0 0.5623076923076923 0.6042976939203354 0.08538461538461538 0.1719077568134172
0 0.7646153846153846 0.6147798742138365 0.07 0.18763102725366876
0 0.6984615384615385 0.6132075471698113 0.07923076923076923 0.19392033542976939
0 0.6307692307692307 0.6121593291404612 0.08692307692307692 0.1949685534591195
0 0.42423076923076924 0.7662473794549266 0.08923076923076922 0.21593291404612158
0 0.019615384615384614 0.7541928721174004 0.03923076923076923 0.18134171907756813
0 0.9138461538461539 0.7987421383647799 0.07307692307692308 0.18238993710691823
0 0.9707692307692307 0.8018867924528302 0.04846153846153846 0.18029350104821804
0 0.5019230769230769 0.779874213836478 0.07769230769230769 0.18343815513626835
0 0.13884615384615384 0.7651991614255765 0.07923076923076923 0.18238993710691823
0 0.20923076923076922 0.7704402515723271 0.07538461538461538 0.18238993710691823
0 0.06384615384615384 0.7641509433962265 0.07307692307692308 0.1750524109014675
0 0.35884615384615387 0.7803983228511531 0.08461538461538462 0.1792452830188679
0 0.8469230769230769 0.8050314465408805 0.07538461538461538 0.1740041928721174
0 0.2865384615384615 0.7793501048218029 0.07769230769230769 0.18238993710691823
0 0.7834615384615384 0.8045073375262054 0.06769230769230769 0.18343815513626835
0 0.6576923076923077 0.79979035639413 0.07076923076923076 0.17819706498951782
0 0.7226923076923077 0.8034591194968553 0.06 0.17714884696016772
0 0.5915384615384616 0.8071278825995807 0.07 0.18343815513626835