0 0.6987692307692307 0.1694252873563218 0.05643846153846163 0.11350052246603971
0 0.6428538461538462 0.17312434691745038 0.05513846153846159 0.11890282131661443
0 0.7577384615384615 0.1744305120167189 0.05764615384615389 0.11517241379310346
0 0.5837153846153846 0.17507836990595613 0.05900769230769234 0.12020898641588298
0 0.8194692307692307 0.1765203761755486 0.0594615384615386 0.1160083594566353
0 0.8818153846153846 0.17693834900731453 0.05882307692307677 0.11350052246603971
0 0.3469153846153846 0.17736677115987462 0.05958461538461541 0.11693834900731451
0 0.4651923076923077 0.17769070010449323 0.05665384615384622 0.11890282131661443
0 0.5236153846153847 0.17769070010449323 0.05519230769230769 0.11497387669801462
0 0.11245384615384615 0.17802507836990597 0.05715384615384616 0.1195506792058516
0 0.28794615384615385 0.17867293625914316 0.057084615384615414 0.11824451410658306
0 0.17135384615384613 0.17899686520376176 0.05857692307692306 0.1175966562173459
0 0.2304923076923077 0.17899686520376176 0.056623076923076936 0.11890282131661443
0 0.9836461538461538 0.179435736677116 0.032700000000000166 0.11350052246603971
0 0.054269230769230764 0.1796551724137931 0.057176923076923084 0.1175966562173459
0 0.4058153846153846 0.17997910135841172 0.05812307692307688 0.11824451410658306
0 0.9371 0.1819435736677116 0.05633846153846137 0.1118390804597701
0 0.6914615384615385 0.2851619644723093 0.05520769230769229 0.11301985370950884
0 0.6337615384615385 0.2894043887147335 0.05811538461538458 0.11366771159874606
0 0.7494000000000001 0.29071055381400207 0.056623076923076845 0.11628004179728314
0 0.8104692307692307 0.29201671891327063 0.05371538461538456 0.11236154649947751
0 0.8674461538461539 0.29299895506792056 0.05705384615384621 0.11563218390804594
0 0.974523076923077 0.29299895506792056 0.05095384615384599 0.11301985370950884
0 0.34132307692307695 0.29299895506792056 0.058984615384615434 0.1143260188087774
0 0.5171 0.29332288401253914 0.05755384615384611 0.11366771159874606
0 0.5748615384615385 0.29332288401253914 0.057661538461538486 0.11366771159874606
0 0.9215692307692307 0.2943051201671891 0.057576923076923005 0.11301985370950884
0 0.22640769230769228 0.2943051201671891 0.05614615384615385 0.1169383490073145
0 0.2843461538461538 0.2946290491118077 0.05564615384615387 0.11236154649947751
0 0.16894615384615383 0.2949634273772205 0.05569230769230767 0.11301985370950884
0 0.11196923076923077 0.29528735632183906 0.05426923076923078 0.10713688610240331
0 0.45868461538461536 0.29561128526645764 0.05420769230769233 0.10910135841170321
0 0.05715384615384615 0.29561128526645764 0.057176923076923084 0.10779519331243466
0 0.40049999999999997 0.2969174503657262 0.057123076923076915 0.1143260188087774
0 0.6917384615384615 0.4014420062695925 0.05863846153846155 0.11563218390804594
0 0.6325615384615385 0.4043887147335423 0.05571538461538467 0.11236154649947751
0 0.05740000000000001 0.4066666666666667 0.05958461538461537 0.1117136886102403
0 0.8085769230769232 0.4070010449320794 0.05858461538461536 0.11105538140020896
0 0.11245384615384615 0.4070010449320794 0.0561923076923077 0.11236154649947751
0 0.9762076923076922 0.4076489028213166 0.04758461538461548 0.11628004179728314
0 0.5181307692307693 0.4076489028213166 0.05576153846153847 0.11366771159874606
0 0.4596461538461538 0.40797283176593524 0.056130769230769255 0.11563218390804594
0 0.5755846153846154 0.40797283176593524 0.056215384615384556 0.1117136886102403
0 0.9206076923076922 0.40830721003134796 0.051807692307692235 0.11105538140020896
0 0.8677153846153846 0.4086311389759666 0.05567692307692316 0.11301985370950884
0 0.3442076923076923 0.40895506792058517 0.05706153846153851 0.11105538140020896
0 0.7496769230769231 0.40895506792058517 0.060053846153846104 0.11497387669801461
0 0.22856923076923075 0.40927899686520375 0.05759230769230769 0.1117136886102403
0 0.28723076923076923 0.40927899686520375 0.058523076923076955 0.11563218390804594
0 0.17063076923076922 0.4096133751306165 0.05809230769230768 0.11366771159874606
0 0.4002615384615385 0.4099373040752351 0.053753846153846103 0.11040752351097176
0 0.6294384615384615 0.5173981191222571 0.055230769230769194 0.10583072100313477
0 0.6862076923076923 0.5173981191222571 0.055276923076923 0.10321839080459767
0 0.8564153846153846 0.5177324973876698 0.055200000000000166 0.10910135841170326
0 0.9112307692307692 0.5177324973876698 0.05421538461538463 0.10779519331243471
0 0.9626769230769231 0.518380355276907 0.05612307692307695 0.10648902821316611
0 0.7996769230769231 0.5193625914315569 0.05714615384615382 0.10844305120167186
0 0.3456461538461538 0.5203448275862069 0.05609999999999996 0.10910135841170326
0 0.06052307692307693 0.5203448275862069 0.05525384615384614 0.11171368861024036
0 0.1187 0.5206687565308254 0.058115384615384624 0.10974921630094041
0 0.7417384615384616 0.5206687565308254 0.05669230769230773 0.10844305120167186
0 0.515723076923077 0.5209926854754441 0.05480000000000001 0.11040752351097176
0 0.5731846153846154 0.5209926854754441 0.0552538461538461 0.11040752351097176
0 0.23193076923076922 0.5213270637408569 0.05566153846153847 0.10974921630094046
0 0.45868461538461536 0.5213270637408569 0.05516923076923079 0.10974921630094046
0 0.17616153846153845 0.5219749216300941 0.05664615384615383 0.10321839080459767
0 0.4029076923076923 0.5222988505747126 0.057115384615384616 0.10910135841170321
0 0.28939230769230767 0.5226332288401255 0.057084615384615414 0.10974921630094046
0 0.6496153846153846 0.055381400208986416 0.05923076923076923 0.11076280041797283
0 0.7107692307692308 0.05590386624869383 0.05846153846153846 0.11180773249738767
0 0.5918923076923077 0.057492163009404386 0.059969230769230795 0.11497387669801463
0 0.7681769230769231 0.05800417972831766 0.05886923076923075 0.11600835945663532
0 0.47144615384615385 0.05879832810867294 0.057615384615384686 0.11759665621734589
0 0.23673846153846154 0.059122257053291535 0.057584615384615394 0.11693834900731452
0 0.29612307692307693 0.059122257053291535 0.05803846153846157 0.11824451410658307
0 0.8283769230769231 0.059258098223615475 0.06130000000000004 0.11684430512016718
0 0.5311538461538462 0.05903866248693835 0.05923076923076923 0.1180773249738767
0 0.35436923076923077 0.05978056426332288 0.05814615384615387 0.11955067920585162
0 0.4132692307692308 0.05978056426332288 0.05860000000000005 0.11824451410658307
0 0.17736153846153846 0.060104493207941485 0.05905384615384614 0.11890282131661442
0 0.11822307692307692 0.06108672936259143 0.058115384615384624 0.12085684430512017
0 0.058600000000000006 0.062058516196447235 0.06006153846153845 0.12020898641588296
0 0.9855846153846154 0.06211076280041797 0.028830769230769243 0.11560083594566353
0 0.8855000000000001 0.062173458725182866 0.05882307692307677 0.11768025078369906
0 0.6791692307692307 0.6215987460815047 0.05370769230769226 0.10518286311389768
0 0.6231538461538462 0.6225809822361545 0.056130769230769255 0.10191222570532912
0 0.9095384615384616 0.6281295715778474 0.0546846153846155 0.10779519331243478
0 0.5669000000000001 0.6287878787878788 0.052307692307692305 0.10257053291536058
0 0.4527076923076923 0.6291118077324973 0.055723076923076965 0.11105538140020896
0 0.5099230769230769 0.6297701149425288 0.054738461538461604 0.10713688610240331
0 0.7388461538461538 0.6300940438871473 0.0547538461538462 0.11301985370950897
0 0.7965461538461538 0.6310762800417974 0.05569230769230776 0.10974921630094041
0 0.8540076923076924 0.6314002089864159 0.05614615384615368 0.11301985370950897
0 0.2819384615384615 0.6314002089864159 0.057569230769230796 0.10910135841170332
0 0.33795384615384616 0.6317241379310344 0.058030769230769184 0.10974921630094041
0 0.3947692307692308 0.6330303030303029 0.0562307692307692 0.11236154649947751
0 0.10860769230769231 0.6343364681295716 0.05523846153846154 0.10583072100313477
0 0.048499999999999995 0.6346708463949843 0.06006923076923077 0.10910135841170332
0 0.9708461538461538 0.6353187042842215 0.058023076923076795 0.10910135841170332
0 0.22472307692307691 0.6363009404388715 0.05759230769230769 0.11105538140020896
0 0.16558461538461539 0.63662486938349 0.05858461538461536 0.11171368861024042
0 0.9420153846153845 0.06426332288401254 0.05756923076923088 0.12017763845350052
0 0.6255615384615385 0.7274294670846395 0.056130769230769255 0.10648902821316623
0 0.6815769230769231 0.728735632183908 0.05370769230769226 0.10518286311389768
0 0.5724307692307692 0.7336363636363636 0.05471538461538453 0.10452455590386622
0 0.9047307692307693 0.7365830721003135 0.05372307692307703 0.10779519331243478
0 0.4599153846153846 0.7372309299895506 0.05283846153846158 0.10387669801462913
0 0.7398076923076923 0.737889237199582 0.05571538461538467 0.10518286311389768
0 0.8506384615384615 0.738871473354232 0.05519230769230769 0.10452455590386622
0 0.7951076923076924 0.7391954022988505 0.05665384615384622 0.10648902821316623
0 0.9590615384615384 0.7405015673981191 0.053699999999999956 0.10126436781609204
0 0.06364615384615384 0.7405015673981191 0.05573846153846154 0.10518286311389768
0 0.5159307692307693 0.7408254963427378 0.053292307692307674 0.10844305120167186
0 0.0186 0.7414838035527691 0.0372 0.10844305120167186
0 0.34613076923076924 0.7414838035527691 0.05513846153846159 0.10713688610240331
0 0.40359999999999996 0.7414838035527691 0.05850769230769227 0.11628004179728314
0 0.11894615384615384 0.7424555903866248 0.05667692307692308 0.10387669801462913
0 0.17688461538461536 0.7434378265412749 0.05424615384615383 0.10060606060606057
0 0.23097692307692305 0.7434378265412749 0.05566923076923077 0.10321839080459767
0 0.28746923076923075 0.7467084639498432 0.05612307692307695 0.10713688610240331
0 0.6868615384615384 0.8384952978056427 0.05177692307692303 0.10648902821316623
0 0.6325307692307692 0.8411076280041798 0.054684615384615325 0.10910135841170332
0 0.8518384615384617 0.8430616509926854 0.05374615384615376 0.10518286311389768
0 0.7955846153846153 0.8437199582027168 0.05376923076923084 0.10257053291536058
0 0.022784615384615386 0.8447021943573668 0.04517692307692307 0.10060606060606057
0 0.13073846153846155 0.8460083594566353 0.0562230769230769 0.10321839080459767
0 0.1857923076923077 0.8460083594566353 0.05763846153846154 0.10583072100313477
0 0.9081 0.8466562173458725 0.055646153846153956 0.10713688610240331
0 0.7409538461538462 0.8466562173458725 0.05127692307692314 0.10844305120167186
0 0.24060769230769233 0.8482967607105538 0.05376923076923075 0.10387669801462913
0 0.07229999999999999 0.8482967607105538 0.05958461538461539 0.10779519331243478
0 0.9645923076923077 0.8496029258098224 0.055138461538461414 0.10257053291536058
0 0.3528769230769231 0.849926854754441 0.05516923076923079 0.10713688610240331
0 0.5197769230769231 0.8502507836990596 0.05233076923076921 0.10648902821316623
0 0.40865384615384615 0.850909090909091 0.055146153846153886 0.10910135841170332
0 0.5767538461538462 0.850909090909091 0.05470769230769222 0.10648902821316623
0 0.46448461538461544 0.8525391849529781 0.05812307692307688 0.10713688610240331
0 0.2963769230769231 0.8528631138975967 0.053746153846153846 0.10126436781609204