0 0.4050461538461538 0.25553235908141964 0.05446153846153843 0.22872651356993737
0 0.20617692307692306 0.2558768267223382 0.3419307692307692 0.23211899791231733
0 0.8537076923076923 0.2568893528183716 0.292576923076923 0.2246555323590814
0 0.018592307692307693 0.2572338204592902 0.03717692307692307 0.2253340292275574
0 0.5688153846153846 0.25824634655532364 0.054892307692307615 0.22194154488517748
0 0.4580538461538462 0.25960334029227555 0.052438461538461593 0.22465553235908145
0 0.678076923076923 0.25994780793319416 0.05134615384615385 0.2239770354906054
0 0.5128076923076923 0.26028183716075154 0.05591538461538466 0.22601252609603345
0 0.621323076923077 0.2619832985386221 0.05186923076923082 0.2199060542797495
0 0.8926615384615385 0.4747599164926931 0.05437692307692312 0.21514613778705638
0 0.9469153846153846 0.47645093945720246 0.05185384615384604 0.21446764091858037
0 0.3424769230769231 0.4778079331941545 0.05434615384615383 0.22940501043841335
0 0.8379 0.4784864300626305 0.055900000000000054 0.21446764091858042
0 0.7808999999999999 0.47984342379958245 0.0499230769230769 0.2171816283924844
0 0.28921538461538465 0.480187891440501 0.053869230769230746 0.21922755741127348
0 0.12095384615384616 0.48052192066805843 0.054438461538461526 0.21990605427974944
0 0.1752076923076923 0.4808663883089771 0.0519153846153846 0.22601252609603345
0 0.23170769230769234 0.48086638830897704 0.05689230769230772 0.22194154488517745
0 0.7291384615384615 0.48086638830897704 0.05544615384615379 0.21514613778705638
0 0.021153846153846155 0.48068893528183715 0.04230769230769231 0.2244258872651357
0 0.5365307692307693 0.4818789144050104 0.3314384615384615 0.2212630480167015
0 0.06469230769230769 0.4839144050104384 0.05596153846153846 0.2226200417536535
0 0.34 0.06680584551148225 0.052307692307692305 0.1336116910229645
0 0.28671538461538465 0.06889352818371608 0.053869230769230746 0.13777661795407098
0 0.7316384615384616 0.06957202505219208 0.05543846153846149 0.13913361169102298
0 0.23146153846153844 0.06990605427974948 0.05439230769230772 0.13981210855949897
0 0.05943846153846154 0.06990605427974948 0.06046923076923076 0.13981210855949897
0 0.8538846153846154 0.6960125260960334 0.29193076923076916 0.21378914405010432
0 0.8959076923076924 0.07092901878914404 0.05387692307692305 0.14184759916492692
0 0.6750769230769231 0.7000835073068893 0.055353846153846184 0.21650313152400844
0 0.39880000000000004 0.700427974947808 0.0549692307692308 0.21175365344467653
0 0.4543076923076923 0.7021189979123174 0.05694615384615383 0.21514613778705627
0 0.5105615384615385 0.7021189979123174 0.05542307692307689 0.21514613778705627
0 0.619323076923077 0.7021189979123174 0.05187692307692312 0.21378914405010432
0 0.5643153846153847 0.7027974947807933 0.05389999999999995 0.21650313152400844
0 0.20543076923076922 0.7038204592901879 0.33143076923076925 0.21990605427974955
0 0.020438461538461537 0.7065344467640918 0.04047692307692307 0.21718162839248428
0 0.7873923076923076 0.07126304801670144 0.05591538461538457 0.14116910229645094
0 0.8419 0.07194154488517746 0.055900000000000054 0.1438830897703549
0 0.1757076923076923 0.07194154488517746 0.05791538461538463 0.1425260960334029
0 0.9489153846153846 0.07228601252609604 0.05285384615384618 0.1445615866388309
0 0.1192 0.07228601252609604 0.060938461538461525 0.14320459290187892
0 0.5375307692307693 0.07364300626304801 0.3324307692307693 0.14727557411273487
0 0.9429153846153846 0.8531315240083507 0.053869230769230926 0.10587682672233827
0 0.8301538461538462 0.8534759916492693 0.05541538461538459 0.10384133611691025
0 0.8876615384615385 0.8541544885177452 0.05439230769230772 0.10112734864300638
0 0.7744 0.8548329853862212 0.050938461538461474 0.10248434237995831
0 0.7236461538461538 0.8551774530271399 0.05646153846153853 0.10180584551148222
0 0.5312846153846154 0.8572129436325678 0.32294615384615377 0.09637787056367425
0 0.34096923076923075 0.8592484342379958 0.05434615384615383 0.09366388308977038
0 0.11019230769230769 0.8595824634655532 0.054938461538461554 0.09162839248434235
0 0.28496153846153843 0.8599269311064718 0.053369230769230766 0.09230688935281844
0 0.05393846153846154 0.8602609603340292 0.05346153846153846 0.0875574112734863
0 0.16845384615384615 0.8609394572025052 0.05641538461538464 0.09027139874739042
0 0.2277076923076923 0.8609394572025052 0.054892307692307706 0.09027139874739042