0 0.2276923076923077 0.09506398537477148 0.05384615384615385 0.13711151736745886
0 0.057692307692307696 0.08820840950639854 0.05307692307692308 0.1343692870201097
0 0.11038461538461539 0.09277879341864717 0.06230769230769231 0.13893967093235832
0 0.2796153846153846 0.10831809872029251 0.05923076923076923 0.13528336380255943
0 0.35 0.11288848263254113 0.08692307692307692 0.1416819012797075
0 0.1723076923076923 0.10237659963436929 0.06461538461538462 0.13893967093235832
0 0.43115384615384617 0.12111517367458867 0.06615384615384616 0.13254113345521024
0 0.47307692307692306 0.1416819012797075 0.038461538461538464 0.09323583180987204
0 0.5615384615384615 0.1476234003656307 0.05076923076923077 0.09140767824497258
0 0.5126923076923077 0.14488117001828155 0.04923076923076923 0.09323583180987204
0 0.6130769230769231 0.15219378427787933 0.05153846153846154 0.08226691042047532
0 0.6580769230769231 0.1576782449725777 0.05307692307692308 0.09140767824497258
0 0.7065384615384616 0.1613345521023766 0.06 0.09414990859232175
0 0.895 0.17687385740402195 0.05846153846153846 0.08683729433272395
0 0.7988461538461539 0.17184643510054845 0.05692307692307692 0.09506398537477148
0 0.8407692307692308 0.17550274223034734 0.05384615384615385 0.07952468007312614
0 0.7588461538461538 0.1723034734917733 0.05153846153846154 0.09049360146252285
0 0.9411538461538461 0.18418647166361973 0.047692307692307694 0.09597806215722121
0 0.9753846153846154 0.19287020109689215 0.04923076923076923 0.09140767824497258
0 0.9869230769230769 0.05210237659963437 0.026153846153846153 0.04570383912248629
0 0.02923076923076923 0.2070383912248629 0.03923076923076923 0.12888482632541134
0 0.20038461538461538 0.22623400365630714 0.06384615384615384 0.13893967093235832
0 0.6015384615384616 0.253199268738574 0.07 0.13071297989031078
0 0.14153846153846153 0.22806215722120657 0.06 0.12614259597806216
0 0.5461538461538461 0.253199268738574 0.06230769230769231 0.12705667276051189
0 0.37384615384615383 0.24314442413162707 0.06769230769230769 0.1316270566727605
0 0.4869230769230769 0.2509140767824497 0.054615384615384614 0.12522851919561243
0 0.43346153846153845 0.24862888482632542 0.06 0.12157221206581353
0 0.08615384615384615 0.22760511882998172 0.06 0.12705667276051189
0 0.2642307692307692 0.23857404021937842 0.06153846153846154 0.12705667276051189
0 0.31576923076923075 0.2426873857404022 0.06307692307692307 0.13254113345521024
0 0.6592307692307692 0.26416819012797077 0.06692307692307692 0.13071297989031078
0 0.8315384615384616 0.2783363802559415 0.07230769230769231 0.13071297989031078
0 0.8919230769230769 0.283363802559415 0.0823076923076923 0.13345521023765997
0 0.7726923076923077 0.2774223034734918 0.07307692307692308 0.13254113345521024
0 0.7138461538461538 0.2742230347349177 0.06615384615384616 0.12614259597806216
0 0.948076923076923 0.29341864716636196 0.07 0.12797074954296161
0 0.985 0.29981718464351004 0.03 0.12431444241316271
0 0.08692307692307692 0.015996343692870202 0.13384615384615384 0.031992687385740404
0 0.255 0.021937842778793418 0.05307692307692308 0.043875685557586835
0 0.9561538461538461 0.05712979890310786 0.040769230769230766 0.061243144424131625
0 0.20653846153846153 0.02056672760511883 0.04692307692307692 0.04113345521023766
0 0.3073076923076923 0.026051188299817184 0.05 0.05210237659963437
0 0.3576923076923077 0.03244972577696526 0.04923076923076923 0.06489945155393052
0 0.022307692307692306 0.34186471663619744 0.03769230769230769 0.13345521023765997
0 0.5784615384615385 0.37751371115173676 0.06076923076923077 0.11882998171846434
0 0.5238461538461539 0.37477148080438755 0.06 0.12340036563071298
0 0.19153846153846155 0.35511882998171845 0.06153846153846154 0.1206581352833638
0 0.4157692307692308 0.3692870201096892 0.05384615384615385 0.12431444241316271
0 0.2519230769230769 0.36060329067641683 0.06461538461538462 0.1206581352833638
0 0.4665384615384615 0.37385740402193784 0.05692307692307692 0.12248628884826325
0 0.1326923076923077 0.3546617915904936 0.07 0.13345521023765997
0 0.6792307692307692 0.3903107861060329 0.05384615384615385 0.11243144424131626
0 0.3619230769230769 0.3720292504570384 0.057692307692307696 0.12248628884826325
0 0.06461538461538462 0.3546617915904936 0.06846153846153846 0.12705667276051189
0 0.30846153846153845 0.3697440585009141 0.06 0.12340036563071298
0 0.6265384615384615 0.3907678244972578 0.06153846153846154 0.12431444241316271
0 0.7265384615384616 0.39853747714808047 0.07076923076923076 0.12705667276051189
0 0.8342307692307692 0.4063071297989031 0.06538461538461539 0.12888482632541134
0 0.8903846153846153 0.41361974405850094 0.07384615384615385 0.1316270566727605
0 0.7807692307692308 0.40813528336380256 0.06692307692307692 0.12431444241316271
0 0.9569230769230769 0.4625228519195612 0.08615384615384615 0.09689213893967093
0 0.4026923076923077 0.041590493601462525 0.04692307692307692 0.08318098720292505
0 0.44769230769230767 0.04661791590493602 0.046153846153846156 0.09323583180987204
0 0.585 0.05393053016453382 0.04923076923076923 0.10054844606946983
0 0.5442307692307692 0.49314442413162707 0.06153846153846154 0.11974405850091407
0 0.23423076923076924 0.47486288848263253 0.05307692307692308 0.113345521023766
0 0.9180769230769231 0.07495429616087751 0.04461538461538461 0.09414990859232175
0 0.4919230769230769 0.04936014625228519 0.05153846153846154 0.09872029250457039
0 0.5396153846153846 0.05210237659963437 0.05153846153846154 0.10329067641681901
0 0.6319230769230769 0.05758683729433273 0.05384615384615385 0.10329067641681901
0 0.38846153846153847 0.48720292504570384 0.05923076923076923 0.11974405850091407
0 0.175 0.4739488117001828 0.06230769230769231 0.1170018281535649
0 0.4907692307692308 0.4954296160877514 0.05923076923076923 0.1206581352833638
0 0.2826923076923077 0.4835466179159049 0.057692307692307696 0.113345521023766
0 0.44153846153846155 0.49497257769652653 0.06 0.12248628884826325
0 0.12192307692307693 0.47623400365630714 0.05692307692307692 0.11608775137111517
0 0.06769230769230769 0.473491773308958 0.05615384615384615 0.11243144424131626
0 0.33653846153846156 0.49085923217550276 0.07 0.12979890310786105
0 0.5984615384615385 0.5077696526508226 0.057692307692307696 0.11791590493601463
0 0.7115384615384616 0.520109689213894 0.05307692307692308 0.12522851919561243
0 0.8215384615384616 0.5278793418647166 0.06076923076923077 0.11608775137111517
0 0.8696153846153846 0.5315356489945156 0.05846153846153846 0.1170018281535649
0 0.6557692307692308 0.5182815356489945 0.05846153846153846 0.11791590493601463
0 0.6838461538461539 0.062157221206581355 0.05692307692307692 0.10511882998171847
0 0.7661538461538462 0.5356489945155393 0.06692307692307692 0.11791590493601463
0 0.7346153846153847 0.06718464351005485 0.06153846153846154 0.10786106032906764
0 0.8742307692307693 0.07678244972577697 0.05846153846153846 0.11151736745886655
0 0.9473076923076923 0.5708409506398537 0.10538461538461538 0.18372943327239488
0 0.8265384615384616 0.07815356489945155 0.06230769230769231 0.11243144424131626
0 0.7776923076923077 0.07541133455210237 0.06153846153846154 0.11791590493601463
0 0.49884615384615383 0.7102376599634369 0.07307692307692308 0.14076782449725778
0 0.8376923076923077 0.7344606946983546 0.08076923076923077 0.11791590493601463
0 0.6323076923076923 0.7248628884826326 0.07153846153846154 0.14076782449725778
0 0.568076923076923 0.7248628884826326 0.07846153846153846 0.14716636197440586
0 0.7653846153846153 0.7372029250457038 0.07538461538461538 0.14442413162705667
0 0.9130769230769231 0.7490859232175503 0.07076923076923076 0.12340036563071298
0 0.4296153846153846 0.7193784277879341 0.07846153846153846 0.15356489945155394
0 0.6992307692307692 0.7367458866544789 0.07769230769230769 0.15082266910420475
0 0.963076923076923 0.7568555758683729 0.05846153846153846 0.14990859232175502
0 0.2123076923076923 0.7193784277879341 0.07846153846153846 0.15356489945155394
0 0.01769230769230769 0.7079524680073126 0.03538461538461538 0.12705667276051189
0 0.9753846153846154 0.10283363802559416 0.04923076923076923 0.07221206581352833
0 0.3507692307692308 0.7344606946983546 0.07153846153846154 0.15173674588665448
0 0.1396153846153846 0.7239488117001828 0.08923076923076922 0.14442413162705667
0 0.2823076923076923 0.7330895795246801 0.07692307692307693 0.14625228519195613
0 0.06423076923076923 0.7207495429616088 0.08615384615384615 0.14076782449725778