0 0.5637624999999999 0.8875086505190312 0.2918812500000001 0.06948096885813153
0 0.064375 0.889878892733564 0.12714999999999999 0.06632352941176477
0 0.27196875 0.889878892733564 0.27991875000000005 0.06316608996539791
0 0.85638125 0.8926384083044984 0.2872375 0.059221453287197266
0 0.70011875 0.1058044982698962 0.27592500000000003 0.1058044982698962
0 0.92125 0.10683391003460208 0.1575 0.10294117647058823
0 0.41975625 0.11251730103806228 0.27199375000000003 0.11923010380622841
0 0.1308 0.11607266435986159 0.2611375 0.11211937716262976
0 0.8652249999999999 0.21437716262975778 0.2695500000000001 0.10343425605536334
0 0.5637687499999999 0.21713667820069205 0.27706875 0.11685986159169554
0 0.060943750000000005 0.2222750865051903 0.1202875 0.10027681660899652
0 0.2796625 0.22819204152249137 0.26678125 0.10423010380622838
0 0.5612312500000001 0.025268166089965398 0.26856875 0.050536332179930796
0 0.07748125 0.02724048442906574 0.1545 0.05290657439446367
0 0.8359375 0.02768166089965398 0.271875 0.05536332179930796
0 0.2896875 0.02768166089965398 0.265625 0.05536332179930796
0 0.6992875 0.3304498269896194 0.2822562500000001 0.10817474048442903
0 0.9320125 0.33083910034602076 0.13500624999999986 0.1105449826989619
0 0.11682500000000001 0.3316349480968858 0.23319375 0.1105449826989619
0 0.41659999999999997 0.33557958477508654 0.27595624999999996 0.10738754325259514
0 0.83845 0.44415224913494816 0.27990624999999997 0.10817474048442903
0 0.5386625 0.4465138408304498 0.2781875000000001 0.11133217993079589
0 0.049262499999999994 0.44691176470588234 0.09806874999999998 0.1105449826989619
0 0.2465875 0.4504671280276817 0.27593749999999995 0.10975778546712807
0 0.91913125 0.5574567474048443 0.16173125 0.108961937716263
0 0.6827437500000001 0.561401384083045 0.28794999999999993 0.11844290657439453
0 0.38408749999999997 0.561401384083045 0.28509375000000003 0.11370242214532876
0 0.11769375 0.5661418685121108 0.234925 0.10738754325259524
0 0.8356 0.6774740484429066 0.2947312500000001 0.11844290657439453
0 0.5329625 0.6810294117647059 0.29189375000000006 0.11448961937716255
0 0.04811875000000001 0.6814186851211073 0.0957875 0.11211937716262987
0 0.23689375 0.6837889273356401 0.28164375 0.11685986159169542
0 0.13565625 0.7978892733564014 0.2697125 0.11923010380622831
0 0.9391375 0.7986764705882353 0.12073125000000004 0.12712802768166093
0 0.4271625 0.802621107266436 0.29022500000000007 0.11448961937716255
0 0.729225 0.8030190311418685 0.30219999999999997 0.1200173010380623