0 0.15112704918032788 0.8234615384615385 0.30225409836065575 0.14076923076923076
0 0.4696516393442623 0.8395538461538462 0.32830942622950826 0.13320769230769236
0 0.7851229508196721 0.8510615384615385 0.24659836065573776 0.14636923076923083
0 0.05247950819672131 0.9393230769230768 0.10290983606557377 0.11895384615384605
0 0.17109631147540985 0.9445307692307693 0.12549180327868853 0.1096384615384617
0 0.3017725409836065 0.9469923076923076 0.11959016393442626 0.10579999999999998
0 0.4448565573770492 0.9528000000000001 0.1341290983606557 0.09439230769230772
0 0.5818237704918033 0.953076923076923 0.11892418032786879 0.09384615384615384
0 0.7347643442622951 0.9580076923076923 0.14295081967213114 0.08397692307692313
0 0.8601434426229508 0.9623076923076923 0.09733606557377049 0.07538461538461538
0 0.6828995901639344 0.17295384615384612 0.17797131147540987 0.10799230769230767
0 0.844610655737705 0.17377692307692308 0.12606557377049177 0.10744615384615386
0 0.5028790983606557 0.18254615384615386 0.17861680327868856 0.10744615384615383
0 0.3247540983606557 0.1839153846153846 0.1728586065573771 0.10799230769230767
0 0.15064549180327869 0.18419230769230768 0.1678176229508197 0.10525384615384618
0 0.03277663934426229 0.19046153846153846 0.06554303278688524 0.1013692307692308
0 0.7653893442622951 0.29903846153846153 0.28597336065573786 0.1354
0 0.44519467213114755 0.3047923076923077 0.3334118852459017 0.1348538461538461
0 0.13771516393442623 0.31329230769230765 0.27543032786885246 0.11676153846153843
0 0.7653995901639344 0.43690769230769233 0.1443545081967212 0.1348538461538461
0 0.2123360655737705 0.4388230769230769 0.12180327868852459 0.12882307692307696
0 0.08641393442622951 0.4388230769230769 0.12112704918032785 0.12114615384615385
0 0.6168442622950819 0.4399230769230769 0.14222336065573765 0.1354
0 0.47558401639344255 0.44129230769230765 0.13571721311475407 0.13156153846153845
0 0.341547131147541 0.4423846153846154 0.12904713114754102 0.13156153846153845
0 0.15684426229508197 0.5692923076923078 0.31164959016393445 0.13650000000000004
0 0.7851229508196721 0.5758692307692308 0.24512295081967214 0.13869230769230767
0 0.4846209016393443 0.5764230769230769 0.3392520491803279 0.13430769230769224
0 0.10247950819672129 0.6986692307692307 0.13281762295081967 0.12882307692307696
0 0.23753073770491803 0.7014076923076923 0.13276639344262292 0.12663076923076932
0 0.3638217213114754 0.7079846153846154 0.12394467213114757 0.12553846153846157
0 0.49267418032786886 0.7088076923076924 0.11732581967213114 0.12827692307692307
0 0.6438729508196721 0.710176923076923 0.14078893442622958 0.13430769230769224
0 0.827469262295082 0.7123692307692308 0.1604303278688524 0.13650000000000004