0 0.995 0.1529968454258675 0.01 0.05362776025236593
0 0.9788461538461538 0.1519453207150368 0.027692307692307693 0.058885383806519455
0 0.3484615384615385 0.09253417455310199 0.02923076923076923 0.058885383806519455
0 0.9515384615384616 0.1519453207150368 0.025384615384615384 0.050473186119873815
0 0.9030769230769231 0.14879074658254468 0.02923076923076923 0.058885383806519455
0 0.9273076923076923 0.15509989484752892 0.02846153846153846 0.05993690851735016
0 0.14423076923076922 0.0804416403785489 0.03307692307692308 0.060988433228180865
0 0.04423076923076923 0.07150368033648791 0.036153846153846154 0.06519453207150368
0 0.07884615384615384 0.07570977917981073 0.03307692307692308 0.054679284963196635
0 0.5557692307692308 0.14826498422712933 0.02846153846153846 0.05993690851735016
0 0.5019230769230769 0.14353312302839116 0.03 0.05573080967402734
0 0.5273076923076923 0.1498422712933754 0.026923076923076925 0.05573080967402734
0 0.47384615384615386 0.14616193480546794 0.03 0.05993690851735016
0 0.605 0.1598317560462671 0.026153846153846153 0.05993690851735016
0 0.6323076923076923 0.1640378548895899 0.026153846153846153 0.056782334384858045
0 0.6580769230769231 0.16824395373291273 0.027692307692307693 0.056782334384858045
0 0.6842307692307692 0.17139852786540483 0.026153846153846153 0.054679284963196635
0 0.5788461538461539 0.1619348054679285 0.025384615384615384 0.052576235541535225
0 0.44461538461538463 0.1498422712933754 0.03230769230769231 0.05993690851735016
0 0.9942307692307693 0.20504731861198738 0.011538461538461539 0.052576235541535225
0 0.31153846153846154 0.1398527865404837 0.03 0.054679284963196635
0 0.8573076923076923 0.19242902208201892 0.026153846153846153 0.05152471083070452
0 0.16923076923076924 0.1277602523659306 0.03538461538461538 0.06519453207150368
0 0.7353846153846154 0.1819137749737119 0.021538461538461538 0.054679284963196635
0 0.713076923076923 0.18033648790746581 0.027692307692307693 0.05573080967402734
0 0.3930769230769231 0.1498422712933754 0.03076923076923077 0.05783385909568875
0 0.7596153846153846 0.18506834910620398 0.027692307692307693 0.05573080967402734
0 0.8823076923076923 0.1971608832807571 0.024615384615384615 0.05573080967402734
0 0.28307692307692306 0.14037854889589904 0.03 0.058885383806519455
0 0.7834615384615384 0.1882229232386961 0.024615384615384615 0.05573080967402734
0 0.10576923076923077 0.12407991587802314 0.03230769230769231 0.058885383806519455
0 0.4176923076923077 0.15404837013669823 0.023076923076923078 0.054679284963196635
0 0.9519230769230769 0.20557308096740273 0.023076923076923078 0.05362776025236593
0 0.9788461538461538 0.2082018927444795 0.024615384615384615 0.05362776025236593
0 0.19884615384615384 0.13406940063091483 0.03230769230769231 0.06203995793901157
0 0.33807692307692305 0.14826498422712933 0.027692307692307693 0.05362776025236593
0 0.3646153846153846 0.1519453207150368 0.02846153846153846 0.05783385909568875
0 0.255 0.14300736067297581 0.02923076923076923 0.05783385909568875
0 0.9042307692307693 0.20662460567823343 0.026923076923076925 0.054679284963196635
0 0.07307692307692308 0.13038906414300735 0.033846153846153845 0.06309148264984227
0 0.9265384615384615 0.21345951629863302 0.024615384615384615 0.05362776025236593
0 0.22615384615384615 0.14773922187171398 0.02923076923076923 0.05783385909568875
0 0.1373076923076923 0.13932702418506834 0.03307692307692308 0.06203995793901157
0 0.04423076923076923 0.13354363827549948 0.03307692307692308 0.05993690851735016
0 0.5003846153846154 0.20452155625657203 0.02846153846153846 0.05362776025236593
0 0.5276923076923077 0.20715036803364878 0.02846153846153846 0.05573080967402734
0 0.6357692307692308 0.22187171398527866 0.027692307692307693 0.054679284963196635
0 0.6080769230769231 0.2192429022082019 0.02846153846153846 0.054679284963196635
0 0.661923076923077 0.22555205047318613 0.02846153846153846 0.058885383806519455
0 0.583076923076923 0.2202944269190326 0.025384615384615384 0.05993690851735016
0 0.5542307692307692 0.21766561514195584 0.02846153846153846 0.056782334384858045
0 0.8638461538461538 0.24815983175604628 0.02846153846153846 0.05783385909568875
0 0.9938461538461538 0.26130389064143006 0.012307692307692308 0.05362776025236593
0 0.8338461538461538 0.2455310199789695 0.026923076923076925 0.05573080967402734
0 0.4723076923076923 0.21188222923238695 0.02923076923076923 0.05152471083070452
0 0.6896153846153846 0.23396424815983174 0.027692307692307693 0.05783385909568875
0 0.9784615384615385 0.2618296529968454 0.023076923076923078 0.05362776025236593
0 0.7138461538461538 0.23659305993690852 0.025384615384615384 0.054679284963196635
0 0.885 0.25341745531019977 0.022307692307692306 0.052576235541535225
0 0.4453846153846154 0.21188222923238695 0.02923076923076923 0.050473186119873815
0 0.9534615384615385 0.26130389064143006 0.024615384615384615 0.054679284963196635
0 0.4165384615384615 0.20977917981072555 0.02846153846153846 0.05783385909568875
0 0.7603846153846154 0.24290220820189273 0.026923076923076925 0.056782334384858045
0 0.7369230769230769 0.24079915878023134 0.025384615384615384 0.05993690851735016
0 0.7846153846153846 0.24605678233438485 0.024615384615384615 0.05362776025236593
0 0.27884615384615385 0.19926393270241852 0.031538461538461536 0.05783385909568875
0 0.38961538461538464 0.2103049421661409 0.02846153846153846 0.056782334384858045
0 0.8088461538461539 0.250788643533123 0.03 0.05783385909568875
0 0.36230769230769233 0.20872765509989485 0.027692307692307693 0.056782334384858045
0 0.33576923076923076 0.20662460567823343 0.03 0.058885383806519455
0 0.16346153846153846 0.19032597266035753 0.03307692307692308 0.06309148264984227
0 0.3076923076923077 0.20399579390115669 0.02923076923076923 0.05783385909568875
0 0.1 0.18664563617245006 0.033846153846153845 0.06203995793901157
0 0.19538461538461538 0.19558359621451105 0.03076923076923077 0.056782334384858045
0 0.931923076923077 0.26708727655099895 0.023076923076923078 0.05362776025236593
0 0.9080769230769231 0.2655099894847529 0.026923076923076925 0.054679284963196635
0 0.25 0.20557308096740273 0.03076923076923077 0.05993690851735016
0 0.2230769230769231 0.20557308096740273 0.03076923076923077 0.056782334384858045
0 0.06846153846153846 0.19242902208201892 0.03230769230769231 0.06519453207150368
0 0.13 0.20031545741324921 0.03307692307692308 0.060988433228180865
0 0.039615384615384615 0.1950578338590957 0.03230769230769231 0.06519453207150368
0 0.5180769230769231 0.2655099894847529 0.031538461538461536 0.06203995793901157
0 0.62 0.2765509989484753 0.02923076923076923 0.05783385909568875
0 0.6469230769230769 0.28180862250262884 0.027692307692307693 0.056782334384858045
0 0.43538461538461537 0.2628811777076761 0.02923076923076923 0.056782334384858045
0 0.46307692307692305 0.26603575184016826 0.02923076923076923 0.058885383806519455
0 0.5423076923076923 0.27392218717139855 0.021538461538461538 0.05362776025236593
0 0.9857692307692307 0.31703470031545744 0.022307692307692306 0.050473186119873815
0 0.6726923076923077 0.2870662460567823 0.027692307692307693 0.052576235541535225
0 0.48846153846153845 0.2697160883280757 0.026153846153846153 0.056782334384858045
0 0.8469230769230769 0.3049421661409043 0.024615384615384615 0.05573080967402734
0 0.5673076923076923 0.27812828601472134 0.026923076923076925 0.060988433228180865
0 0.9626923076923077 0.31650893796004204 0.026923076923076925 0.056782334384858045
0 0.7 0.2917981072555205 0.026153846153846153 0.056782334384858045
0 0.40692307692307694 0.2644584647739222 0.027692307692307693 0.05783385909568875
0 0.7938461538461539 0.3028391167192429 0.026153846153846153 0.05362776025236593
0 0.7688461538461538 0.3007360672975815 0.025384615384615384 0.05362776025236593
0 0.8742307692307693 0.3117770767613039 0.025384615384615384 0.05993690851735016
0 0.7234615384615385 0.29758149316508936 0.024615384615384615 0.05573080967402734
0 0.7453846153846154 0.2996845425867508 0.023846153846153847 0.05152471083070452
0 0.8226923076923077 0.30757097791798105 0.026153846153846153 0.056782334384858045
0 0.5934615384615385 0.28601472134595163 0.026153846153846153 0.058885383806519455
0 0.38 0.26603575184016826 0.02846153846153846 0.054679284963196635
0 0.2723076923076923 0.2576235541535226 0.027692307692307693 0.05573080967402734
0 0.3280769230769231 0.2634069400630915 0.03 0.05993690851735016
0 0.2996153846153846 0.2607781282860147 0.03076923076923077 0.060988433228180865
0 0.9373076923076923 0.3228180862250263 0.023846153846153847 0.05152471083070452
0 0.8938461538461538 0.3186119873817035 0.02076923076923077 0.048370136698212406
0 0.15653846153846154 0.24868559411146163 0.03307692307692308 0.06414300736067298
0 0.9142307692307692 0.3228180862250263 0.023076923076923078 0.05362776025236593
0 0.35423076923076924 0.2697160883280757 0.026153846153846153 0.05573080967402734
0 0.18807692307692309 0.2555205047318612 0.03307692307692308 0.058885383806519455
0 0.09423076923076923 0.24710830704521555 0.03307692307692308 0.06203995793901157
0 0.24576923076923077 0.2618296529968454 0.03 0.054679284963196635
0 0.21769230769230768 0.26393270241850686 0.03307692307692308 0.05783385909568875
0 0.12461538461538461 0.2576235541535226 0.03 0.056782334384858045
0 0.065 0.2555205047318612 0.02923076923076923 0.05993690851735016
0 0.03769230769230769 0.2555205047318612 0.02846153846153846 0.054679284963196635
0 0.9907692307692307 0.3696109358569926 0.018461538461538463 0.05152471083070452
0 0.6284615384615385 0.3359621451104101 0.031538461538461536 0.058885383806519455
0 0.4938461538461538 0.3249211356466877 0.026153846153846153 0.058885383806519455
0 0.5192307692307693 0.3286014721345952 0.026923076923076925 0.05573080967402734
0 0.46807692307692306 0.325446898002103 0.026923076923076925 0.05152471083070452
0 0.7565384615384615 0.35331230283911674 0.023846153846153847 0.05783385909568875
0 0.44153846153846155 0.3228180862250263 0.02846153846153846 0.05362776025236593
0 0.5457692307692308 0.33280757097791797 0.02923076923076923 0.05993690851735016
0 0.7819230769230769 0.3559411146161935 0.024615384615384615 0.05573080967402734
0 0.9653846153846154 0.37381703470031546 0.025384615384615384 0.050473186119873815
0 0.6807692307692308 0.34647739221871715 0.026923076923076925 0.054679284963196635
0 0.7323076923076923 0.3527865404837014 0.026153846153846153 0.058885383806519455
0 0.41346153846153844 0.32334384858044163 0.02923076923076923 0.054679284963196635
0 0.6546153846153846 0.34752891692954785 0.03307692307692308 0.05362776025236593
0 0.8523076923076923 0.3664563617245005 0.023846153846153847 0.052576235541535225
0 0.8780769230769231 0.3696109358569926 0.025384615384615384 0.05362776025236593
0 0.9411538461538461 0.37592008412197686 0.023846153846153847 0.050473186119873815
0 0.573076923076923 0.34069400630914826 0.02923076923076923 0.05993690851735016
0 0.3861538461538462 0.32334384858044163 0.03076923076923077 0.054679284963196635
0 0.7061538461538461 0.35436382754994744 0.026923076923076925 0.054679284963196635
0 0.8046153846153846 0.3643533123028391 0.023846153846153847 0.05573080967402734
0 0.9188461538461539 0.3753943217665615 0.023076923076923078 0.05152471083070452
0 0.83 0.36803364879074657 0.026153846153846153 0.054679284963196635
0 0.5996153846153847 0.34647739221871715 0.026923076923076925 0.05573080967402734
0 0.2723076923076923 0.3159831756046267 0.02923076923076923 0.05783385909568875
0 0.8961538461538462 0.37592008412197686 0.022307692307692306 0.05152471083070452
0 0.32846153846153847 0.32229232386961093 0.03076923076923077 0.05993690851735016
0 0.3576923076923077 0.3264984227129338 0.03 0.060988433228180865
0 0.24423076923076922 0.31650893796004204 0.033846153846153845 0.060988433228180865
0 0.16 0.3107255520504732 0.033846153846153845 0.058885383806519455
0 0.2996153846153846 0.32597266035751843 0.03076923076923077 0.06309148264984227
0 0.09884615384615385 0.3086225026288118 0.02846153846153846 0.04942166140904311
0 0.2153846153846154 0.3228180862250263 0.03230769230769231 0.06309148264984227
0 0.18846153846153846 0.3207150368033649 0.033846153846153845 0.06309148264984227
0 0.12846153846153846 0.3186119873817035 0.03538461538461538 0.05573080967402734
0 0.04230769230769231 0.3128286014721346 0.03076923076923077 0.05573080967402734
0 0.01730769230769231 0.3117770767613039 0.02076923076923077 0.06203995793901157
0 0.06923076923076923 0.3186119873817035 0.03230769230769231 0.06309148264984227
0 0.9938461538461538 0.4216614090431125 0.012307692307692308 0.050473186119873815
0 0.9769230769230769 0.4263932702418507 0.024615384615384615 0.050473186119873815
0 0.953076923076923 0.42586750788643535 0.026923076923076925 0.052576235541535225
0 0.49115384615384616 0.3832807570977918 0.027692307692307693 0.056782334384858045
0 0.4376923076923077 0.3801261829652997 0.033846153846153845 0.058885383806519455
0 0.9303846153846154 0.42691903259726605 0.023076923076923078 0.05152471083070452
0 0.7676923076923077 0.4116719242902208 0.027692307692307693 0.05152471083070452
0 0.6696153846153846 0.4027339642481598 0.025384615384615384 0.05573080967402734
0 0.46576923076923077 0.38380651945320715 0.027692307692307693 0.056782334384858045
0 0.9080769230769231 0.4274447949526814 0.024615384615384615 0.05152471083070452
0 0.8646153846153846 0.42323869610935855 0.023846153846153847 0.05362776025236593
0 0.7426923076923077 0.41219768664563616 0.023076923076923078 0.052576235541535225
0 0.5176923076923077 0.3911671924290221 0.026153846153846153 0.05152471083070452
0 0.7203846153846154 0.4106203995793901 0.025384615384615384 0.05573080967402734
0 0.8842307692307693 0.4263932702418507 0.022307692307692306 0.048370136698212406
0 0.84 0.42218717139852785 0.024615384615384615 0.054679284963196635
0 0.545 0.3943217665615142 0.026153846153846153 0.056782334384858045
0 0.62 0.4011566771819138 0.026153846153846153 0.056782334384858045
0 0.645 0.4043112513144059 0.026923076923076925 0.05573080967402734
0 0.4076923076923077 0.38170347003154576 0.02846153846153846 0.05993690851735016
0 0.6953846153846154 0.41009463722397477 0.02923076923076923 0.05573080967402734
0 0.7907692307692308 0.42113564668769715 0.023076923076923078 0.05362776025236593
0 0.5707692307692308 0.4001051524710831 0.027692307692307693 0.054679284963196635
0 0.5942307692307692 0.4027339642481598 0.025384615384615384 0.05362776025236593
0 0.8153846153846154 0.4242902208201893 0.025384615384615384 0.056782334384858045
0 0.2696153846153846 0.37381703470031546 0.03 0.05993690851735016
0 0.32384615384615384 0.3843322818086225 0.02923076923076923 0.054679284963196635
0 0.24076923076923076 0.3785488958990536 0.03076923076923077 0.05993690851735016
0 0.35115384615384615 0.3890641430073607 0.03076923076923077 0.058885383806519455
0 0.15576923076923077 0.3711882229232387 0.02923076923076923 0.05573080967402734
0 0.3780769230769231 0.3932702418506835 0.02846153846153846 0.05573080967402734
0 0.29615384615384616 0.38696109358569925 0.02846153846153846 0.052576235541535225
0 0.09846153846153846 0.3711882229232387 0.02923076923076923 0.058885383806519455
0 0.21115384615384616 0.3822292323869611 0.02923076923076923 0.058885383806519455
0 0.1823076923076923 0.38065194532071506 0.02846153846153846 0.054679284963196635
0 0.039615384615384615 0.37171398527865407 0.03 0.058885383806519455
0 0.12615384615384614 0.3811777076761304 0.03230769230769231 0.05783385909568875
0 0.06961538461538462 0.37802313354363826 0.03230769230769231 0.05573080967402734
0 0.015384615384615385 0.37486855941114616 0.023076923076923078 0.05783385909568875
0 0.9915384615384616 0.4768664563617245 0.016923076923076923 0.0452155625657203
0 0.9730769230769231 0.4784437434279706 0.023846153846153847 0.05152471083070452
0 0.9511538461538461 0.47896950578338593 0.023846153846153847 0.050473186119873815
0 0.7680769230769231 0.46319663512092535 0.026923076923076925 0.05783385909568875
0 0.9276923076923077 0.480546792849632 0.024615384615384615 0.054679284963196635
0 0.9038461538461539 0.47896950578338593 0.024615384615384615 0.05152471083070452
0 0.8792307692307693 0.47791798107255523 0.023846153846153847 0.05152471083070452
0 0.8565384615384616 0.4758149316508938 0.025384615384615384 0.052576235541535225
0 0.666923076923077 0.45846477392218715 0.025384615384615384 0.05573080967402734
0 0.45615384615384613 0.43901156677181913 0.026153846153846153 0.05152471083070452
0 0.7153846153846154 0.46424815983175605 0.026923076923076925 0.05573080967402734
0 0.74 0.4679284963196635 0.026153846153846153 0.056782334384858045
0 0.5065384615384615 0.4458464773922187 0.02846153846153846 0.05993690851735016
0 0.6407692307692308 0.4589905362776025 0.02846153846153846 0.05573080967402734
0 0.8334615384615385 0.4773922187171398 0.019230769230769232 0.0452155625657203
0 0.5319230769230769 0.44952681388012616 0.027692307692307693 0.052576235541535225
0 0.6130769230769231 0.45846477392218715 0.02846153846153846 0.056782334384858045
0 0.6907692307692308 0.4658254468980021 0.026153846153846153 0.054679284963196635
0 0.7842307692307692 0.4747634069400631 0.023846153846153847 0.05362776025236593
0 0.8134615384615385 0.4784437434279706 0.025384615384615384 0.05362776025236593
0 0.47923076923076924 0.44952681388012616 0.026153846153846153 0.056782334384858045
0 0.5596153846153846 0.45846477392218715 0.027692307692307693 0.05362776025236593
0 0.4023076923076923 0.4437434279705573 0.026923076923076925 0.052576235541535225
0 0.5857692307692308 0.46319663512092535 0.02846153846153846 0.056782334384858045
0 0.265 0.4332281808622503 0.027692307692307693 0.05993690851735016
0 0.3192307692307692 0.4395373291272345 0.03076923076923077 0.05783385909568875
0 0.4276923076923077 0.4500525762355415 0.027692307692307693 0.05573080967402734
0 0.15269230769230768 0.42534174553102 0.03 0.05573080967402734
0 0.37538461538461537 0.4500525762355415 0.02923076923076923 0.056782334384858045
0 0.2915384615384615 0.443217665615142 0.03076923076923077 0.058885383806519455
0 0.2373076923076923 0.4384858044164038 0.02923076923076923 0.056782334384858045
0 0.34692307692307695 0.4490010515247108 0.02923076923076923 0.05573080967402734
0 0.20961538461538462 0.43901156677181913 0.027692307692307693 0.05362776025236593
0 0.18115384615384617 0.43690851735015773 0.03 0.05783385909568875
0 0.095 0.4284963196635121 0.03 0.058885383806519455
0 0.03538461538461538 0.42902208201892744 0.03 0.05362776025236593
0 0.12307692307692308 0.43901156677181913 0.031538461538461536 0.06203995793901157
0 0.06538461538461539 0.43585699263932703 0.03076923076923077 0.05783385909568875
0 0.011923076923076923 0.43112513144058884 0.021538461538461538 0.054679284963196635
0 0.9888461538461538 0.5273396424815984 0.022307692307692306 0.04942166140904311
0 0.965 0.5315457413249212 0.02076923076923077 0.048370136698212406
0 0.9438461538461539 0.5336487907465826 0.022307692307692306 0.05152471083070452
0 0.7611538461538462 0.5173501577287066 0.023846153846153847 0.054679284963196635
0 0.8988461538461539 0.5320715036803365 0.023846153846153847 0.052576235541535225
0 0.9196153846153846 0.535751840168244 0.023076923076923078 0.050473186119873815
0 0.8723076923076923 0.5315457413249212 0.023076923076923078 0.052576235541535225
0 0.8269230769230769 0.5278654048370137 0.02076923076923077 0.048370136698212406
0 0.8496153846153847 0.5299684542586751 0.023076923076923078 0.0452155625657203
0 0.661923076923077 0.5131440588853838 0.026923076923076925 0.05362776025236593
0 0.7092307692307692 0.5199789695057834 0.026923076923076925 0.054679284963196635
0 0.7369230769230769 0.5231335436382755 0.026153846153846153 0.05362776025236593
0 0.6353846153846154 0.5136698212407992 0.026153846153846153 0.054679284963196635
0 0.5284615384615384 0.5036803364879074 0.026153846153846153 0.054679284963196635
0 0.4511538461538461 0.49631966351209256 0.027692307692307693 0.052576235541535225
0 0.685 0.519453207150368 0.023076923076923078 0.052576235541535225
0 0.7834615384615384 0.5304942166140905 0.026153846153846153 0.054679284963196635
0 0.5046153846153846 0.5036803364879074 0.024615384615384615 0.0452155625657203
0 0.61 0.5141955835962145 0.027692307692307693 0.058885383806519455
0 0.8061538461538461 0.5341745531019979 0.023846153846153847 0.0473186119873817
0 0.3973076923076923 0.4968454258675079 0.02846153846153846 0.056782334384858045
0 0.4796153846153846 0.5052576235541535 0.03 0.054679284963196635
0 0.3161538461538462 0.4957939011566772 0.03 0.054679284963196635
0 0.2619230769230769 0.49158780231335436 0.02846153846153846 0.05783385909568875
0 0.4238461538461539 0.5078864353312302 0.02923076923076923 0.05783385909568875
0 0.3707692307692308 0.5036803364879074 0.026153846153846153 0.05362776025236593
0 0.14846153846153845 0.4831756046267087 0.02923076923076923 0.056782334384858045
0 0.28846153846153844 0.4989484752891693 0.026923076923076925 0.05362776025236593
0 0.34307692307692306 0.5052576235541535 0.031538461538461536 0.058885383806519455
0 0.23423076923076924 0.4957939011566772 0.02923076923076923 0.054679284963196635
0 0.205 0.49631966351209256 0.03076923076923077 0.05573080967402734
0 0.17615384615384616 0.4942166140904311 0.03230769230769231 0.058885383806519455
0 0.09115384615384615 0.4879074658254469 0.03307692307692308 0.05783385909568875
0 0.03192307692307692 0.48475289169295477 0.031538461538461536 0.05573080967402734
0 0.9815384615384616 0.5793901156677181 0.022307692307692306 0.046267087276550996
0 0.12038461538461538 0.49737118822292326 0.02846153846153846 0.050473186119873815
0 0.009230769230769232 0.48948475289169296 0.018461538461538463 0.05783385909568875
0 0.9611538461538461 0.5809674027339643 0.021538461538461538 0.04942166140904311
0 0.061153846153846156 0.4957939011566772 0.031538461538461536 0.060988433228180865
0 0.94 0.582018927444795 0.021538461538461538 0.04942166140904311
0 0.9196153846153846 0.5851735015772871 0.025384615384615384 0.058885383806519455
0 0.8446153846153847 0.5783385909568874 0.024615384615384615 0.052576235541535225
0 0.8226923076923077 0.5788643533123028 0.024615384615384615 0.054679284963196635
0 0.8946153846153846 0.5856992639327024 0.023846153846153847 0.052576235541535225
0 0.8703846153846154 0.5851735015772871 0.023846153846153847 0.054679284963196635
0 0.6546153846153846 0.5651945320715037 0.026153846153846153 0.050473186119873815
0 0.7573076923076923 0.57465825446898 0.023846153846153847 0.05573080967402734
0 0.7296153846153847 0.5741324921135647 0.026153846153846153 0.04942166140904311
0 0.8011538461538461 0.5825446898002103 0.025384615384615384 0.052576235541535225
0 0.6803846153846154 0.5715036803364879 0.024615384615384615 0.052576235541535225
0 0.703076923076923 0.5736067297581493 0.024615384615384615 0.05362776025236593
0 0.5015384615384615 0.5557308096740273 0.027692307692307693 0.05573080967402734
0 0.44884615384615384 0.5509989484752892 0.02846153846153846 0.056782334384858045
0 0.5269230769230769 0.5588853838065194 0.027692307692307693 0.054679284963196635
0 0.7792307692307693 0.583596214511041 0.024615384615384615 0.05573080967402734
0 0.6269230769230769 0.5699263932702419 0.025384615384615384 0.05152471083070452
0 0.5511538461538461 0.5636172450052577 0.025384615384615384 0.05152471083070452
0 0.6026923076923076 0.5709779179810726 0.025384615384615384 0.05152471083070452
0 0.475 0.5594111461619348 0.02846153846153846 0.052576235541535225
0 0.5757692307692308 0.5725552050473186 0.025384615384615384 0.04416403785488959
0 0.39384615384615385 0.5562565720294427 0.02923076923076923 0.05783385909568875
0 0.42153846153846153 0.5620399579390115 0.02846153846153846 0.054679284963196635
0 0.3669230769230769 0.5583596214511041 0.027692307692307693 0.05783385909568875
0 0.2580769230769231 0.5494216614090431 0.02846153846153846 0.058885383806519455
0 0.14846153846153845 0.5399579390115667 0.031538461538461536 0.05783385909568875
0 0.285 0.5531019978969506 0.02846153846153846 0.05993690851735016
0 0.23115384615384615 0.5494216614090431 0.02846153846153846 0.05573080967402734
0 0.31346153846153846 0.5573080967402734 0.03076923076923077 0.05783385909568875
0 0.3392307692307692 0.5620399579390115 0.026153846153846153 0.054679284963196635
0 0.205 0.5515247108307045 0.02923076923076923 0.056782334384858045
0 0.9792307692307692 0.6267087276550999 0.024615384615384615 0.04942166140904311
0 0.17615384615384616 0.5515247108307045 0.02923076923076923 0.054679284963196635
0 0.08961538461538461 0.5473186119873817 0.031538461538461536 0.05783385909568875
0 0.9569230769230769 0.6319663512092534 0.025384615384615384 0.05152471083070452
0 0.12 0.5520504731861199 0.03076923076923077 0.056782334384858045
0 0.028076923076923076 0.5452155625657203 0.03307692307692308 0.05783385909568875
0 0.935 0.6335436382754994 0.022307692307692306 0.05152471083070452
0 0.007692307692307693 0.5467928496319664 0.015384615384615385 0.056782334384858045
0 0.05923076923076923 0.5536277602523659 0.03538461538461538 0.05783385909568875
0 0.8442307692307692 0.6303890641430073 0.023846153846153847 0.052576235541535225
0 0.8223076923076923 0.6303890641430073 0.025384615384615384 0.052576235541535225
0 0.9126923076923077 0.6393270241850684 0.023846153846153847 0.046267087276550996
0 0.8896153846153846 0.6377497371188223 0.022307692307692306 0.05152471083070452
0 0.8669230769230769 0.6382754994742377 0.023076923076923078 0.052576235541535225
0 0.6511538461538462 0.617770767613039 0.026923076923076925 0.054679284963196635
0 0.7988461538461539 0.6330178759200841 0.027692307692307693 0.05152471083070452
0 0.7261538461538461 0.6261829652996845 0.026153846153846153 0.054679284963196635
0 0.7492307692307693 0.6288117770767613 0.024615384615384615 0.04942166140904311
0 0.6765384615384615 0.6235541535226078 0.024615384615384615 0.054679284963196635
0 0.7019230769230769 0.6267087276550999 0.026153846153846153 0.05783385909568875
0 0.6246153846153846 0.6203995793901157 0.024615384615384615 0.05152471083070452
0 0.7726923076923077 0.6351209253417456 0.025384615384615384 0.050473186119873815
0 0.49923076923076926 0.6125131440588854 0.025384615384615384 0.05362776025236593
0 0.5503846153846154 0.6172450052576236 0.027692307692307693 0.052576235541535225
0 0.5992307692307692 0.6225026288117771 0.026153846153846153 0.052576235541535225
0 0.5246153846153846 0.6151419558359621 0.026153846153846153 0.05152471083070452
0 0.5746153846153846 0.6214511041009464 0.025384615384615384 0.05152471083070452
0 0.44769230769230767 0.610410094637224 0.02923076923076923 0.058885383806519455
0 0.47307692307692306 0.6146161934805467 0.025384615384615384 0.050473186119873815
0 0.3926923076923077 0.6130389064143007 0.023846153846153847 0.0452155625657203
0 0.42 0.6182965299684543 0.03076923076923077 0.058885383806519455
0 0.36846153846153845 0.613564668769716 0.02846153846153846 0.05362776025236593
0 0.2573076923076923 0.6035751840168244 0.02923076923076923 0.0473186119873817
0 0.31346153846153846 0.6114616193480547 0.027692307692307693 0.048370136698212406
0 0.3396153846153846 0.6146161934805467 0.027692307692307693 0.05152471083070452
0 0.2296153846153846 0.6046267087276551 0.02923076923076923 0.05362776025236593
0 0.2857692307692308 0.6114616193480547 0.03 0.05362776025236593
0 0.20346153846153847 0.6056782334384858 0.027692307692307693 0.052576235541535225
0 0.14961538461538462 0.6004206098843323 0.02846153846153846 0.05573080967402734
0 0.17692307692307693 0.6056782334384858 0.027692307692307693 0.05573080967402734
0 0.9738461538461538 0.6819137749737119 0.023846153846153847 0.050473186119873815
0 0.948076923076923 0.6824395373291272 0.02076923076923077 0.050473186119873815
0 0.0926923076923077 0.6041009463722398 0.03 0.05573080967402734
0 0.12115384615384615 0.6072555205047319 0.03230769230769231 0.054679284963196635
0 0.928076923076923 0.685068349106204 0.023846153846153847 0.054679284963196635
0 0.03076923076923077 0.6019978969505784 0.03307692307692308 0.05783385909568875
0 0.9034615384615384 0.6882229232386962 0.024615384615384615 0.052576235541535225
0 0.8815384615384615 0.6876971608832808 0.023076923076923078 0.04942166140904311
0 0.818076923076923 0.6819137749737119 0.023076923076923078 0.05152471083070452
0 0.8407692307692308 0.6845425867507886 0.024615384615384615 0.054679284963196635
0 0.36615384615384616 0.052050473186119876 0.08538461538461538 0.035751840168243953
0 0.06 0.6109358569926393 0.03461538461538462 0.05573080967402734
0 0.8611538461538462 0.6892744479495269 0.022307692307692306 0.04942166140904311
0 0.7473076923076923 0.6782334384858044 0.024615384615384615 0.050473186119873815
0 0.009230769230769232 0.6083070452155626 0.018461538461538463 0.05783385909568875
0 0.7953846153846154 0.685068349106204 0.024615384615384615 0.054679284963196635
0 0.6480769230769231 0.6729758149316509 0.026153846153846153 0.052576235541535225
0 0.7242307692307692 0.6808622502628812 0.025384615384615384 0.048370136698212406
0 0.77 0.685068349106204 0.024615384615384615 0.052576235541535225
0 0.671923076923077 0.6771819137749737 0.022307692307692306 0.0473186119873817
0 0.6223076923076923 0.6735015772870663 0.025384615384615384 0.056782334384858045
0 0.6996153846153846 0.6819137749737119 0.026153846153846153 0.05362776025236593
0 0.5188461538461538 0.6661409043112513 0.026153846153846153 0.05362776025236593
0 0.5461538461538461 0.6698212407991588 0.026923076923076925 0.05362776025236593
0 0.5715384615384616 0.6724500525762356 0.02846153846153846 0.05362776025236593
0 0.4938461538461538 0.6656151419558359 0.026153846153846153 0.056782334384858045
0 0.5980769230769231 0.6756046267087277 0.025384615384615384 0.058885383806519455
0 0.44153846153846155 0.6666666666666666 0.025384615384615384 0.0473186119873817
0 0.46615384615384614 0.6692954784437434 0.023846153846153847 0.054679284963196635
0 0.39192307692307693 0.6635120925341745 0.027692307692307693 0.05573080967402734
0 0.41615384615384615 0.6698212407991588 0.024615384615384615 0.052576235541535225
0 0.2561538461538462 0.655099894847529 0.02923076923076923 0.05783385909568875
0 0.36538461538461536 0.6677181913774973 0.02923076923076923 0.05783385909568875
0 0.3119230769230769 0.6629863301787592 0.02846153846153846 0.05783385909568875
0 0.3373076923076923 0.6661409043112513 0.026923076923076925 0.054679284963196635
0 0.2857692307692308 0.6640378548895899 0.026923076923076925 0.054679284963196635
0 0.2276923076923077 0.6598317560462671 0.02923076923076923 0.058885383806519455
0 0.20192307692307693 0.6598317560462671 0.027692307692307693 0.056782334384858045
0 0.9415384615384615 0.731335436382755 0.023076923076923078 0.046267087276550996
0 0.9623076923076923 0.732912723449001 0.02 0.0452155625657203
0 0.1476923076923077 0.6561514195583596 0.02846153846153846 0.05573080967402734
0 0.9819230769230769 0.7360672975814931 0.016153846153846154 0.04942166140904311
0 0.17384615384615384 0.6603575184016824 0.02923076923076923 0.056782334384858045
0 0.9211538461538461 0.7365930599369085 0.02076923076923077 0.04416403785488959
0 0.8984615384615384 0.7350157728706624 0.023846153846153847 0.048370136698212406
0 0.11961538461538461 0.6608832807570978 0.03076923076923077 0.054679284963196635
0 0.09038461538461538 0.6603575184016824 0.03076923076923077 0.05573080967402734
0 0.8761538461538462 0.7365930599369085 0.021538461538461538 0.048370136698212406
0 0.813076923076923 0.732912723449001 0.023076923076923078 0.050473186119873815
0 0.8346153846153846 0.7365930599369085 0.023076923076923078 0.050473186119873815
0 0.8565384615384616 0.7397476340694006 0.022307692307692306 0.05152471083070452
0 0.033846153846153845 0.6614090431125131 0.03461538461538462 0.05783385909568875
0 0.060384615384615384 0.6640378548895899 0.026923076923076925 0.05152471083070452
0 0.01 0.6603575184016824 0.02 0.052576235541535225
0 0.79 0.7365930599369085 0.023076923076923078 0.046267087276550996
0 0.7176923076923077 0.729758149316509 0.025384615384615384 0.05152471083070452
0 0.7438461538461538 0.7334384858044164 0.026153846153846153 0.05573080967402734
0 0.666923076923077 0.7271293375394322 0.024615384615384615 0.052576235541535225
0 0.765 0.7381703470031545 0.022307692307692306 0.04942166140904311
0 0.6915384615384615 0.731335436382755 0.026153846153846153 0.048370136698212406
0 0.6157692307692307 0.7276550998948476 0.024615384615384615 0.052576235541535225
0 0.6407692307692308 0.7318611987381703 0.026923076923076925 0.054679284963196635
0 0.5161538461538462 0.7208201892744479 0.027692307692307693 0.050473186119873815
0 0.5926923076923077 0.7281808622502629 0.026923076923076925 0.052576235541535225
0 0.49038461538461536 0.7187171398527865 0.02846153846153846 0.05152471083070452
0 0.5673076923076923 0.7260778128286015 0.026923076923076925 0.054679284963196635
0 0.5423076923076923 0.7245005257623555 0.024615384615384615 0.054679284963196635
0 0.43923076923076926 0.7192429022082019 0.026153846153846153 0.058885383806519455
0 0.4642307692307692 0.7229232386961093 0.027692307692307693 0.05573080967402734
0 0.38769230769230767 0.7187171398527865 0.024615384615384615 0.05573080967402734
0 0.4126923076923077 0.7213459516298633 0.026923076923076925 0.05362776025236593
0 0.25769230769230766 0.7092534174553102 0.026923076923076925 0.056782334384858045
0 0.31153846153846154 0.7171398527865405 0.026923076923076925 0.05152471083070452
0 0.33615384615384614 0.7197686645636172 0.026153846153846153 0.052576235541535225
0 0.36153846153846153 0.7218717139852786 0.026153846153846153 0.04942166140904311
0 0.9546153846153846 0.7802313354363828 0.023076923076923078 0.0452155625657203
0 0.9784615384615385 0.7844374342797056 0.019230769230769232 0.04942166140904311
0 0.28384615384615386 0.7187171398527865 0.03076923076923077 0.058885383806519455
0 0.9334615384615385 0.7807570977917981 0.018461538461538463 0.048370136698212406
0 0.23038461538461538 0.7139852786540484 0.02923076923076923 0.05362776025236593
0 0.20384615384615384 0.7150368033648791 0.025384615384615384 0.0473186119873817
0 0.9153846153846154 0.7839116719242902 0.022307692307692306 0.048370136698212406
0 0.1473076923076923 0.7103049421661409 0.02923076923076923 0.04942166140904311
0 0.17653846153846153 0.7155625657202944 0.03076923076923077 0.05573080967402734
0 0.11807692307692308 0.7124079915878023 0.03230769230769231 0.05152471083070452
0 0.8934615384615384 0.786540483701367 0.023076923076923078 0.04942166140904311
0 0.8696153846153846 0.7875920084121977 0.023076923076923078 0.048370136698212406
0 0.8273076923076923 0.7860147213459516 0.022307692307692306 0.05152471083070452
0 0.805 0.7854889589905363 0.023846153846153847 0.05362776025236593
0 0.08692307692307692 0.7171398527865405 0.03 0.056782334384858045
0 0.8480769230769231 0.7907465825446898 0.024615384615384615 0.05152471083070452
0 0.05923076923076923 0.7155625657202944 0.031538461538461536 0.054679284963196635
0 0.7796153846153846 0.7849631966351209 0.023076923076923078 0.0473186119873817
0 0.03 0.7166140904311251 0.03076923076923077 0.05362776025236593
0 0.6853846153846154 0.7791798107255521 0.024615384615384615 0.04942166140904311
0 0.7069230769230769 0.7818086225026288 0.024615384615384615 0.052576235541535225
0 0.7315384615384616 0.7844374342797056 0.024615384615384615 0.054679284963196635
0 0.7553846153846154 0.7875920084121977 0.023846153846153847 0.050473186119873815
0 0.6592307692307692 0.7781282860147214 0.023076923076923078 0.050473186119873815
0 0.61 0.777602523659306 0.016153846153846154 0.0452155625657203
0 0.007692307692307693 0.7213459516298633 0.015384615384615385 0.056782334384858045
0 0.48846153846153845 0.770241850683491 0.02846153846153846 0.054679284963196635
0 0.5134615384615384 0.7728706624605678 0.025384615384615384 0.056782334384858045
0 0.6361538461538462 0.7849631966351209 0.026153846153846153 0.056782334384858045
0 0.5615384615384615 0.7786540483701367 0.02076923076923077 0.04416403785488959
0 0.5888461538461538 0.7818086225026288 0.02923076923076923 0.054679284963196635
0 0.46153846153846156 0.7712933753943217 0.023846153846153847 0.048370136698212406
0 0.5384615384615384 0.7791798107255521 0.02846153846153846 0.052576235541535225
0 0.4380769230769231 0.7733964248159831 0.026923076923076925 0.04942166140904311
0 0.3873076923076923 0.7712933753943217 0.02846153846153846 0.054679284963196635
0 0.4126923076923077 0.7739221871713985 0.025384615384615384 0.05152471083070452
0 0.9515384615384616 0.8291272344900105 0.022307692307692306 0.04942166140904311
0 0.35884615384615387 0.7739221871713985 0.026153846153846153 0.05362776025236593
0 0.9734615384615385 0.832807570977918 0.02076923076923077 0.04206098843322818
0 0.3076923076923077 0.7691903259726603 0.027692307692307693 0.056782334384858045
0 0.25384615384615383 0.7644584647739222 0.026153846153846153 0.050473186119873815
0 0.9315384615384615 0.8296529968454258 0.021538461538461538 0.050473186119873815
0 0.3334615384615385 0.7723449001051524 0.026923076923076925 0.054679284963196635
0 0.22846153846153847 0.7655099894847529 0.02923076923076923 0.048370136698212406
0 0.9088461538461539 0.8317560462670873 0.021538461538461538 0.04942166140904311
0 0.2803846153846154 0.7718191377497371 0.026923076923076925 0.05152471083070452
0 0.20038461538461538 0.7655099894847529 0.03 0.056782334384858045
0 0.14576923076923076 0.7639327024185069 0.03 0.05783385909568875
0 0.89 0.8354363827549948 0.021538461538461538 0.04416403785488959
0 0.1726923076923077 0.768664563617245 0.02846153846153846 0.05362776025236593
0 0.8646153846153846 0.8364879074658255 0.023846153846153847 0.05152471083070452
0 0.8430769230769231 0.8370136698212408 0.024615384615384615 0.0473186119873817
0 0.11615384615384615 0.7681388012618297 0.03307692307692308 0.058885383806519455
0 0.8196153846153846 0.8359621451104101 0.02076923076923077 0.04416403785488959
0 0.08807692307692308 0.7718191377497371 0.02923076923076923 0.05573080967402734
0 0.7061538461538461 0.8322818086225027 0.025384615384615384 0.04942166140904311
0 0.68 0.8296529968454258 0.022307692307692306 0.05152471083070452
0 0.7530769230769231 0.8375394321766562 0.025384615384615384 0.050473186119873815
0 0.06192307692307692 0.7718191377497371 0.03230769230769231 0.056782334384858045
0 0.7288461538461538 0.8375394321766562 0.024615384615384615 0.048370136698212406
0 0.6596153846153846 0.831230283911672 0.025384615384615384 0.04942166140904311
0 0.032692307692307694 0.7739221871713985 0.03230769230769231 0.056782334384858045
0 0.6080769230769231 0.8301787592008412 0.026153846153846153 0.054679284963196635
0 0.556923076923077 0.8259726603575184 0.023846153846153847 0.05152471083070452
0 0.6346153846153846 0.8343848580441641 0.026923076923076925 0.05152471083070452
0 0.48384615384615387 0.8201892744479495 0.026153846153846153 0.05362776025236593
0 0.45692307692307693 0.8191377497371188 0.024615384615384615 0.0473186119873817
0 0.5092307692307693 0.825446898002103 0.027692307692307693 0.05152471083070452
0 0.5811538461538461 0.8322818086225027 0.024615384615384615 0.04416403785488959
0 0.5323076923076923 0.8291272344900105 0.023076923076923078 0.04311251314405889
0 0.009615384615384616 0.7786540483701367 0.019230769230769232 0.05783385909568875
0 0.4323076923076923 0.8222923238696109 0.026153846153846153 0.04942166140904311
0 0.5126923076923077 0.08412197686645637 0.03 0.05993690851735016
0 0.9742307692307692 0.8769716088328076 0.01769230769230769 0.046267087276550996
0 0.4073076923076923 0.8243953732912723 0.023076923076923078 0.046267087276550996
0 0.9557692307692308 0.8801261829652997 0.02076923076923077 0.052576235541535225
0 0.35807692307692307 0.823869610935857 0.025384615384615384 0.04942166140904311
0 0.9307692307692308 0.8796004206098843 0.022307692307692306 0.04942166140904311
0 0.38346153846153846 0.8275499474237644 0.026923076923076925 0.052576235541535225
0 0.25076923076923074 0.8165089379600421 0.02846153846153846 0.054679284963196635
0 0.9111538461538462 0.8801261829652997 0.02076923076923077 0.05152471083070452
0 0.3326923076923077 0.825446898002103 0.026923076923076925 0.052576235541535225
0 0.30653846153846154 0.823869610935857 0.02846153846153846 0.05573080967402734
0 0.2246153846153846 0.8159831756046267 0.02846153846153846 0.052576235541535225
0 0.8911538461538462 0.8817034700315457 0.024615384615384615 0.05152471083070452
0 0.2776923076923077 0.8249211356466877 0.03076923076923077 0.05362776025236593
0 0.8646153846153846 0.8832807570977917 0.023846153846153847 0.0452155625657203
0 0.19692307692307692 0.8217665615141956 0.02923076923076923 0.05362776025236593
0 0.8188461538461539 0.8817034700315457 0.024615384615384615 0.04942166140904311
0 0.8423076923076923 0.8848580441640379 0.024615384615384615 0.050473186119873815
0 0.1696153846153846 0.8222923238696109 0.03 0.054679284963196635
0 0.14153846153846153 0.8207150368033649 0.03076923076923077 0.05783385909568875
0 0.7961538461538461 0.8848580441640379 0.023846153846153847 0.046267087276550996
0 0.7719230769230769 0.8859095688748686 0.026923076923076925 0.0473186119873817
0 0.11384615384615385 0.8259726603575184 0.033846153846153845 0.05783385909568875
0 0.7238461538461538 0.8843322818086226 0.025384615384615384 0.04206098843322818
0 0.5392307692307692 0.08885383806519453 0.03 0.056782334384858045
0 0.5665384615384615 0.09200841219768664 0.03 0.058885383806519455
0 0.68 0.880651945320715 0.025384615384615384 0.052576235541535225
0 0.7011538461538461 0.8832807570977917 0.022307692307692306 0.050473186119873815
0 0.6538461538461539 0.879074658254469 0.024615384615384615 0.04942166140904311
0 0.7469230769230769 0.8885383806519453 0.023846153846153847 0.0473186119873817
0 0.08730769230769231 0.8270241850683491 0.03 0.054679284963196635
0 0.6311538461538462 0.880651945320715 0.026923076923076925 0.046267087276550996
0 0.6080769230769231 0.8801261829652997 0.024615384615384615 0.0473186119873817
0 0.05730769230769231 0.8275499474237644 0.036153846153846154 0.056782334384858045
0 0.5846153846153846 0.879074658254469 0.021538461538461538 0.046267087276550996
0 0.5626923076923077 0.8780231335436383 0.026153846153846153 0.05152471083070452
0 0.48346153846153844 0.8717139852786541 0.024615384615384615 0.048370136698212406
0 0.4846153846153846 0.08517350157728706 0.031538461538461536 0.054679284963196635
0 0.45576923076923076 0.8696109358569927 0.02923076923076923 0.058885383806519455
0 0.5092307692307693 0.8748685594111462 0.026923076923076925 0.05362776025236593
0 0.5365384615384615 0.8774973711882229 0.026923076923076925 0.050473186119873815
0 0.025384615384615384 0.8322818086225027 0.03307692307692308 0.05152471083070452
0 0.42923076923076925 0.8706624605678234 0.023846153846153847 0.04206098843322818
0 0.40576923076923077 0.8696109358569927 0.024615384615384615 0.046267087276550996
0 0.0057692307692307696 0.8307045215562566 0.011538461538461539 0.054679284963196635
0 0.9415384615384615 0.926919032597266 0.018461538461538463 0.04416403785488959
0 0.9661538461538461 0.9290220820189274 0.021538461538461538 0.04416403785488959
0 0.9246153846153846 0.92534174553102 0.022307692307692306 0.04416403785488959
0 0.3557692307692308 0.8711882229232387 0.026153846153846153 0.04311251314405889
0 0.38153846153846155 0.8743427970557308 0.03076923076923077 0.04416403785488959
0 0.33115384615384613 0.8696109358569927 0.026153846153846153 0.04206098843322818
0 0.8723076923076923 0.9216614090431126 0.025384615384615384 0.03995793901156677
0 0.30423076923076925 0.8680336487907466 0.026153846153846153 0.04100946372239748
0 0.8938461538461538 0.9248159831756047 0.02 0.03680336487907466
0 0.2526923076923077 0.8643533123028391 0.02846153846153846 0.03890641430073607
0 0.22615384615384615 0.862776025236593 0.026153846153846153 0.03680336487907466
0 0.2784615384615385 0.8680336487907466 0.026153846153846153 0.035751840168243953
0 0.8480769230769231 0.9221871713985279 0.02076923076923077 0.033648790746582544
0 0.1996153846153846 0.8617245005257623 0.026923076923076925 0.033648790746582544
0 0.806923076923077 0.9206098843322819 0.02076923076923077 0.030494216614090432
0 0.8261538461538461 0.9232386961093586 0.02076923076923077 0.029442691903259727
0 0.1723076923076923 0.861198738170347 0.02923076923076923 0.029442691903259727
0 0.7642307692307693 0.9185068349106204 0.02 0.028391167192429023
0 0.7853846153846153 0.9211356466876972 0.022307692307692306 0.026288117770767613
0 0.14615384615384616 0.8601472134595163 0.024615384615384615 0.026288117770767613
0 0.5969230769230769 0.09936908517350158 0.027692307692307693 0.05573080967402734
0 0.68 0.10883280757097792 0.026923076923076925 0.05783385909568875
0 0.6253846153846154 0.10410094637223975 0.03 0.05783385909568875
0 0.6534615384615384 0.10778128286014721 0.03 0.05993690851735016
0 0.45692307692307693 0.0914826498422713 0.03230769230769231 0.05783385909568875
0 0.43 0.08937960042060988 0.02846153846153846 0.054679284963196635
0 0.32 0.0804416403785489 0.03 0.058885383806519455
0 0.17576923076923076 0.06782334384858044 0.03076923076923077 0.05993690851735016
0 0.705 0.11934805467928496 0.027692307692307693 0.05573080967402734
0 0.4023076923076923 0.09095688748685594 0.03 0.058885383806519455
0 0.29 0.08096740273396424 0.031538461538461536 0.06203995793901157
0 0.8315384615384616 0.13249211356466878 0.026153846153846153 0.05783385909568875
0 0.205 0.07308096740273397 0.03230769230769231 0.06203995793901157
0 0.37576923076923074 0.08990536277602523 0.02923076923076923 0.056782334384858045
0 0.8569230769230769 0.13564668769716087 0.026153846153846153 0.056782334384858045
0 0.7288461538461538 0.12407991587802314 0.026923076923076925 0.058885383806519455
0 0.26153846153846155 0.0793901156677182 0.031538461538461536 0.05993690851735016
0 0.7546153846153846 0.1277602523659306 0.025384615384615384 0.060988433228180865
0 0.23346153846153847 0.07833859095688749 0.031538461538461536 0.05993690851735016
0 0.8084615384615385 0.13301787592008413 0.023846153846153847 0.05783385909568875
0 0.8807692307692307 0.14037854889589904 0.024615384615384615 0.05783385909568875
0 0.7842307692307692 0.1309148264984227 0.02923076923076923 0.05783385909568875
0 0.11730769230769231 0.06729758149316509 0.036153846153846154 0.06519453207150368