0 0.3823719958202717 0.770476923076923 0.19259143155694886 0.07839999999999997
0 0.5898955067920585 0.7736307692307692 0.1914420062695925 0.08109999999999996
0 0.7850992685475444 0.7756615384615385 0.18891327063740854 0.07884615384615393
0 0.17707419017763845 0.7819692307692307 0.19573667711598747 0.0824538461538462
0 0.5770532915360501 0.8504538461538461 0.19268547544409617 0.07704615384615374
0 0.7933751306165099 0.851576923076923 0.1797387669801463 0.07840000000000005
0 0.37625914315569486 0.8549615384615386 0.19259143155694886 0.08966153846153842
0 0.17003134796238245 0.8581153846153846 0.19635318704284224 0.07253846153846168
0 0.35085684430512015 0.9313307692307693 0.19566353187042843 0.07299230769230759
0 0.5899059561128527 0.9324538461538462 0.18778474399164058 0.07614615384615368
0 0.7912330198537095 0.9331307692307692 0.18524555903866247 0.0747923076923077
0 0.14738766980146292 0.9349307692307693 0.20369905956112852 0.07389230769230765
0 0.17641588296760713 0.12057692307692308 0.20196447230929993 0.08950769230769232
0 0.3819853709508882 0.12456923076923077 0.1933542319749216 0.08494615384615385
0 0.5826018808777429 0.1319846153846154 0.19341692789968648 0.08836923076923077
0 0.7862382445141065 0.1416769230769231 0.1871473354231974 0.07582307692307692
0 0.2019644723092999 0.20125384615384614 0.1973040752351097 0.08779999999999999
0 0.4160606060606061 0.20296153846153847 0.19179728317659359 0.07753846153846153
0 0.6209299895506792 0.21664615384615385 0.19727272727272724 0.07981538461538461
0 0.7800522466039708 0.2254846153846154 0.12520376175548584 0.0781076923076923
0 0.39011494252873563 0.28163846153846156 0.18947753396029263 0.07981538461538461
0 0.18144200626959245 0.29246923076923076 0.20892371995820275 0.0775384615384615
0 0.602737722048067 0.2944615384615385 0.20270637408568443 0.08836923076923077
0 0.7896969696969697 0.3005307692307692 0.1772831765935215 0.07660000000000003
0 0.3936259143155695 0.3628769230769231 0.19494252873563225 0.08380769230769235
0 0.599080459770115 0.37397692307692315 0.1987878787878788 0.07750000000000004
0 0.19076280041797283 0.37399230769230773 0.19502612330198535 0.0786769230769231
0 0.7994879832810867 0.37667692307692313 0.19319749216300952 0.08290769230769233
0 0.181055381400209 0.03962307692307692 0.17872518286311392 0.07924615384615384
0 0.3974921630094044 0.4424076923076923 0.20268547544409615 0.08323846153846157
0 0.7988819226750261 0.4530461538461539 0.18954022988505734 0.07884615384615384
0 0.6061233019853709 0.4568769230769231 0.20063740856844303 0.08110000000000005
0 0.18301985370950888 0.4606538461538462 0.19967607105538138 0.08323846153846157
0 0.39979101358411706 0.04703076923076923 0.18715778474399167 0.08836923076923077
0 0.6035109717868338 0.049315384615384615 0.19341692789968648 0.0895076923076923
0 0.394012539184953 0.5245076923076923 0.20656217345872513 0.08780000000000007
0 0.7939916405433647 0.5332538461538462 0.1870950888192267 0.08065384615384609
0 0.5987774294670846 0.5361769230769231 0.19819226750261235 0.0802
0 0.1822466039707419 0.5430384615384616 0.19967607105538138 0.08266923076923079
0 0.3833019853709509 0.6066923076923078 0.20423197492163003 0.08155384615384614
0 0.7854231974921629 0.6109769230769231 0.19077324973876691 0.07929999999999994
0 0.5908359456635318 0.6179615384615385 0.20188087774294675 0.07884615384615384
0 0.1798328108672936 0.6206615384615385 0.19391849529780564 0.07884615384615384
0 0.3802403343782654 0.6931999999999999 0.1944409613375131 0.0797538461538462
0 0.7725600835945664 0.6941076923076923 0.185851619644723 0.07434615384615392
0 0.5779623824451411 0.6983846153846154 0.1908254963427378 0.0747923076923077
0 0.17278996865203763 0.7006384615384615 0.1969801462904911 0.07929999999999994
0 0.7908881922675026 0.07154615384615386 0.19024033437826535 0.07582307692307692