0 0.060625 0.9438202247191011 0.054375 0.06568712186689715
0 0.8978125 0.8098530682800346 0.104375 0.09248055315471046
0 0.269375 0.9235090751944685 0.10375 0.07346585998271392
0 0.5909375 0.8772687986171133 0.1075 0.0847018150388937
0 0.428125 0.916162489196197 0.205 0.07865168539325842
0 0.853125 0.03327571305099395 0.085 0.0665514261019879
0 0.051875 0.17156439066551427 0.10375 0.10803802938634399
0 0.1940625 0.15168539325842698 0.184375 0.1063094209161625
0 0.9271875 0.037165082108902334 0.075625 0.07433016421780467
0 0.77375 0.07044079515989628 0.1 0.10803802938634399
0 0.668125 0.10890233362143474 0.12625 0.111495246326707
0 0.5575 0.13828867761452032 0.1075 0.10112359550561797
0 0.3959375 0.17113223854796888 0.23 0.14001728608470182
0 0.8615625 0.09377700950734659 0.09875 0.08902333621434745
0 0.1975 0.2121866897147796 0.1725 0.08729472774416594
0 0.9446875 0.09853068280034573 0.053125 0.08556611927398444
0 0.7440625 0.15773552290406223 0.105625 0.09766637856525497
0 0.1521875 0.27095937770095074 0.105625 0.09853068280034573
0 0.0559375 0.28910976663785654 0.103125 0.09593777009507347
0 0.5521875 0.2156439066551426 0.0975 0.09248055315471046
0 0.8425 0.16810717372515124 0.096875 0.09593777009507347
0 0.2525 0.26879861711322384 0.100625 0.09075194468452895
0 0.6471875 0.2035436473638721 0.111875 0.10285220397579949
0 0.4059375 0.25280898876404495 0.2125 0.13223854796888504
0 0.9384375 0.20095073465859983 0.08625 0.12100259291270528
0 0.744375 0.24027657735522903 0.101875 0.08556611927398444
0 0.0953125 0.35782195332757133 0.190625 0.10890233362143474
0 0.545625 0.28694900605012963 0.1125 0.10371650821089023
0 0.2440625 0.33967156439066554 0.1175 0.12532411408815902
0 0.646875 0.280466724286949 0.108125 0.10371650821089023
0 0.3946875 0.32800345721694035 0.1975 0.1365600691443388
0 0.8475 0.2536732929991357 0.114375 0.1097666378565255
0 0.7490625 0.30985306828003456 0.110625 0.0881590319792567
0 0.2146875 0.4096802074330164 0.15875 0.10544511668107173
0 0.049375 0.43949870354364734 0.09875 0.09593777009507347
0 0.5440625 0.35825410544511666 0.11 0.09853068280034573
0 0.9415625 0.2990492653414002 0.09625 0.11581676750216076
0 0.3921875 0.39974070872947276 0.204375 0.13223854796888504
0 0.65875 0.3634399308556612 0.100625 0.09075194468452895
0 0.85 0.33146067415730335 0.114375 0.11495246326707001
0 0.755625 0.38764044943820225 0.095 0.0881590319792567
0 0.099375 0.506914433880726 0.19875 0.1132238547968885
0 0.2478125 0.48962834917891096 0.109375 0.10458081244598098
0 0.5578125 0.4373379429559205 0.11125 0.11581676750216076
0 0.1775 0.0972342264477096 0.08375 0.06482281763180639
0 0.4028125 0.4762316335350043 0.215 0.11927398444252377
0 0.6659375 0.4343128781331029 0.119375 0.09075194468452895
0 0.9553125 0.40190146931719967 0.0875 0.12273120138288678
0 0.865625 0.41789109766637855 0.1275 0.12618841832324978
0 0.77375 0.4567847882454624 0.1025 0.0898876404494382
0 0.0353125 0.6024200518582541 0.065625 0.08297320656871218
0 0.474375 0.5293863439930856 0.1025 0.09420916162489196
0 0.195625 0.5799481417458946 0.2075 0.12273120138288678
0 0.565625 0.5229040622299049 0.08625 0.08297320656871218
0 0.3603125 0.5587726879861711 0.144375 0.10285220397579949
0 0.6546875 0.5090751944684528 0.1 0.08902333621434745
0 0.7240625 0.029818496110630942 0.095625 0.059636992221261884
0 0.8565625 0.510371650821089 0.110625 0.10112359550561797
0 0.76 0.5350043215211755 0.105 0.09161624891961971
0 0.3634375 0.07994814174589455 0.169375 0.14433880726015558
0 0.4978125 0.05704407951598963 0.100625 0.10112359550561797
0 0.5625 0.592048401037165 0.10125 0.09075194468452895
0 0.09875 0.6754537597234227 0.18 0.12878133102852204
0 0.2515625 0.6512532411408816 0.11 0.10025929127052723
0 0.4059375 0.6248919619706137 0.215 0.12273120138288678
0 0.6559375 0.5868625756266206 0.093125 0.09334485738980121
0 0.95625 0.5570440795159897 0.0875 0.12359550561797752
0 0.8778125 0.5855661192739845 0.1175 0.08902333621434745
0 0.564375 0.6616248919619706 0.099375 0.09075194468452895
0 0.7871875 0.6287813310285221 0.10875 0.13050993949870354
0 0.413125 0.7026793431287813 0.2125 0.12186689714779603
0 0.6734375 0.6650821089023337 0.109375 0.09593777009507347
0 0.1984375 0.7579948141745895 0.206875 0.14866032843560933
0 0.5940625 0.05185825410544512 0.089375 0.09507346585998272
0 0.050625 0.7973206568712187 0.06125 0.08297320656871218
0 0.8884375 0.6594641313742438 0.101875 0.09161624891961971
0 0.9746875 0.6464995678478824 0.050625 0.0898876404494382
0 0.42625 0.7757130509939498 0.2225 0.11668107173725151
0 0.5959375 0.7584269662921348 0.110625 0.11754537597234227
0 0.7890625 0.7255834053586863 0.10375 0.09334485738980121
0 0.6928125 0.7433016421780466 0.1025 0.09766637856525497
0 0.1578125 0.8383751080380294 0.11125 0.11927398444252377
0 0.069375 0.8712186689714779 0.085625 0.09420916162489196
0 0.97625 0.7156439066551427 0.0475 0.08643042350907519
0 0.8975 0.7342264477095938 0.10875 0.08902333621434745
0 0.265 0.8630077787381158 0.1225 0.111495246326707
0 0.430625 0.8530682800345721 0.211875 0.11581676750216076
0 0.69625 0.8154710458081245 0.105 0.09334485738980121
0 0.796875 0.8046672428694901 0.09625 0.09248055315471046
0 0.159375 0.9222126188418324 0.115 0.11495246326707001
0 0.975 0.7813310285220397 0.05 0.09161624891961971