0 0.069075 0.12232649071358749 0.032393750000000006 0.08081133919843596
0 0.10719374999999999 0.1270674486803519 0.0330875 0.08248289345063538
0 0.2352625 0.1298533724340176 0.032681249999999974 0.08136852394916912
0 0.15724375000000002 0.13347018572825023 0.031999999999999994 0.07969696969696971
0 0.19732500000000003 0.13514173998044965 0.03447499999999998 0.07969696969696968
0 0.26750625 0.13598240469208212 0.03445 0.07913978494623654
0 0.59623125 0.1362561094819159 0.03413124999999994 0.08415444770283481
0 0.71023125 0.13681329423264907 0.037649999999999864 0.08304007820136851
0 0.33790624999999996 0.1373704789833822 0.0334375 0.07969696969696971
0 0.30655625000000003 0.13821114369501464 0.029887499999999997 0.08025415444770284
0 0.64878125 0.1387683284457478 0.037318750000000026 0.08136852394916912
0 0.52569375 0.1387683284457478 0.035587500000000036 0.08248289345063538
0 0.37549374999999996 0.14071358748778104 0.03520624999999995 0.07746823069403715
0 0.48824375000000003 0.1415542521994135 0.0326625 0.08248289345063538
0 0.56060625 0.14182795698924733 0.030587500000000035 0.08304007820136851
0 0.41966875000000003 0.14405669599217988 0.031624999999999945 0.07969696969696968
0 0.45333125 0.1462952101661779 0.032681249999999974 0.07969696969696971
0 0.03345 0.20313782991202348 0.028131250000000003 0.07746823069403715
0 0.0785125 0.20703812316715545 0.02989374999999999 0.07858260019550341
0 0.11645625000000001 0.21205278592375368 0.027387499999999995 0.07635386119257088
0 0.19340625 0.21372434017595307 0.023787500000000038 0.07412512218963833
0 0.23188124999999998 0.21372434017595307 0.024487499999999968 0.07746823069403715
0 0.1581375 0.2139980449657869 0.024518749999999992 0.07468230694037149
0 0.751775 0.21483870967741936 0.030943750000000138 0.08304007820136851
0 0.8935625 0.2156695992179863 0.038718749999999885 0.08359726295210164
0 0.79898125 0.21622678396871944 0.03413125000000008 0.08136852394916912
0 0.84991875 0.21651026392961878 0.04051874999999996 0.08192570869990222
0 0.32508125 0.21735092864125122 0.03201875000000001 0.07913978494623654
0 0.2773 0.2184652981427175 0.031237500000000012 0.07802541544477025
0 0.67941875 0.22096774193548388 0.03231875000000002 0.07969696969696967
0 0.7134375 0.22096774193548388 0.027675000000000127 0.08081133919843596
0 0.5978375 0.22096774193548388 0.02950000000000003 0.08081133919843596
0 0.51910625 0.22180840664711632 0.027393749999999953 0.07579667644183775
0 0.64521875 0.22263929618768327 0.033043749999999934 0.08081133919843596
0 0.3610625 0.2229227761485826 0.029156250000000057 0.08136852394916912
0 0.55455 0.2231964809384164 0.02844999999999999 0.07635386119257086
0 0.47363750000000004 0.22486803519061582 0.030531249999999944 0.08304007820136851
0 0.39330624999999997 0.22515151515151516 0.028787499999999966 0.07802541544477028
0 0.43676875000000004 0.2259824046920821 0.030193749999999967 0.07635386119257088
0 0.023112499999999998 0.2825513196480939 0.038099999999999995 0.08359726295210164
0 0.5003562500000001 0.29007820136852397 0.033368750000000065 0.06185728250244377
0 0.07335000000000001 0.29035190615835776 0.03238750000000001 0.07802541544477022
0 0.77048125 0.29119257086999023 0.03271874999999994 0.06631476050830892
0 0.617075 0.2914662756598241 0.03163124999999994 0.06241446725317695
0 0.10612500000000001 0.2920234604105572 0.03166249999999998 0.07691104594330407
0 0.5353125 0.2923069403714565 0.03201875000000001 0.06185728250244377
0 0.6963375 0.2928641251221897 0.03195625000000007 0.059628543499511244
0 0.5823375 0.2934213098729228 0.03342500000000001 0.06631476050830892
0 0.26696875 0.29397849462365594 0.030531250000000013 0.07858260019550341
0 0.234375 0.29425219941348973 0.03018749999999997 0.0791397849462366
0 0.41877499999999995 0.29453567937438907 0.031981250000000044 0.05517106549364608
0 0.6562625 0.29480938416422287 0.03375 0.06018572825024443
0 0.17149375 0.2950928641251222 0.031993750000000015 0.07969696969696967
0 0.98618125 0.2951319648093842 0.027637499999999874 0.07283479960899315
0 0.20338125 0.29536656891495605 0.030200000000000032 0.0791397849462366
0 0.45725 0.29536656891495605 0.029825000000000018 0.05684261974584553
0 0.8511687499999999 0.2959237536656892 0.036599999999999966 0.07356793743890518
0 0.90265 0.2959237536656892 0.0347999999999999 0.06464320625610948
0 0.734675 0.29620723362658846 0.03522500000000008 0.06631476050830892
0 0.387425 0.29620723362658846 0.02914375000000007 0.05628543499511245
0 0.13943125 0.2967644183773216 0.032006249999999986 0.07969696969696967
0 0.8146562500000001 0.2973216031280548 0.03626249999999999 0.07412512218963836
0 0.9454187500000001 0.29821114369501467 0.03803750000000008 0.08182795698924734
0 0.0517875 0.3625219941348974 0.02918125 0.07188660801564024
0 0.09346875 0.3630791788856305 0.028449999999999996 0.060742913000977505
0 0.1599125 0.36586510263929617 0.03163125000000001 0.058514173998044976
0 0.22884374999999998 0.36586510263929617 0.03266874999999999 0.058514173998044976
0 0.12624375000000002 0.36642228739002936 0.0312875 0.06185728250244377
0 0.19535625 0.37087976539589446 0.03339374999999997 0.06520039100684266
0 0.27355625 0.37227761485826 0.02588124999999998 0.08805474095796681
0 0.31724375 0.3750635386119257 0.029887500000000032 0.08916911045943307
0 0.35999375 0.3789638318670577 0.028443749999999993 0.08359726295210164
0 0.6153875 0.38247311827956987 0.033850000000000054 0.08679374389051805
0 0.7268375 0.3842521994134897 0.038075000000000046 0.09195503421309878
0 0.39900625 0.38453567937438904 0.02878124999999997 0.08916911045943307
0 0.6668125 0.3856500488758553 0.033468750000000116 0.08805474095796681
0 0.44567500000000004 0.38649071358748777 0.028050000000000068 0.08526881720430109
0 0.5718375 0.38719452590420333 0.031856250000000016 0.0872434017595308
0 0.53145 0.38741935483870965 0.031581249999999984 0.08859237536656892
0 0.7724375000000001 0.38816226783968716 0.035918749999999874 0.09195503421309878
0 0.48753124999999997 0.38955034213098727 0.030524999999999948 0.09028347996089933
0 0.8235625 0.39094819159335287 0.03554374999999993 0.08861192570869988
0 0.881625 0.39317693059628545 0.03908125000000012 0.08972629521016615
0 0.93186875 0.39707722385141736 0.0397999999999999 0.09306940371456504
0 0.979325 0.39957966764418373 0.04134999999999991 0.0913978494623656
0 0.00956875 0.44455522971652 0.01885625 0.08480938416422286
0 0.23579375 0.4477908113391984 0.03373750000000001 0.08526881720430109
0 0.05125625 0.4477908113391984 0.0423625 0.08749755620723362
0 0.13906875 0.44806451612903225 0.03413125000000001 0.08582600195503416
0 0.191975 0.4502932551319648 0.035174999999999984 0.08582600195503416
0 0.09614375000000001 0.45085043988269796 0.034506249999999995 0.08359726295210164
0 0.27658125 0.45698924731182794 0.03407499999999999 0.08359726295210164
0 0.31930625 0.4609775171065493 0.037112500000000034 0.08455522971651998
0 0.36254375000000005 0.4636852394916911 0.035362499999999956 0.08184750733137831
0 0.40972499999999995 0.4694330400782014 0.03630624999999995 0.08388074291300092
0 0.73099375 0.4714662756598241 0.031850000000000024 0.08388074291300103
0 0.449675 0.47315738025415455 0.03662499999999994 0.08725317693059634
0 0.6805 0.47331378299120236 0.03640625 0.09129032258064515
0 0.63335625 0.4737634408602151 0.03700624999999995 0.09129032258064515
0 0.5846312499999999 0.4751124144672532 0.04018749999999997 0.09218963831867064
0 0.49231250000000004 0.4758651026392962 0.036274999999999974 0.08861192570869988
0 0.7751187500000001 0.4781622678396873 0.03701249999999987 0.09139784946236565
0 0.53734375 0.47960899315738026 0.037618750000000034 0.08949169110459429
0 0.8246375 0.4806647116324536 0.03984375 0.08861192570869994
0 0.87771875 0.48513196480938425 0.0383937499999999 0.0897262952101662
0 0.9235 0.4873607038123167 0.041581250000000125 0.09084066471163241
0 0.9812875 0.49320625610948193 0.03742500000000007 0.09585532746823075
0 0.00834375 0.5315542521994134 0.015706249999999998 0.08590420332355822
0 0.0546375 0.5330205278592375 0.03453749999999999 0.08388074291300092
0 0.09873749999999999 0.5333528836754643 0.03192499999999999 0.0791397849462366
0 0.14586875 0.5336950146627566 0.03450000000000001 0.08657869012707717
0 0.22720624999999997 0.5347116324535679 0.03715000000000004 0.08590420332355822
0 0.18871875 0.5357282502443792 0.03975625000000001 0.08388074291300092
0 0.2650375 0.5397849462365591 0.03151249999999997 0.08522971652003915
0 0.3154125 0.5448582600195503 0.03278749999999999 0.08455522971652003
0 0.35325 0.5516226783968718 0.032337500000000005 0.08725317693059628
0 0.40215625000000005 0.5539882697947214 0.03415000000000006 0.08928641251221889
0 0.43869375 0.5590615835777125 0.030243750000000062 0.08590420332355804
0 0.7173875 0.5597360703812316 0.04009999999999991 0.0886119257087
0 0.67069375 0.562101661779081 0.037524999999999975 0.08928641251221889
0 0.480425 0.562101661779081 0.03065624999999997 0.08793743890518088
0 0.6263562500000001 0.5637927663734116 0.037081250000000024 0.09131964809384172
0 0.57555 0.5637927663734116 0.03753749999999997 0.08590420332355828
0 0.525825 0.5648093841642229 0.03928749999999994 0.08522971652003915
0 0.7681749999999999 0.5667741935483871 0.03594999999999999 0.0913978494623656
0 0.8269562500000001 0.5717888563049854 0.038062500000000055 0.09028347996089922
0 0.870775 0.5765200391006843 0.03946875000000006 0.0886119257087
0 0.91459375 0.5804301075268817 0.0422999999999999 0.09084066471163252
0 0.9600124999999999 0.586275659824047 0.041212500000000034 0.09028347996089922
0 0.16515625 0.6158748778103617 0.03587499999999998 0.0791397849462366
0 0.03085 0.616217008797654 0.042331249999999994 0.08522971652003915
0 0.2129375 0.6192570869990225 0.03456249999999997 0.08455522971652003
0 0.119925 0.6199413489736071 0.039699999999999985 0.0886119257087
0 0.25488125 0.6202737047898338 0.036274999999999974 0.0811730205278592
0 0.07063125 0.6209481915933529 0.038849999999999996 0.08388074291300092
0 0.2976875 0.626021505376344 0.0353875 0.08319648093841632
0 0.33811250000000004 0.6294037145650049 0.03753749999999997 0.08049853372434009
0 0.39173125 0.6375268817204301 0.03578125 0.08184750733137831
0 0.5750625 0.6445845552297165 0.0340625 0.08497556207233632
0 0.48318125 0.6449657869012707 0.0353125 0.08455522971652003
0 0.439725 0.645307917888563 0.037493750000000006 0.08522971652003915
0 0.6222562500000001 0.6473020527859238 0.03985625000000006 0.08749755620723362
0 0.67373125 0.6478592375366569 0.038056249999999923 0.08304007820136856
0 0.7209375 0.6481329423264907 0.03768124999999998 0.08471163245356801
0 0.52555625 0.6486901270772238 0.03443124999999995 0.0811730205278592
0 0.76315 0.6537145650048876 0.03944375000000008 0.0880547409579667
0 0.81805 0.6578885630498533 0.03735000000000013 0.08972629521016615
0 0.8747 0.6654154447702835 0.03591250000000002 0.08694037145650055
0 0.93134375 0.672101661779081 0.03517500000000012 0.08471163245356801
0 0.98235625 0.6765591397849462 0.03528750000000002 0.08025415444770274
0 0.24082499999999998 0.700097751710655 0.039306249999999994 0.08657869012707717
0 0.15754374999999998 0.7004301075268817 0.03449374999999998 0.08590420332355828
0 0.19001875 0.7034799608993157 0.03197499999999998 0.0811730205278592
0 0.04706875 0.7034799608993157 0.026325 0.08657869012707717
0 0.09549374999999999 0.7038123167155426 0.028900000000000006 0.08455522971652003
0 0.2780125 0.7051710654936462 0.03150624999999998 0.08184750733137831
0 0.32255 0.7129423264907137 0.03148750000000003 0.08522971652003915
0 0.36751875 0.7203812316715543 0.03233125000000001 0.08657869012707717
0 0.4161625 0.7251221896383186 0.03188124999999999 0.08657869012707717
0 0.5429375000000001 0.7259335288367547 0.034737499999999956 0.08601173020527861
0 0.6425624999999999 0.7281133919843598 0.03699999999999996 0.08304007820136856
0 0.5939375 0.7281133919843598 0.033100000000000025 0.08415444770283471
0 0.49918125 0.7281622678396872 0.040493749999999974 0.0886119257087
0 0.46005 0.7291788856304986 0.04008124999999993 0.08252199413489743
0 0.691725 0.7303421309872923 0.03769374999999996 0.09195503421309867
0 0.7357250000000001 0.7389736070381232 0.030906249999999885 0.08694037145650055
0 0.79685625 0.7431573802541545 0.03772500000000008 0.08638318670576725
0 0.8431687499999999 0.7478983382209189 0.036993750000000034 0.0880547409579667
0 0.8955375 0.7531867057673509 0.03697499999999991 0.08749755620723362
0 0.9512937499999999 0.7573704789833822 0.04300624999999997 0.09362658846529812
0 0.9880562500000001 0.7623851417399804 0.023887499999999874 0.08359726295210164
0 0.23624375 0.7812609970674487 0.03532499999999999 0.08388074291300092
0 0.01485625 0.7832942326490713 0.0293625 0.0811730205278592
0 0.057874999999999996 0.7846432062561095 0.036699999999999997 0.08388074291300092
0 0.09916874999999999 0.7849853372434017 0.03538125000000001 0.0791397849462366
0 0.18824375 0.7849853372434017 0.03621249999999996 0.07643206256109487
0 0.1424125 0.7856598240469208 0.03623125000000002 0.08049853372434009
0 0.2784 0.7880254154447702 0.03746875000000003 0.08522971652003915
0 0.32345625 0.7948484848484848 0.034412499999999964 0.08393939393939405
0 0.36618125 0.8002932551319648 0.037706249999999955 0.08238514173998042
0 0.40626249999999997 0.804692082111437 0.037025 0.08186705767350928
0 0.45196875 0.8072825024437927 0.03501874999999998 0.08601173020527861
0 0.49138750000000003 0.8098729227761485 0.035006249999999996 0.08290322580645156
0 0.53929375 0.8103910068426197 0.036724999999999994 0.08601173020527861
0 0.6411374999999999 0.8105865102639296 0.035575000000000044 0.08749755620723362
0 0.58930625 0.8119843597262951 0.03594999999999999 0.08136852394916912
0 0.6885187500000001 0.8130987292277615 0.038406249999999885 0.08916911045943307
0 0.74480625 0.8222971652003911 0.036956250000000065 0.08304007820136856
0 0.7863500000000001 0.8261974584555231 0.04236250000000012 0.08638318670576725
0 0.84441875 0.8334408602150538 0.03521250000000009 0.08304007820136856
0 0.8884125 0.8348289345063539 0.04267500000000012 0.08471163245356801
0 0.9425625 0.8417986314760508 0.035531249999999945 0.08749755620723362
0 0.9907250000000001 0.8445845552297165 0.018543750000000046 0.08526881720430109
0 0.17786875 0.86683284457478 0.033618749999999975 0.08725317693059628
0 0.129225 0.8678494623655914 0.03061250000000001 0.08252199413489743
0 0.23126875 0.8678494623655914 0.03403125000000003 0.08657869012707717
0 0.09181875 0.8685239491691105 0.037981249999999994 0.08252199413489743
0 0.26975 0.8695405669599218 0.028825000000000003 0.08184750733137831
0 0.034743750000000004 0.8698729227761486 0.031087500000000004 0.08388074291300092
0 0.317325 0.8751612903225806 0.036068750000000024 0.07461388074291293
0 0.36485625 0.8772336265884653 0.03306875000000005 0.07046920821114362
0 0.40295000000000003 0.8793059628543499 0.03239374999999996 0.06839687194525906
0 0.44981875000000004 0.8806060606060606 0.03601249999999993 0.06269794721407634
0 0.49205 0.8813782991202346 0.035006249999999996 0.062179863147604986
0 0.5424375 0.8829325513196481 0.03573125000000005 0.05803519061583567
0 0.58765 0.8829325513196481 0.03405625 0.05907135874877817
0 0.63918125 0.8830400782013685 0.03379375000000003 0.059628543499511244
0 0.6860250000000001 0.8858260019550342 0.03484375 0.05294232649071367
0 0.7367874999999999 0.8863831867057673 0.0358937499999999 0.05294232649071367
0 0.7822125 0.8919550342130987 0.040506249999999966 0.04179863147605082