0 0.88625 0.15051903114186851 0.220625 0.1453287197231834
0 0.1678125 0.16911764705882354 0.246875 0.15397923875432526
0 0.6615625 0.16695501730103807 0.240625 0.1444636678200692
0 0.423125 0.18036332179930795 0.23875 0.14878892733564014
0 0.8859375 0.2945501730103806 0.225 0.14273356401384082
0 0.18 0.3187716262975779 0.24 0.14792387543252594
0 0.6565625 0.3088235294117647 0.236875 0.14878892733564014
0 0.420625 0.32569204152249137 0.235 0.1453287197231834
0 0.1521875 0.050173010380622836 0.248125 0.08996539792387544
0 0.889375 0.04065743944636678 0.21 0.08131487889273356
0 0.88375 0.435121107266436 0.228125 0.1444636678200692
0 0.1765625 0.4602076124567474 0.234375 0.13927335640138408
0 0.6559375 0.45069204152249137 0.231875 0.14359861591695502
0 0.42125 0.4679930795847751 0.23 0.1453287197231834
0 0.6621875 0.04930795847750865 0.244375 0.0986159169550173
0 0.4109375 0.05493079584775087 0.241875 0.10986159169550173
0 0.8809375 0.5774221453287197 0.2275 0.14878892733564014
0 0.653125 0.5903979238754326 0.228125 0.14792387543252594
0 0.1928125 0.6029411764705882 0.23125 0.13581314878892733
0 0.425 0.6038062283737025 0.226875 0.14186851211072665
0 0.8740625 0.7058823529411765 0.2225 0.14013840830449828
0 0.19625 0.7309688581314879 0.2275 0.13062283737024222
0 0.6484375 0.7275086505190311 0.2275 0.1384083044982699
0 0.4221875 0.7365916955017301 0.22375 0.1384083044982699
0 0.8725 0.8360726643598616 0.22 0.14100346020761245
0 0.4303125 0.8572664359861591 0.2225 0.13667820069204153
0 0.6528125 0.8542387543252595 0.223125 0.1323529411764706
0 0.1965625 0.870674740484429 0.224375 0.12024221453287197