0 0.6219230769230769 0.17118997912317327 0.07615384615384616 0.16805845511482254
0 0.04846153846153846 0.1732776617954071 0.07230769230769231 0.1638830897703549
0 0.4888461538461538 0.17484342379958245 0.06461538461538462 0.1534446764091858
0 0.255 0.19624217118997914 0.07 0.15866388308977036
0 0.33615384615384614 0.1967640918580376 0.06923076923076923 0.1617954070981211
0 0.845 0.1978079331941545 0.06846153846153846 0.15970772442588727
0 0.7626923076923077 0.1978079331941545 0.07230769230769231 0.1649269311064718
0 0.4696153846153846 0.2985386221294363 0.13307692307692306 0.1022964509394572
0 0.6407692307692308 0.29958246346555323 0.12076923076923077 0.1022964509394572
0 0.06153846153846154 0.3037578288100209 0.12076923076923077 0.09603340292275574
0 0.2542307692307692 0.36221294363256784 0.26692307692307693 0.16910229645093947
0 0.8403846153846154 0.36899791231732776 0.2630769230769231 0.17640918580375783
0 0.6411538461538462 0.3883089770354906 0.1276923076923077 0.09707724425887265
0 0.06153846153846154 0.3966597077244259 0.12307692307692308 0.10020876826722339
0 0.46 0.3987473903966597 0.12846153846153846 0.09916492693110647
0 0.12384615384615384 0.48851774530271397 0.24769230769230768 0.11064718162839249
0 0.3830769230769231 0.4963465553235908 0.26153846153846155 0.09498956158663883
0 0.6746153846153846 0.5334029227557411 0.27692307692307694 0.20146137787056367
0 0.9096153846153846 0.5537578288100209 0.18076923076923077 0.1931106471816284
0 0.12115384615384615 0.576722338204593 0.2423076923076923 0.11795407098121086
0 0.688076923076923 0.05897703549060543 0.2653846153846154 0.11795407098121086
0 0.3769230769230769 0.593945720250522 0.26384615384615384 0.10855949895615867
0 0.92 0.06002087682672234 0.16 0.11899791231732777
0 0.17192307692307693 0.06419624217118998 0.2553846153846154 0.11586638830897704
0 0.06615384615384616 0.6988517745302714 0.07461538461538461 0.1638830897703549
0 0.42653846153846153 0.07045929018789145 0.2553846153846154 0.09812108559498957
0 0.6038461538461538 0.7009394572025052 0.08538461538461538 0.17640918580375783
0 0.17192307692307693 0.7098121085594989 0.06692307692307692 0.15866388308977036
0 0.4653846153846154 0.7160751565762005 0.06692307692307692 0.17536534446764093
0 0.29653846153846153 0.7192066805845512 0.06846153846153846 0.16075156576200417
0 0.7569230769230769 0.7348643006263048 0.06923076923076923 0.16701461377870563
0 0.9253846153846154 0.7369519832985386 0.07307692307692308 0.17014613778705637
0 0.055384615384615386 0.8230688935281837 0.11 0.08872651356993737
0 0.6226923076923077 0.8387265135699373 0.12692307692307692 0.10334029227557412
0 0.44653846153846155 0.842901878914405 0.12076923076923077 0.08977035490605428
0 0.24461538461538462 0.8460334029227558 0.25846153846153846 0.11482254697286012
0 0.823076923076923 0.8622129436325678 0.27153846153846156 0.08977035490605428