0 0.36730769230769234 0.18704284221525602 0.12 0.2800417972831766
0 0.4676923076923077 0.1974921630094044 0.11384615384615385 0.28735632183908044
0 0.6765384615384615 0.22570532915360503 0.11615384615384615 0.2894461859979101
0 0.9665384615384616 0.2549634273772205 0.06692307692307692 0.28213166144200624
0 0.7846153846153846 0.24399164054336467 0.12692307692307692 0.2800417972831766
0 0.5707692307692308 0.2251828631138976 0.12153846153846154 0.28108672936259144
0 0.8857692307692308 0.258098223615465 0.11384615384615385 0.2800417972831766
0 0.06153846153846154 0.18599791013584116 0.10615384615384615 0.26959247648902823
0 0.26153846153846155 0.20741901776384536 0.1276923076923077 0.28422152560083597
0 0.16153846153846155 0.1980146290491118 0.13 0.2769070010449321
0 0.43115384615384617 0.4702194357366771 0.11538461538461539 0.2769070010449321
0 0.6496153846153846 0.4947753396029258 0.11307692307692307 0.26959247648902823
0 0.5446153846153846 0.4952978056426332 0.11692307692307692 0.2852664576802508
0 0.7526923076923077 0.51619644723093 0.12153846153846154 0.2800417972831766
0 0.33153846153846156 0.47648902821316613 0.11153846153846154 0.26959247648902823
0 0.23576923076923076 0.46865203761755486 0.09923076923076923 0.258098223615465
0 0.13115384615384615 0.45977011494252873 0.12307692307692308 0.27063740856844304
0 0.8611538461538462 0.5329153605015674 0.12307692307692308 0.28108672936259144
0 0.9507692307692308 0.5417972831765935 0.09846153846153846 0.258098223615465
0 0.03884615384615384 0.4555903866248694 0.07769230769230769 0.27586206896551724
0 0.6261538461538462 0.7570532915360502 0.1123076923076923 0.28108672936259144
0 0.21615384615384614 0.7189132706374086 0.11153846153846154 0.258098223615465
0 0.42730769230769233 0.7392894461859979 0.11846153846153847 0.27377220480668757
0 0.3230769230769231 0.7345872518286312 0.10384615384615385 0.2612330198537095
0 0.10923076923076923 0.719435736677116 0.11923076923076924 0.27586206896551724
0 0.5319230769230769 0.7612330198537095 0.10461538461538461 0.26854754440961337
0 0.9357692307692308 0.7998955067920586 0.11307692307692307 0.26854754440961337
0 0.03653846153846154 0.7168234064785789 0.07307692307692308 0.26959247648902823
0 0.7292307692307692 0.7857889237199582 0.12307692307692308 0.2769070010449321
0 0.8338461538461538 0.7962382445141066 0.12307692307692308 0.26750261233019856