0 0.3932769230769231 0.09566197183098592 0.07734615384615381 0.04313615023474178
0 0.8133461538461538 0.09886384976525821 0.07826153846153838 0.04841314553990609
0 0.24682307692307692 0.10121126760563381 0.06515384615384619 0.04404694835680751
0 0.1762846153846154 0.10765258215962442 0.06923846153846155 0.04206572769953053
0 0.8926615384615385 0.10854460093896713 0.08078461538461537 0.05216901408450705
0 0.9722615384615385 0.11072300469483569 0.05547692307692299 0.050798122065727695
0 0.7186384615384616 0.11416901408450704 0.07771538461538459 0.04591549295774647
0 0.6369 0.1155774647887324 0.07544615384615379 0.043727699530516424
0 0.061153846153846156 0.11705164319248826 0.12198461538461541 0.053943661971830974
0 0.5210153846153847 0.12036619718309859 0.14666923076923083 0.041164319248826305
0 0.36198461538461535 0.13518309859154928 0.15126923076923074 0.05499530516431924
0 0.8130846153846154 0.14493896713615026 0.07928461538461543 0.048103286384976546
0 0.20486153846153846 0.15021596244131455 0.15151538461538464 0.050976525821596265
0 0.8907384615384616 0.15369014084507043 0.07796923076923087 0.045605633802816896
0 0.9651923076923077 0.15907981220657275 0.06961538461538462 0.04461032863849764
0 0.4846076923076923 0.15938967136150234 0.07440000000000002 0.038197183098591554
0 0.6968923076923077 0.1599342723004695 0.15193076923076923 0.04685446009389669
0 0.5602692307692307 0.16201877934272302 0.07733846153846151 0.04347417840375588
0 0.02183846153846154 0.16209389671361502 0.04335384615384615 0.047014084507042246
0 0.08203846153846155 0.1687699530516432 0.07616923076923075 0.05345539906103287
0 0.31411538461538463 0.1751924882629108 0.07440769230769233 0.050056338028169015
0 0.48923076923076925 0.01784037558685446 0.07692307692307693 0.03568075117370892
0 0.8455692307692307 0.018431924882629108 0.15858461538461535 0.036863849765258215
0 0.36764615384615384 0.01844131455399061 0.14856923076923076 0.03622535211267605
0 0.39368461538461536 0.18375586854460094 0.0765384615384615 0.05071361502347417
0 0.22006153846153845 0.01954929577464789 0.14380769230769228 0.03811267605633803
0 0.1627076923076923 0.19055399061032863 0.07532307692307694 0.0475117370892019
0 0.8587538461538462 0.1964788732394366 0.1598615384615385 0.05747417840375585
0 0.963076923076923 0.01971830985915493 0.07384615384615385 0.03943661971830986
0 0.24074615384615386 0.19822535211267606 0.06920769230769233 0.04206572769953053
0 0.5149461538461538 0.2031830985915493 0.1593538461538462 0.04544600938967134
0 0.970923076923077 0.20483568075117373 0.05814615384615396 0.04558685446009391
0 0.735276923076923 0.20492018779342724 0.08283076923076928 0.048103286384976546
0 0.6509692307692307 0.20819718309859153 0.08056153846153848 0.04654460093896713
0 0.020223076923076923 0.21381220657276995 0.039307692307692314 0.04652582159624414
0 0.07676923076923077 0.21455399061032865 0.06968461538461539 0.0499906103286385
0 0.5663384615384616 0.022065727699530517 0.07652307692307694 0.044131455399061034
0 0.34633846153846154 0.22443192488262914 0.15828461538461536 0.060920187793427255
0 0.18783846153846154 0.2380657276995305 0.13206923076923074 0.045530516431924864
0 0.5099538461538462 0.244018779342723 0.15746153846153849 0.048741784037558654
0 0.8591307692307691 0.2444319248826291 0.16165384615384623 0.05528638497652582
0 0.9699923076923077 0.2515680751173709 0.0600153846153846 0.047868544600938985
0 0.6857615384615384 0.25427230046948357 0.15832307692307687 0.04623474178403757
0 0.055276923076923085 0.2603380281690141 0.10941538461538462 0.05047887323943661
0 0.34444615384615385 0.270037558685446 0.1604384615384615 0.06257276995305162
0 0.6844769230769231 0.027643192488262913 0.15524615384615378 0.045915492957746475
0 0.19006153846153848 0.28087323943661974 0.14463076923076926 0.05197183098591551
0 0.47355384615384616 0.2886478873239437 0.07332307692307688 0.04380281690140843
0 0.863353846153846 0.29175586854460095 0.15576923076923077 0.05372769953051646
0 0.9703846153846154 0.2962441314553991 0.05923076923076923 0.044131455399061034
0 0.5488076923076923 0.3000093896713615 0.07436923076923081 0.044131455399061034
0 0.053246153846153846 0.3004225352112676 0.10536153846153844 0.04949295774647891
0 0.6796153846153846 0.3015962441314554 0.16344615384615385 0.0496713615023474
0 0.3110153846153846 0.3179530516431925 0.0746846153846154 0.05169953051643188
0 0.14284615384615384 0.3212112676056338 0.07046153846153848 0.0475117370892019
0 0.38883076923076926 0.32322065727699534 0.07762307692307695 0.050384976525821565
0 0.22087692307692305 0.3278967136150234 0.06840769230769234 0.037117370892018754
0 0.4728769230769231 0.33261032863849765 0.07576153846153846 0.04347417840375582
0 0.8010615384615385 0.3334553990610329 0.08390000000000004 0.050920187793427246
0 0.8968846153846154 0.340169014084507 0.077976923076923 0.048103286384976546
0 0.0166 0.34180281690140846 0.03197692307692307 0.04229107981220654
0 0.975 0.34178403755868547 0.05 0.046948356807511735
0 0.5475923076923077 0.34528638497652586 0.07410769230769225 0.04247887323943663
0 0.7160846153846153 0.3470422535211268 0.07516153846153849 0.04685446009389669
0 0.06723846153846154 0.34793427230046947 0.06846923076923077 0.043558685446009375
0 0.6299923076923077 0.3492300469483568 0.08107692307692314 0.04498591549295772
0 0.09643076923076924 0.03613145539906103 0.07656923076923076 0.050478873239436624
0 0.3042692307692308 0.3637276995305164 0.07630769230769234 0.04907042253521126
0 0.14628461538461537 0.3667417840375587 0.07816153846153848 0.0475117370892019
0 0.2239153846153846 0.36996244131455397 0.07286153846153848 0.04206572769953047
0 0.3872076923076923 0.37196244131455397 0.07816153846153844 0.048413145539906055
0 0.799523076923077 0.38015962441314555 0.08490769230769239 0.05184976525821599
0 0.3139153846153846 0.03860093896713615 0.07606923076923076 0.04454460093896714
0 0.8980230769230769 0.38546478873239437 0.0777076923076923 0.04623474178403757
0 0.975 0.3863849765258216 0.05 0.04976525821596244
0 0.017046153846153846 0.38784037558685447 0.03373076923076923 0.04550234741784041
0 0.5080692307692308 0.388093896713615 0.15963076923076921 0.04313615023474173
0 0.07666923076923077 0.3915868544600939 0.06089230769230769 0.04122065727699528
0 0.7141615384615384 0.3956150234741784 0.07592307692307695 0.050920187793427246
0 0.6302461538461539 0.3967136150234742 0.07800769230769238 0.04560563380281695
0 0.34836153846153844 0.41461032863849767 0.15585384615384612 0.05269483568075118
0 0.18715384615384617 0.4148732394366197 0.16344615384615385 0.05138967136150237
0 0.8451846153846154 0.4290422535211268 0.15371538461538456 0.05153990610328637
0 0.0543076923076923 0.4309295774647887 0.10825384615384612 0.046037558685445984
0 0.9626538461538462 0.4339342723004695 0.0746846153846155 0.047868544600938985
0 0.5086076923076923 0.434037558685446 0.16070769230769236 0.047417840375586856
0 0.6777 0.4455962441314554 0.16165384615384623 0.049042253521126775
0 0.34633846153846154 0.4595586854460094 0.15774615384615379 0.05368075117370888
0 0.18649230769230768 0.4601032863849765 0.15599230769230765 0.04657276995305161
0 0.05452307692307692 0.47081690140845067 0.10781538461538459 0.04764319248826287
0 0.8387846153846155 0.47542723004694837 0.15883076923076925 0.05060093896713614
0 0.4786846153846154 0.47931455399061035 0.0722538461538462 0.043802816901408484
0 0.960923076923077 0.48000938967136153 0.07815384615384609 0.046244131455399115
0 0.5525846153846153 0.48293896713615025 0.07546153846153839 0.043802816901408484
0 0.6760307692307692 0.49011267605633807 0.1619076923076923 0.048103286384976546
0 0.14703846153846153 0.4994553990610328 0.0762076923076923 0.04496713615023478
0 0.22333076923076922 0.5029295774647887 0.07529999999999999 0.0433615023474179
0 0.2985230769230769 0.5029295774647887 0.07482307692307691 0.04550234741784041
0 0.38626153846153843 0.5086291079812207 0.07465384615384611 0.04643192488262915
0 0.018138461538461537 0.5109671361502347 0.035046153846153845 0.04443192488262905
0 0.07557692307692308 0.5141784037558685 0.06571538461538462 0.04443192488262905
0 0.7970923076923078 0.5177558685446009 0.07902307692307693 0.04529577464788733
0 0.8799923076923077 0.5227511737089202 0.07796923076923087 0.046544600938967076
0 0.4799 0.5242723004694836 0.07360000000000005 0.044131455399061034
0 0.9665230769230769 0.5243004694835681 0.06695384615384613 0.051455399061032824
0 0.558923076923077 0.5285539906103286 0.0751923076923077 0.04478873239436624
0 0.6420153846153847 0.5346197183098591 0.08056153846153848 0.048413145539906055
0 0.7226076923076923 0.5377464788732395 0.07847692307692307 0.045915492957746565
0 0.39490000000000003 0.05449765258215963 0.0735692307692308 0.04972769953051642
0 0.21938461538461537 0.5449577464788732 0.07355384615384616 0.044967136150234836
0 0.13914615384615384 0.5470985915492957 0.07183076923076923 0.048178403755868494
0 0.30773076923076925 0.5505727699530517 0.07219230769230771 0.04229107981220654
0 0.3877461538461539 0.5516056338028169 0.07330000000000002 0.044131455399061034
0 0.8494076923076923 0.05591549295774648 0.15346923076923086 0.05184976525821596
0 0.06746153846153846 0.5586103286384976 0.07142307692307692 0.04229107981220654
0 0.8041307692307691 0.5633615023474179 0.07263076923076929 0.044046948356807586
0 0.9691923076923077 0.5677746478873239 0.061615384615384544 0.053737089201877954
0 0.8776846153846154 0.568356807511737 0.07643846153846146 0.044046948356807586
0 0.5001153846153846 0.5690610328638497 0.14857692307692313 0.042807511737089125
0 0.6362615384615384 0.5780469483568075 0.07876923076923084 0.04716431924882631
0 0.7196692307692308 0.5833521126760564 0.07719999999999992 0.043417840375586866
0 0.24581538461538463 0.059887323943661974 0.06069230769230768 0.039596244131455405
0 0.16479230769230768 0.5952769953051643 0.14416153846153848 0.04710798122065735
0 0.3219230769230769 0.5993521126760563 0.1520769230769231 0.0553239436619719
0 0.48083846153846155 0.06043192488262911 0.07493846153846159 0.04907042253521126
0 0.04333846153846154 0.6046478873239437 0.08633076923076924 0.04978403755868543
0 0.1785153846153846 0.06137089201877934 0.07288461538461538 0.04157746478873239
0 0.8432692307692308 0.612093896713615 0.1498769230769231 0.05029107981220652
0 0.49849999999999994 0.6121971830985916 0.14533846153846158 0.04215023474178413
0 0.9655923076923076 0.6145070422535212 0.06881538461538464 0.052103286384976535
0 0.9646153846153847 0.06244131455399061 0.07076923076923076 0.05539906103286385
0 0.6600461538461538 0.6267699530516432 0.15909999999999994 0.05153990610328648
0 0.5571692307692309 0.06438497652582159 0.0770692307692308 0.048413145539906104
0 0.16654615384615384 0.6386384976525822 0.14328461538461537 0.048178403755868494
0 0.32556153846153846 0.6433145539906103 0.1496538461538461 0.05433802816901398
0 0.051676923076923086 0.6469389671361503 0.07405384615384614 0.04122065727699539
0 0.5272307692307692 0.6550046948356808 0.0722307692307693 0.04215023474178413
0 0.8428846153846153 0.6558215962441315 0.14910769230769233 0.049042253521126775
0 0.45440769230769235 0.6561596244131455 0.07171538461538463 0.045117370892018734
0 0.9648923076923076 0.6594460093896714 0.0700923076923076 0.0495023474178404
0 0.7186384615384616 0.06731455399061033 0.07719999999999992 0.04404694835680751
0 0.6202692307692308 0.6689483568075116 0.07596153846153846 0.044046948356807586
0 0.7025230769230769 0.6731643192488262 0.07771538461538459 0.044356807511737095
0 0.12862307692307692 0.6806572769953051 0.07796923076923078 0.04550234741784041
0 0.2858076923076923 0.6811924882629108 0.08184615384615383 0.04229107981220654
0 0.20403846153846153 0.6836056338028169 0.07004615384615383 0.044967136150234836
0 0.03896153846153846 0.6870798122065728 0.07756153846153846 0.05085446009389679
0 0.36360000000000003 0.6909014084507041 0.07464615384615386 0.04610328638497644
0 0.8407076923076924 0.6964319248826292 0.14373846153846165 0.046544600938967076
0 0.5266923076923077 0.6988075117370892 0.07114615384615386 0.044131455399061034
0 0.9623076923076923 0.6990610328638498 0.07538461538461538 0.04788732394366197
0 0.45116923076923077 0.7002910798122065 0.07172307692307693 0.04643192488262915
0 0.7007307692307693 0.713455399061033 0.07618461538461535 0.044356807511737095
0 0.6402230769230769 0.07200000000000001 0.07441538461538462 0.04154929577464789
0 0.6195 0.713924882629108 0.07493846153846159 0.04529577464788733
0 0.12708461538461538 0.7258967136150235 0.07753076923076925 0.043896713615023474
0 0.20426153846153847 0.7280375586854461 0.07223846153846152 0.046037558685445984
0 0.0337 0.7291079812206572 0.06704615384615384 0.043896713615023474
0 0.2809846153846154 0.7325821596244132 0.07833846153846157 0.04550234741784041
0 0.36373846153846157 0.7379906103286386 0.07546153846153844 0.044131455399061034
0 0.8689846153846155 0.7387605633802816 0.07131538461538464 0.041230046948356885
0 0.7832769230769231 0.740169014084507 0.07544615384615379 0.04279812206572763
0 0.9537153846153845 0.7413427230046948 0.0925615384615384 0.047868544600938985
0 0.4922923076923077 0.7467230046948357 0.15936923076923082 0.047089201877934354
0 0.6619615384615384 0.75781220657277 0.14655384615384615 0.04247887323943663
0 0.0639923076923077 0.07695774647887324 0.1276615384615385 0.05790610328638497
0 0.16413076923076925 0.7671173708920188 0.1454769230769231 0.04282629107981211
0 0.04005384615384616 0.7727323943661972 0.06396923076923076 0.03907981220657267
0 0.3180076923076923 0.7811361502347417 0.14910769230769233 0.04478873239436624
0 0.7779 0.784206572769953 0.07698461538461533 0.0496713615023475
0 0.9578538461538462 0.7849859154929577 0.08429230769230764 0.04917370892018769
0 0.8686 0.7856150234741783 0.07106153846153855 0.041230046948356885
0 0.49323846153846157 0.7954647887323943 0.15909999999999994 0.048413145539906055
0 0.6601692307692308 0.7993615023474179 0.1445076923076924 0.044356807511737095
0 0.15755384615384616 0.8069953051643193 0.15336923076923076 0.04871361502347428
0 0.03413846153846154 0.81181220657277 0.060030769230769235 0.04229107981220654
0 0.8172923076923077 0.8259154929577465 0.1480923076923077 0.03811267605633795
0 0.3101846153846154 0.8265821596244131 0.14533846153846158 0.049399061032863754
0 0.9520923076923077 0.8269953051643193 0.07063076923076936 0.04265727699530522
0 0.31330769230769234 0.08414084507042253 0.07647692307692304 0.04949295774647888
0 0.4318846153846154 0.8386009389671362 0.07307692307692308 0.050413145539906154
0 0.7007307692307693 0.8416901408450704 0.07260000000000008 0.04154929577464789
0 0.5306 0.8418967136150235 0.07626153846153853 0.04182159624413142
0 0.6258923076923076 0.8449671361502348 0.07288461538461538 0.04061032863849765
0 0.11963076923076923 0.8514272300469483 0.07665384615384617 0.0433615023474179
0 0.1957076923076923 0.851962441314554 0.07179999999999997 0.04015023474178403
0 0.027692307692307693 0.8539906103286385 0.055384615384615386 0.04225352112676056
0 0.8258692307692308 0.8649577464788732 0.13708461538461542 0.041230046948356885
0 0.9494230769230769 0.8667230046948357 0.0722307692307693 0.04331455399061043
0 0.2736461538461539 0.8674178403755868 0.07279230769230768 0.03819718309859161
0 0.3470153846153846 0.8756525821596245 0.07060769230769227 0.04347417840375582
0 0.7027769230769231 0.8836995305164319 0.07208461538461541 0.041230046948356885
0 0.6302461538461539 0.8846384976525822 0.06929999999999993 0.03561502347417846
0 0.5309999999999999 0.8863474178403756 0.07491538461538469 0.04380281690140854
0 0.4274230769230769 0.8871737089201879 0.07280000000000003 0.05071361502347417
0 0.11349230769230768 0.8934460093896713 0.07577692307692308 0.04282629107981211
0 0.026584615384615387 0.8955774647887323 0.053169230769230774 0.039934272300469455
0 0.1908846153846154 0.8969295774647887 0.07443076923076924 0.03693896713615016
0 0.9599846153846154 0.899774647887324 0.08002307692307707 0.03191549295774649
0 0.7863461538461538 0.9010328638497653 0.07288461538461538 0.02842253521126759
0 0.2723 0.9021596244131455 0.0701 0.02536150234741783
0 0.8668076923076923 0.904 0.08180769230769223 0.02373708920187791
0 0.34323846153846155 0.9066009389671361 0.06899230769230764 0.017784037558685496