0 0.31384615384615383 0.3662486938349007 0.054615384615384614 0.055381400208986416
0 0.36653846153846154 0.3620689655172414 0.05384615384615385 0.055381400208986416
0 0.4176923076923077 0.3605015673981191 0.05384615384615385 0.055381400208986416
0 0.47 0.3547544409613375 0.054615384615384614 0.05329153605015674
0 0.5234615384615384 0.3484848484848485 0.054615384615384614 0.055381400208986416
0 0.5765384615384616 0.3432601880877743 0.05384615384615385 0.054336468129571575
0 0.6288461538461538 0.3380355276907001 0.05307692307692308 0.054336468129571575
0 0.31846153846153846 0.4153605015673981 0.054615384615384614 0.05642633228840126
0 0.37038461538461537 0.4111807732497388 0.05307692307692308 0.051201671891327065
0 0.6746153846153846 0.3772204806687565 0.03923076923076923 0.050156739811912224
0 0.47423076923076923 0.40334378265412746 0.054615384615384614 0.05329153605015674
0 0.42230769230769233 0.4096133751306165 0.05307692307692308 0.051201671891327065
0 0.5265384615384615 0.3991640543364681 0.05307692307692308 0.05329153605015674
0 0.5784615384615385 0.3928944618599791 0.05384615384615385 0.0522466039707419
0 0.6330769230769231 0.3881922675026123 0.05615384615384615 0.055381400208986416
0 0.3173076923076923 0.46342737722048066 0.054615384615384614 0.054336468129571575
0 0.3707692307692308 0.45977011494252873 0.05384615384615385 0.05329153605015674
0 0.6788461538461539 0.42371995820271685 0.04 0.04806687565308255
0 0.4246153846153846 0.45715778474399166 0.05384615384615385 0.05329153605015674
0 0.4776923076923077 0.4508881922675026 0.05307692307692308 0.051201671891327065
0 0.5811538461538461 0.44096133751306166 0.054615384615384614 0.05329153605015674
0 0.5292307692307693 0.4477533960292581 0.05307692307692308 0.050156739811912224
0 0.6342307692307693 0.43625914315569486 0.055384615384615386 0.05642633228840126
0 0.68 0.46917450365726227 0.040769230769230766 0.051201671891327065
0 0.3203846153846154 0.512539184952978 0.054615384615384614 0.055381400208986416
0 0.3719230769230769 0.5067920585161965 0.05076923076923077 0.051201671891327065
0 0.4776923076923077 0.49843260188087773 0.05384615384615385 0.0522466039707419
0 0.42538461538461536 0.5052246603970741 0.055384615384615386 0.054336468129571575
0 0.53 0.4947753396029258 0.054615384615384614 0.0522466039707419
0 0.5819230769230769 0.4890282131661442 0.054615384615384614 0.054336468129571575
0 0.635 0.48380355276907 0.054615384615384614 0.055381400208986416
0 0.6823076923076923 0.5146290491118077 0.04 0.04911180773249739
0 0.3769230769230769 0.5543364681295716 0.05153846153846154 0.0522466039707419
0 0.325 0.5616509926854755 0.055384615384615386 0.055381400208986416
0 0.4826923076923077 0.5470219435736677 0.052307692307692305 0.0522466039707419
0 0.43 0.5538140020898642 0.05615384615384615 0.054336468129571575
0 0.5334615384615384 0.542319749216301 0.052307692307692305 0.0522466039707419
0 0.5869230769230769 0.5365726227795193 0.05384615384615385 0.0522466039707419
0 0.6392307692307693 0.5334378265412748 0.05615384615384615 0.055381400208986416
0 0.3415384615384615 0.6065830721003135 0.10846153846153846 0.06060606060606061
0 0.45 0.5987460815047022 0.10615384615384615 0.06165099268547544
0 0.5553846153846154 0.5882967607105538 0.10615384615384615 0.05956112852664577
0 0.6653846153846154 0.5783699059561128 0.10923076923076923 0.06374085684430512
0 0.35615384615384615 0.6562173458725182 0.10615384615384615 0.06060606060606061
0 0.46153846153846156 0.6468129571577848 0.10384615384615385 0.05747126436781609
0 0.5673076923076923 0.635841170323929 0.10615384615384615 0.05956112852664577
0 0.6723076923076923 0.6285266457680251 0.10692307692307693 0.06165099268547544