0 0.1773076923076923 0.1127348643006263 0.031538461538461536 0.06993736951983298
0 0.35115384615384615 0.11064718162839249 0.031538461538461536 0.06784968684759916
0 0.016153846153846154 0.11899791231732777 0.03230769230769231 0.06576200417536535
0 0.14192307692307693 0.11847599164926931 0.031538461538461536 0.06680584551148225
0 0.3161538461538462 0.11586638830897704 0.03461538461538462 0.0709812108559499
0 0.09692307692307692 0.12369519832985386 0.03538461538461538 0.07306889352818371
0 0.2834615384615385 0.12212943632567849 0.031538461538461536 0.06993736951983298
0 0.7246153846153847 0.11325678496868476 0.03307692307692308 0.07306889352818371
0 0.5753846153846154 0.11795407098121086 0.031538461538461536 0.0709812108559499
0 0.6103846153846154 0.11795407098121086 0.031538461538461536 0.0709812108559499
0 0.22153846153846155 0.12734864300626306 0.03076923076923077 0.06471816283924843
0 0.2526923076923077 0.1268267223382046 0.03076923076923077 0.06680584551148225
0 0.686923076923077 0.11691022964509394 0.03307692307692308 0.0720250521920668
0 0.6515384615384615 0.11951983298538622 0.03769230769230769 0.0720250521920668
0 0.541923076923077 0.12265135699373696 0.03307692307692308 0.0709812108559499
0 0.46923076923076923 0.16231732776617955 0.11153846153846154 0.0918580375782881
0 0.8126923076923077 0.1544885177453027 0.11076923076923077 0.081419624217119
0 0.9261538461538461 0.15501043841336118 0.11384615384615385 0.081419624217119
0 0.3626923076923077 0.17745302713987474 0.1123076923076923 0.08350730688935282
0 0.040769230769230766 0.18423799582463465 0.08153846153846153 0.07411273486430063
0 0.1453846153846154 0.1873695198329854 0.10615384615384615 0.07515657620041753
0 0.2542307692307692 0.19572025052192066 0.10923076923076923 0.07515657620041753
0 0.5807692307692308 0.19154488517745302 0.10692307692307693 0.07620041753653445
0 0.6973076923076923 0.18945720250521922 0.10615384615384615 0.07411273486430063
0 0.5030769230769231 0.22755741127348644 0.031538461538461536 0.07411273486430063
0 0.86 0.2197286012526096 0.03 0.07411273486430063
0 0.5657692307692308 0.02348643006263048 0.10846153846153846 0.04697286012526096
0 0.8192307692307692 0.2254697286012526 0.036153846153846154 0.0720250521920668
0 0.7819230769230769 0.22964509394572025 0.03769230769230769 0.07620041753653445
0 0.4707692307692308 0.23747390396659707 0.03461538461538462 0.06993736951983298
0 0.9719230769230769 0.22703549060542796 0.03076923076923077 0.0720250521920668
0 0.9276923076923077 0.22860125260960334 0.03538461538461538 0.07411273486430063
0 0.8953846153846153 0.23173277661795408 0.03538461538461538 0.07411273486430063
0 0.40307692307692305 0.24373695198329853 0.03 0.0720250521920668
0 0.06884615384615385 0.2536534446764092 0.03538461538461538 0.06680584551148225
0 0.43884615384615383 0.2453027139874739 0.03461538461538462 0.07515657620041753
0 0.36230769230769233 0.2489561586638831 0.036923076923076927 0.0720250521920668
0 0.03461538461538462 0.25730688935281837 0.026923076923076925 0.06993736951983298
0 0.3292307692307692 0.25156576200417535 0.03307692307692308 0.07306889352818371
0 0.18615384615384614 0.2578288100208768 0.03230769230769231 0.06680584551148225
0 0.9134615384615384 0.020876826722338204 0.11153846153846154 0.04175365344467641
0 0.15423076923076923 0.2599164926931106 0.03461538461538462 0.06993736951983298
0 0.11615384615384615 0.2609603340292276 0.03307692307692308 0.06889352818371608
0 0.2907692307692308 0.2609603340292276 0.03307692307692308 0.06993736951983298
0 0.6292307692307693 0.2546972860125261 0.033846153846153845 0.0720250521920668
0 0.7438461538461538 0.2531315240083507 0.03230769230769231 0.07306889352818371
0 0.7126923076923077 0.25521920668058456 0.03307692307692308 0.07411273486430063
0 0.2553846153846154 0.267223382045929 0.033846153846153845 0.06889352818371608
0 0.5934615384615385 0.2593945720250522 0.03307692307692308 0.06784968684759916
0 0.56 0.26043841336116913 0.033846153846153845 0.06993736951983298
0 0.22115384615384615 0.27035490605427975 0.033846153846153845 0.07306889352818371
0 0.6657692307692308 0.26148225469728603 0.036153846153846154 0.07411273486430063
0 0.8257692307692308 0.2896659707724426 0.11384615384615385 0.05636743215031315
0 0.7915384615384615 0.027661795407098122 0.11692307692307692 0.055323590814196244
0 0.47846153846153844 0.3048016701461378 0.1123076923076923 0.09603340292275574
0 0.4546153846153846 0.03288100208768267 0.10692307692307693 0.06576200417536535
0 0.9415384615384615 0.30427974947807934 0.10846153846153846 0.07933194154488518
0 0.36730769230769234 0.31837160751565763 0.11153846153846154 0.07933194154488518
0 0.04692307692307692 0.32828810020876825 0.09384615384615384 0.0824634655532359
0 0.15153846153846154 0.3324634655532359 0.11 0.07515657620041753
0 0.5996153846153847 0.3277661795407098 0.10846153846153846 0.07724425887265135
0 0.25846153846153846 0.33716075156576203 0.1076923076923077 0.0824634655532359
0 0.7096153846153846 0.3324634655532359 0.11461538461538462 0.08455114822546973
0 0.8265384615384616 0.33507306889352817 0.11307692307692307 0.0511482254697286
0 0.03576923076923077 0.04592901878914405 0.07153846153846154 0.07306889352818371
0 0.5153846153846153 0.35803757828810023 0.05307692307692308 0.0407098121085595
0 0.41115384615384615 0.38778705636743216 0.031538461538461536 0.06993736951983298
0 0.34807692307692306 0.042275574112734866 0.10923076923076923 0.08037578288100208
0 0.07038461538461538 0.3977035490605428 0.02923076923076923 0.06993736951983298
0 0.9838461538461538 0.3757828810020877 0.02846153846153846 0.07411273486430063
0 0.37423076923076926 0.39091858037578286 0.03230769230769231 0.0709812108559499
0 0.44769230769230767 0.3893528183716075 0.03769230769230769 0.07306889352818371
0 0.9426923076923077 0.3794363256784969 0.036923076923076927 0.07515657620041753
0 0.9053846153846153 0.38204592901878914 0.036153846153846154 0.07411273486430063
0 0.1930769230769231 0.39979123173277664 0.03230769230769231 0.0720250521920668
0 0.3415384615384615 0.3966597077244259 0.033846153846153845 0.07306889352818371
0 0.011923076923076923 0.4044885177453027 0.023846153846153847 0.06993736951983298
0 0.039615384615384615 0.40396659707724425 0.031538461538461536 0.06889352818371608
0 0.15576923076923077 0.4034446764091858 0.03538461538461538 0.06784968684759916
0 0.12230769230769231 0.40501043841336115 0.033846153846153845 0.06889352818371608
0 0.8730769230769231 0.3883089770354906 0.03307692307692308 0.07306889352818371
0 0.29730769230769233 0.40396659707724425 0.033846153846153845 0.0720250521920668
0 0.6426923076923077 0.39718162839248433 0.03307692307692308 0.0720250521920668
0 0.8365384615384616 0.3945720250521921 0.031538461538461536 0.07306889352818371
0 0.5161538461538462 0.4024008350730689 0.05076923076923077 0.04384133611691023
0 0.2642307692307692 0.40866388308977036 0.03 0.06889352818371608
0 0.6073076923076923 0.4003131524008351 0.03230769230769231 0.07306889352818371
0 0.5711538461538461 0.40187891440501045 0.03769230769230769 0.07411273486430063
0 0.7588461538461538 0.3987473903966597 0.03076923076923077 0.07411273486430063
0 0.7973076923076923 0.39822546972860123 0.03923076923076923 0.07411273486430063
0 0.2276923076923077 0.4123173277661795 0.036923076923076927 0.06889352818371608
0 0.13230769230769232 0.049582463465553235 0.10307692307692308 0.07515657620041753
0 0.7192307692307692 0.40292275574112735 0.03076923076923077 0.0720250521920668
0 0.683076923076923 0.407098121085595 0.033846153846153845 0.0709812108559499
0 0.3780769230769231 0.4639874739039666 0.1123076923076923 0.08350730688935282
0 0.5003846153846154 0.4618997912317328 0.10923076923076923 0.07724425887265135
0 0.05076923076923077 0.47286012526096033 0.10153846153846154 0.07724425887265135
0 0.9473076923076923 0.4551148225469729 0.10384615384615385 0.08037578288100208
0 0.15692307692307692 0.4754697286012526 0.10923076923076923 0.07620041753653445
0 0.26692307692307693 0.4791231732776618 0.11 0.08037578288100208
0 0.838076923076923 0.4660751565762004 0.11384615384615385 0.0824634655532359
0 0.6123076923076923 0.4733820459290188 0.11 0.07933194154488518
0 0.6803846153846154 0.04384133611691023 0.11307692307692307 0.08663883089770355
0 0.725 0.47494780793319413 0.11384615384615385 0.081419624217119
0 0.24615384615384617 0.05897703549060543 0.10153846153846154 0.0720250521920668
0 0.4230769230769231 0.5323590814196242 0.03076923076923077 0.06889352818371608
0 0.4626923076923077 0.5328810020876826 0.03307692307692308 0.07411273486430063
0 0.09384615384615384 0.5448851774530271 0.03230769230769231 0.06889352818371608
0 0.05384615384615385 0.545929018789144 0.031538461538461536 0.0709812108559499
0 0.4969230769230769 0.5360125260960334 0.036923076923076927 0.06889352818371608
0 0.024615384615384615 0.5469728601252609 0.02846153846153846 0.06993736951983298
0 0.37961538461538463 0.5396659707724426 0.03461538461538462 0.07411273486430063
0 0.9873076923076923 0.5250521920668059 0.025384615384615384 0.0709812108559499
0 0.5330769230769231 0.5370563674321504 0.031538461538461536 0.0720250521920668
0 0.20038461538461538 0.545929018789144 0.03230769230769231 0.07306889352818371
0 0.3423076923076923 0.5427974947807933 0.03538461538461538 0.0709812108559499
0 0.16653846153846155 0.5474947807933194 0.03230769230769231 0.06993736951983298
0 0.13076923076923078 0.5485386221294363 0.03461538461538462 0.0720250521920668
0 0.9615384615384616 0.5297494780793319 0.03461538461538462 0.07306889352818371
0 0.31076923076923074 0.5469728601252609 0.03076923076923077 0.06784968684759916
0 0.928076923076923 0.5323590814196242 0.03461538461538462 0.07411273486430063
0 0.27 0.5506263048016702 0.03307692307692308 0.06784968684759916
0 0.6507692307692308 0.5433194154488518 0.03307692307692308 0.07515657620041753
0 0.8815384615384615 0.5391440501043842 0.033846153846153845 0.07515657620041753
0 0.6161538461538462 0.5454070981210856 0.036153846153846154 0.0720250521920668
0 0.23461538461538461 0.5548016701461378 0.03307692307692308 0.06889352818371608
0 0.8476923076923077 0.5407098121085595 0.03307692307692308 0.07515657620041753
0 0.7726923076923077 0.5443632567849687 0.03076923076923077 0.07411273486430063
0 0.8115384615384615 0.5448851774530271 0.03461538461538462 0.07306889352818371
0 0.5757692307692308 0.5521920668058455 0.031538461538461536 0.05741127348643006
0 0.7261538461538461 0.5485386221294363 0.03307692307692308 0.0720250521920668
0 0.6926923076923077 0.5521920668058455 0.03461538461538462 0.0720250521920668
0 0.5030769230769231 0.6064718162839249 0.1076923076923077 0.07515657620041753
0 0.3853846153846154 0.6116910229645094 0.1123076923076923 0.08559498956158663
0 0.05384615384615385 0.6195198329853863 0.09846153846153846 0.07306889352818371
0 0.16423076923076924 0.6205636743215032 0.11 0.07306889352818371
0 0.953076923076923 0.6038622129436325 0.09384615384615384 0.08455114822546973
0 0.27384615384615385 0.6221294363256785 0.1076923076923077 0.08037578288100208
0 0.6184615384615385 0.6210855949895616 0.11384615384615385 0.07828810020876827
0 0.8507692307692307 0.6169102296450939 0.11307692307692307 0.08037578288100208
0 0.7369230769230769 0.6205636743215032 0.11 0.07620041753653445
0 0.5684615384615385 0.06367432150313153 0.1076923076923077 0.054279749478079335
0 0.4626923076923077 0.6758872651356994 0.03461538461538462 0.07411273486430063
0 0.42923076923076925 0.6790187891440501 0.031538461538461536 0.07411273486430063
0 0.5034615384615385 0.6779749478079332 0.033846153846153845 0.07411273486430063
0 0.5373076923076923 0.6811064718162839 0.031538461538461536 0.07306889352818371
0 0.10230769230769231 0.69258872651357 0.03461538461538462 0.06889352818371608
0 0.065 0.6941544885177453 0.033846153846153845 0.0720250521920668
0 0.17153846153846153 0.6920668058455115 0.03538461538461538 0.0720250521920668
0 0.13807692307692307 0.6936325678496869 0.03230769230769231 0.07411273486430063
0 0.025384615384615384 0.6962421711899791 0.036923076923076927 0.07515657620041753
0 0.20423076923076924 0.6931106471816284 0.02923076923076923 0.06889352818371608
0 0.3803846153846154 0.6889352818371608 0.03230769230769231 0.0720250521920668
0 0.3088461538461538 0.6920668058455115 0.031538461538461536 0.0720250521920668
0 0.9907692307692307 0.6764091858037579 0.018461538461538463 0.07515657620041753
0 0.3465384615384615 0.69258872651357 0.03076923076923077 0.0720250521920668
0 0.963076923076923 0.6784968684759917 0.031538461538461536 0.07620041753653445
0 0.27115384615384613 0.6962421711899791 0.03 0.0720250521920668
0 0.93 0.6821503131524008 0.03461538461538462 0.07620041753653445
0 0.23807692307692307 0.6998956158663883 0.033846153846153845 0.07306889352818371
0 0.6188461538461538 0.6936325678496869 0.033846153846153845 0.06993736951983298
0 0.8934615384615384 0.6873695198329853 0.03538461538461538 0.07306889352818371
0 0.6561538461538462 0.6936325678496869 0.036153846153846154 0.06784968684759916
0 0.745 0.691544885177453 0.02923076923076923 0.06784968684759916
0 0.7796153846153846 0.6910229645093946 0.036923076923076927 0.06889352818371608
0 0.6965384615384616 0.6941544885177453 0.036153846153846154 0.06993736951983298
0 0.5853846153846154 0.6967640918580376 0.03538461538461538 0.07306889352818371
0 0.8523076923076923 0.691544885177453 0.03307692307692308 0.07411273486430063
0 0.8196153846153846 0.6941544885177453 0.033846153846153845 0.07620041753653445
0 0.5065384615384615 0.7541753653444676 0.11384615384615385 0.08350730688935282
0 0.060384615384615384 0.7682672233820459 0.10923076923076923 0.07724425887265135
0 0.3903846153846154 0.7604384133611691 0.10923076923076923 0.081419624217119
0 0.28076923076923077 0.7682672233820459 0.11153846153846154 0.0824634655532359
0 0.1696153846153846 0.7719206680584552 0.11 0.07724425887265135
0 0.9553846153846154 0.7552192066805845 0.08923076923076922 0.08455114822546973
0 0.7361538461538462 0.7635699373695198 0.11076923076923077 0.07828810020876827
0 0.6184615384615385 0.7693110647181628 0.11 0.07724425887265135
0 0.8519230769230769 0.7651356993736952 0.11 0.07828810020876827
0 0.4969230769230769 0.08298538622129437 0.033846153846153845 0.0709812108559499
0 0.46615384615384614 0.831419624217119 0.03076923076923077 0.06993736951983298
0 0.4269230769230769 0.8329853862212944 0.03307692307692308 0.07620041753653445
0 0.49884615384615383 0.831419624217119 0.036923076923076927 0.07306889352818371
0 0.03423076923076923 0.8434237995824635 0.033846153846153845 0.0709812108559499
0 0.0673076923076923 0.8434237995824635 0.03461538461538462 0.0720250521920668
0 0.5392307692307692 0.8319415448851775 0.03461538461538462 0.07411273486430063
0 0.3861538461538462 0.8361169102296451 0.03307692307692308 0.07411273486430063
0 0.10692307692307693 0.842901878914405 0.03307692307692308 0.06993736951983298
0 0.21307692307692308 0.8402922755741128 0.02923076923076923 0.0720250521920668
0 0.3169230769230769 0.8387265135699373 0.03307692307692308 0.07515657620041753
0 0.8411538461538461 0.075678496868476 0.03230769230769231 0.07411273486430063
0 0.9569230769230769 0.07306889352818371 0.03538461538461538 0.07620041753653445
0 0.14115384615384616 0.843945720250522 0.033846153846153845 0.0709812108559499
0 0.3523076923076923 0.8392484342379958 0.03461538461538462 0.07411273486430063
0 0.17807692307692308 0.843945720250522 0.03230769230769231 0.0720250521920668
0 0.28115384615384614 0.842901878914405 0.03 0.07306889352818371
0 0.2469230769230769 0.8444676409185804 0.03230769230769231 0.0720250521920668
0 0.775 0.8340292275574113 0.03230769230769231 0.06993736951983298
0 0.9684615384615385 0.8303757828810021 0.031538461538461536 0.07306889352818371
0 0.8980769230769231 0.8329853862212944 0.03 0.06889352818371608
0 0.7015384615384616 0.8387265135699373 0.03230769230769231 0.06993736951983298
0 0.7353846153846154 0.8382045929018789 0.033846153846153845 0.07411273486430063
0 0.9361538461538461 0.8350730688935282 0.031538461538461536 0.07411273486430063
0 0.921923076923077 0.07463465553235908 0.03 0.06784968684759916
0 0.5861538461538461 0.8449895615866388 0.033846153846153845 0.07724425887265135
0 0.6192307692307693 0.8444676409185804 0.033846153846153845 0.07724425887265135
0 0.6634615384615384 0.843945720250522 0.031538461538461536 0.07411273486430063
0 0.8492307692307692 0.8402922755741128 0.031538461538461536 0.07411273486430063
0 0.8134615384615385 0.8444676409185804 0.033846153846153845 0.0709812108559499
0 0.5130769230769231 0.8862212943632568 0.11307692307692307 0.04279749478079332
0 0.06769230769230769 0.8971816283924844 0.10692307692307693 0.0407098121085595
0 0.7984615384615384 0.08194154488517745 0.036923076923076927 0.06680584551148225
0 0.3930769230769231 0.8903966597077244 0.10923076923076923 0.03966597077244259
0 0.1753846153846154 0.8956158663883089 0.10615384615384615 0.037578288100208766
0 0.28307692307692306 0.8950939457202505 0.1076923076923077 0.03444676409185804
0 0.8865384615384615 0.08037578288100208 0.033846153846153845 0.06993736951983298
0 0.4530769230769231 0.09603340292275574 0.03538461538461538 0.07411273486430063
0 0.7607692307692308 0.08977035490605428 0.03769230769230769 0.07411273486430063
0 0.4226923076923077 0.10125260960334029 0.03461538461538462 0.07515657620041753
0 0.3892307692307692 0.10281837160751565 0.03 0.06993736951983298
0 0.05884615384615385 0.1127348643006263 0.03461538461538462 0.06680584551148225