0 0.8825076923076923 0.15415882967607106 0.1775153846153846 0.09836990595611284
0 0.6345384615384615 0.25749216300940436 0.21828461538461538 0.12978056426332288
0 0.8453923076923077 0.27154649947753395 0.2128153846153846 0.11158829676071054
0 0.9765384615384616 0.2769070010449321 0.04692307692307692 0.10658307210031348
0 0.5484461538461538 0.3628840125391849 0.23961538461538462 0.13225705329153598
0 0.7605230769230769 0.3790073145245559 0.20007692307692318 0.11158829676071051
0 0.9315384615384615 0.3793103448275862 0.13692307692307693 0.10240334378265413
0 0.17577692307692308 0.43728317659352145 0.0723769230769231 0.1570532915360501
0 0.42069999999999996 0.49349007314524557 0.07661538461538459 0.16366771159874613
0 0.5004 0.5005120167189133 0.08388461538461535 0.14466039707419023
0 0.8679153846153845 0.5042319749216301 0.07044615384615378 0.1471368861024034
0 0.9817615384615385 0.5058934169278997 0.036476923076923136 0.12564263322884014
0 0.9357538461538462 0.5075444096133752 0.06616153846153863 0.13722048066875647
0 0.5858769230769231 0.510846394984326 0.09540769230769229 0.14548589341692791
0 0.7985076923076923 0.5116718913270638 0.06916153846153844 0.15375130616509924
0 0.3394384615384615 0.5166353187042843 0.08082307692307687 0.16698014629049118
0 0.7379769230769231 0.5166353187042841 0.08561538461538458 0.16036572622779516
0 0.6622307692307692 0.5203552769070011 0.08625384615384606 0.15787878787878784
0 0.9714153846153846 0.6240961337513061 0.057169230769230896 0.09588296760710553
0 0.8809538461538462 0.6282236154649948 0.09652307692307693 0.09919540229885064
0 0.7848307692307692 0.6447648902821316 0.09534615384615379 0.10580982236154649
0 0.6817076923076923 0.6517868338557994 0.10573076923076927 0.1049843260188088
0 0.5122153846153846 0.6563322884012539 0.09048461538461529 0.16531870428422157
0 0.42156923076923075 0.6596342737722047 0.08079230769230768 0.17028213166144204
0 0.5870538461538461 0.6691431556948798 0.08436923076923082 0.15954022988505753
0 0.344 0.6848484848484848 0.07534615384615388 0.16945663531870436
0 0.26216923076923077 0.7154336468129571 0.08085384615384617 0.16945663531870436
0 0.17912307692307694 0.7170846394984326 0.07906153846153845 0.1661546499477534
0 0.09483076923076923 0.7422988505747127 0.08694615384615385 0.16698014629049107
0 0.9642307692307692 0.745559038662487 0.07153846153846154 0.15151515151515152
0 0.9001846153846154 0.753458725182863 0.0692692307692309 0.14300940438871487
0 0.8344153846153847 0.7633751306165099 0.0728153846153845 0.15787878787878779
0 0.769623076923077 0.7712330198537095 0.07588461538461545 0.14878787878787889
0 0.7033076923076923 0.7774294670846394 0.0722615384615385 0.14466039707419023
0 0.026999999999999996 0.7811494252873563 0.05351538461538461 0.10249738766980138
0 0.5557538461538462 0.7968547544409613 0.21893846153846144 0.11572622779519331
0 0.36373846153846157 0.8245454545454546 0.11969230769230767 0.1182027168234066
0 0.2365846153846154 0.8485161964472309 0.12582307692307693 0.10332288401253929
0 0.09543846153846153 0.8667084639498434 0.07843076923076922 0.07852664576802518
0 0.02760769230769231 0.8795193312434693 0.05107692307692308 0.05785788923719947