0 0.724375 0.14986737400530503 0.50875 0.29973474801061006
0 0.42 0.16268788682581786 0.13125 0.3183023872679045
0 0.1090625 0.21794871794871795 0.131875 0.3209549071618037
0 0.2109375 0.20070733863837312 0.125625 0.3165340406719717
0 0.31375 0.18346595932802828 0.12625 0.32272325375773653
0 0.0365625 0.23563218390804597 0.073125 0.3191865605658709
0 0.9625 0.3916887709991158 0.075 0.367816091954023
0 0.7828125 0.43103448275862066 0.126875 0.3704686118479222
0 0.6828125 0.45137046861184793 0.13375 0.376657824933687
0 0.573125 0.47303271441202477 0.1425 0.3863837312113174
0 0.88625 0.41909814323607425 0.130625 0.3748894783377542
0 0.265625 0.5282935455349248 0.53125 0.4482758620689655
0 0.7678125 0.7427055702917772 0.464375 0.3306808134394341
0 0.080625 0.8664898320070734 0.1225 0.26525198938992045
0 0.4840625 0.801945181255526 0.125 0.2634836427939876
0 0.3803125 0.8253757736516357 0.1125 0.24049513704686118
0 0.1828125 0.8616268788682582 0.12125 0.2458001768346596
0 0.2796875 0.8470380194518126 0.12 0.23872679045092837