0 0.9046125 0.8764359861591695 0.07851875000000007 0.057136678200692
0 0.5880562500000001 0.8821539792387543 0.16783750000000006 0.07615916955017298
0 0.45490625 0.8830190311418685 0.07745625000000005 0.05134948096885814
0 0.97956875 0.8853546712802769 0.040862500000000065 0.05942041522491354
0 0.32835625 0.887923875432526 0.16450625000000002 0.0576989619377162
0 0.77399375 0.8887802768166091 0.17195625000000006 0.06536332179930791
0 0.157675 0.8928287197231833 0.1666125 0.05480968858131489
0 0.03328125 0.8948529411764706 0.06622499999999999 0.051929065743944715
0 0.4094625 0.1577941176470588 0.05826875000000001 0.04673010380622836
0 0.38323124999999997 0.21242214532871972 0.11785624999999995 0.055666089965397944
0 0.7514812499999999 0.23395328719723182 0.12786249999999996 0.04673010380622836
0 0.40988125 0.2581833910034602 0.059099999999999965 0.049039792387543205
0 0.5442875 0.29481833910034605 0.036956250000000065 0.09576989619377166
0 0.5074062500000001 0.29597750865051903 0.03572500000000005 0.0969290657439446
0 0.805875 0.2962629757785467 0.030737499999999897 0.08480968858131485
0 0.7046062499999999 0.30030276816609 0.03161249999999995 0.0882698961937716
0 0.38958125000000005 0.30743079584775085 0.11543750000000003 0.04813148788927334
0 0.1030875 0.35800173010380626 0.10329999999999999 0.0490397923875433
0 0.2331125 0.35800173010380626 0.15826250000000003 0.05250000000000005
0 0.41674999999999995 0.35943771626297577 0.1470375 0.04961937716262977
0 0.6130875 0.3738667820069204 0.07618124999999999 0.05076989619377158
0 0.5334875 0.3747318339100346 0.07788124999999994 0.05134948096885814
0 0.8890187500000001 0.38597750865051905 0.07696249999999992 0.05423010380622832
0 0.965 0.38624567474048443 0.07 0.054498269896193774
0 0.7521 0.3894377162629758 0.17079375 0.07384948096885814
0 0.2237375 0.42059688581314875 0.16951875000000002 0.05653979238754327
0 0.06870625000000001 0.42117647058823526 0.137075 0.05653979238754322
0 0.39506250000000004 0.42117647058823526 0.17286249999999995 0.0576989619377163
0 0.58015625 0.44021626297577854 0.17371874999999995 0.0576989619377163
0 0.9637187500000001 0.44701557093425603 0.07256249999999995 0.058503460207612504
0 0.886725 0.44800173010380623 0.07821249999999992 0.05596020761245679
0 0.75189375 0.45204152249134943 0.16787499999999994 0.06865916955017297
0 0.1547625 0.47829584775086503 0.15662500000000001 0.05423010380622842
0 0.031831250000000005 0.4811764705882353 0.06332499999999999 0.05423010380622842
0 0.44758749999999997 0.4817560553633218 0.08031875 0.05192906574394461
0 0.3198375 0.48204152249134946 0.17164375000000004 0.05365916955017299
0 0.53578125 0.5016608996539792 0.08329999999999999 0.05826989619377154
0 0.6199625000000001 0.5016608996539792 0.08076249999999995 0.057119377162629735
0 0.96536875 0.5062110726643598 0.0692625000000001 0.05530276816609002
0 0.8875624999999999 0.5094463667820068 0.0799000000000001 0.0576989619377163
0 0.70794375 0.5114705882352941 0.08413749999999993 0.06057958477508648
0 0.7992125 0.5198356401384082 0.07993750000000005 0.059999999999999915
0 0.07258125 0.5400259515570934 0.14515625 0.05423010380622842
0 0.2318625 0.5420415224913495 0.17243124999999998 0.05596020761245679
0 0.40590000000000004 0.542621107266436 0.17285624999999996 0.05826989619377154
0 0.53640625 0.5616608996539793 0.08288125000000007 0.05480968858131479
0 0.6212125000000001 0.5628114186851211 0.08243124999999991 0.05480968858131479
0 0.91814375 0.5663148788927336 0.16371250000000004 0.060337370242214534
0 0.71294375 0.5706055363321799 0.08413749999999993 0.0576989619377163
0 0.794 0.5760813148788928 0.08118750000000005 0.05826989619377154
0 0.15830624999999998 0.596280276816609 0.15870625 0.05019896193771624
0 0.034456249999999994 0.6000259515570934 0.06890625 0.05423010380622842
0 0.32213125 0.6011851211072664 0.16788750000000005 0.05538927335640136
0 0.45049999999999996 0.605795847750865 0.08448125000000005 0.05423010380622842
0 0.5816125000000001 0.614455017301038 0.16329375000000007 0.04846020761245673
0 0.7502312499999999 0.623970588235294 0.15788749999999993 0.05365916955017299
0 0.9265625 0.6284602076124568 0.146875 0.056228373702422146
0 0.0795375 0.6571453287197232 0.1579125 0.05538927335640136
0 0.41468125 0.6580103806228373 0.16791250000000005 0.05826989619377154
0 0.24415625 0.6606055363321799 0.16867499999999996 0.05653979238754316
0 0.5851375 0.6686851211072664 0.16533749999999997 0.05423010380622842
0 0.75315 0.6770501730103806 0.15955624999999998 0.06057958477508648
0 0.9278875 0.6894982698961937 0.14422500000000013 0.057136678200692
0 0.41718125 0.7159948096885813 0.16791250000000005 0.05884948096885811
0 0.08099375 0.717439446366782 0.160825 0.05480968858131479
0 0.24686875 0.718589965397924 0.16909374999999996 0.05480968858131479
0 0.9271875 0.75 0.145625 0.05709342560553633
0 0.6336999999999999 0.7514792387543253 0.08404999999999994 0.057119377162629735
0 0.54534375 0.7552249134948097 0.08408749999999998 0.05653979238754316
0 0.72419375 0.7641695501730104 0.08413125000000007 0.057119377162629735
0 0.806925 0.7656141868512111 0.08201249999999988 0.05538927335640136
0 0.45594999999999997 0.7725346020761246 0.07954374999999998 0.05538927335640136
0 0.33169375 0.7748442906574394 0.16450625000000002 0.05423010380622842
0 0.16079999999999997 0.7780190311418685 0.16953125 0.05480968858131479
0 0.034943749999999996 0.7800346020761246 0.06956250000000001 0.05423010380622842
0 0.63724375 0.8152335640138408 0.08196874999999998 0.05423010380622842
0 0.8975124999999999 0.8158737024221453 0.08281875000000014 0.05850346020761235
0 0.9721375000000001 0.8167906574394463 0.05572499999999991 0.056678200692041505
0 0.5507625 0.8169636678200691 0.08491874999999993 0.05538927335640136
0 0.8108124999999999 0.8275346020761246 0.07916249999999991 0.05530276816609002
0 0.4234375 0.8282093425605536 0.1612375 0.057119377162629735
0 0.73124375 0.8286764705882353 0.08183750000000004 0.055761245674740514
0 0.25604999999999994 0.8331141868512111 0.16578749999999995 0.05538927335640136
0 0.083075 0.8360034602076124 0.1658125 0.05307958477508642