0 0.8780769230769231 0.1025293586269196 0.19538461538461538 0.13459801264679314
0 0.675 0.13324299909665763 0.2169230769230769 0.14543812104787715
0 0.26384615384615384 0.18337850045167117 0.21076923076923076 0.13911472448057813
0 0.46884615384615386 0.16305329719963865 0.2153846153846154 0.14363143631436315
0 0.08307692307692308 0.2050587172538392 0.16615384615384615 0.13008130081300814
0 0.8834615384615384 0.2199638663053297 0.2023076923076923 0.13640469738030714
0 0.6803846153846154 0.24977416440831074 0.21615384615384614 0.14905149051490515
0 0.08538461538461538 0.3188798554652213 0.17076923076923076 0.13008130081300814
0 0.47307692307692306 0.28184281842818426 0.2123076923076923 0.13821138211382114
0 0.26884615384615385 0.3053297199638663 0.21076923076923076 0.13188798554652212
0 0.8880769230769231 0.3369467028003613 0.21 0.13821138211382114
0 0.6807692307692308 0.3685636856368564 0.2169230769230769 0.14453477868112014
0 0.08653846153846154 0.4313459801264679 0.17307692307692307 0.12917795844625113
0 0.27076923076923076 0.41779584462511293 0.21 0.13730803974706413
0 0.475 0.3970189701897019 0.21307692307692308 0.14182475158084915
0 0.865 0.026648599819331528 0.20384615384615384 0.053297199638663056
0 0.6607692307692308 0.045167118337850046 0.2153846153846154 0.09033423667570009
0 0.8934615384615384 0.453929539295393 0.21307692307692308 0.13640469738030714
0 0.4511538461538461 0.056910569105691054 0.21153846153846154 0.11382113821138211
0 0.08692307692307692 0.54516711833785 0.17384615384615384 0.13098464317976513
0 0.6846153846153846 0.4869015356820235 0.21923076923076923 0.14634146341463414
0 0.27192307692307693 0.533423667570009 0.21076923076923076 0.13459801264679314
0 0.47884615384615387 0.5158084914182475 0.21153846153846154 0.13640469738030714
0 0.2530769230769231 0.07588075880758807 0.2 0.12375790424570912
0 0.07846153846153846 0.09530261969286359 0.15692307692307692 0.12375790424570912
0 0.8965384615384615 0.5722673893405601 0.20692307692307693 0.13821138211382114
0 0.09153846153846154 0.6598915989159891 0.17 0.13008130081300814
0 0.6896153846153846 0.6034327009936766 0.21615384615384614 0.14182475158084915
0 0.27807692307692305 0.6463414634146342 0.21 0.13911472448057813
0 0.48384615384615387 0.6278229448961157 0.21307692307692308 0.14092140921409213
0 0.09807692307692308 0.7732610659439928 0.16615384615384615 0.13188798554652212
0 0.8973076923076924 0.6906052393857272 0.2053846153846154 0.14182475158084915
0 0.28115384615384614 0.7642276422764228 0.21153846153846154 0.13821138211382114
0 0.6923076923076923 0.7231255645889793 0.21769230769230768 0.14724480578139115
0 0.4857692307692308 0.7475158084914183 0.2123076923076923 0.14001806684733514
0 0.10576923076923077 0.8920505871725384 0.16307692307692306 0.12466124661246612
0 0.8988461538461539 0.8125564588979223 0.2023076923076923 0.14001806684733514
0 0.28307692307692306 0.8839205058717254 0.20307692307692307 0.13369467028003612
0 0.48846153846153845 0.8640469738030714 0.20692307692307693 0.13550135501355012
0 0.6957692307692308 0.8455284552845529 0.21615384615384614 0.12827461607949414