0 0.6007692307692307 0.14509394572025053 0.15153846153846154 0.12317327766179541
0 0.7365384615384616 0.13413361169102297 0.046153846153846156 0.10020876826722339
0 0.693076923076923 0.13987473903966596 0.05 0.10334029227557412
0 0.7796153846153846 0.13413361169102297 0.05 0.09812108559498957
0 0.011923076923076923 0.23173277661795408 0.023846153846153847 0.10020876826722339
0 0.45653846153846156 0.1779749478079332 0.14923076923076922 0.12212943632567849
0 0.823076923076923 0.1372651356993737 0.05153846153846154 0.10334029227557412
0 0.8673076923076923 0.13413361169102297 0.04923076923076923 0.10438413361169102
0 0.9511538461538461 0.12473903966597077 0.05153846153846154 0.10125260960334029
0 0.12538461538461537 0.22494780793319416 0.04846153846153846 0.09707724425887265
0 0.36346153846153845 0.1967640918580376 0.05076923076923077 0.10020876826722339
0 0.16846153846153847 0.22025052192066805 0.05076923076923077 0.09916492693110647
0 0.20923076923076922 0.21816283924843424 0.046153846153846156 0.09707724425887265
0 0.9084615384615384 0.13517745302713988 0.04692307692307692 0.10334029227557412
0 0.04346153846153846 0.23799582463465555 0.05307692307692308 0.09916492693110647
0 0.08576923076923076 0.23434237995824633 0.04923076923076923 0.09707724425887265
0 0.31961538461538463 0.2082463465553236 0.04692307692307692 0.09812108559498957
0 0.26576923076923076 0.24008350730688935 0.07307692307692308 0.06263048016701461
0 0.26576923076923076 0.049582463465553235 0.14461538461538462 0.06367432150313153
0 0.556923076923077 0.24217118997912318 0.05 0.10020876826722339
0 0.6115384615384616 0.23903966597077245 0.052307692307692305 0.10125260960334029
0 0.7065384615384616 0.2348643006263048 0.15153846153846154 0.1127348643006263
0 0.5103846153846154 0.26043841336116913 0.04692307692307692 0.09916492693110647
0 0.4584615384615385 0.2719206680584551 0.052307692307692305 0.10334029227557412
0 0.8015384615384615 0.23329853862212943 0.04923076923076923 0.10020876826722339
0 0.8469230769230769 0.23225469728601253 0.04923076923076923 0.09812108559498957
0 0.9707692307692307 0.2186847599164927 0.031538461538461536 0.09707724425887265
0 0.1423076923076923 0.31837160751565763 0.05 0.10020876826722339
0 0.021538461538461538 0.33298538622129437 0.043076923076923075 0.10020876826722339
0 0.06153846153846154 0.32933194154488515 0.046153846153846156 0.09394572025052192
0 0.18269230769230768 0.3168058455114823 0.047692307692307694 0.10334029227557412
0 0.3569230769230769 0.29592901878914407 0.14846153846153845 0.11899791231732777
0 0.9342307692307692 0.22860125260960334 0.04846153846153846 0.10334029227557412
0 0.8919230769230769 0.23382045929018788 0.04692307692307692 0.09603340292275574
0 0.10192307692307692 0.32828810020876825 0.04461538461538461 0.09812108559498957
0 0.22384615384615383 0.3157620041753653 0.04846153846153846 0.09707724425887265
0 0.26653846153846156 0.31524008350730687 0.047692307692307694 0.09916492693110647
0 0.6223076923076923 0.33507306889352817 0.15538461538461537 0.11899791231732777
0 0.7257692307692307 0.3298538622129436 0.05 0.10020876826722339
0 0.7684615384615384 0.3303757828810021 0.05153846153846154 0.10020876826722339
0 0.465 0.36899791231732776 0.14846153846153845 0.11795407098121086
0 0.811923076923077 0.3288100208768267 0.047692307692307694 0.09812108559498957
0 0.8546153846153847 0.32724425887265135 0.04923076923076923 0.10020876826722339
0 0.031153846153846153 0.4253653444676409 0.04461538461538461 0.09394572025052192
0 0.16038461538461538 0.4123173277661795 0.04846153846153846 0.09707724425887265
0 0.07 0.4232776617954071 0.045384615384615384 0.09707724425887265
0 0.11346153846153846 0.4201461377870564 0.04384615384615385 0.09707724425887265
0 0.9769230769230769 0.3173277661795407 0.03230769230769231 0.09812108559498957
0 0.36923076923076925 0.3914405010438413 0.04846153846153846 0.09394572025052192
0 0.8992307692307693 0.3298538622129436 0.05 0.10020876826722339
0 0.32846153846153847 0.3977035490605428 0.047692307692307694 0.09707724425887265
0 0.20307692307692307 0.4133611691022965 0.04923076923076923 0.09498956158663883
0 0.943076923076923 0.325678496868476 0.04923076923076923 0.10020876826722339
0 0.24384615384615385 0.40970772442588727 0.04923076923076923 0.10020876826722339
0 0.28423076923076923 0.4081419624217119 0.05076923076923077 0.10125260960334029
0 0.5784615384615385 0.43162839248434237 0.04923076923076923 0.09916492693110647
0 0.6284615384615385 0.4290187891440501 0.05 0.09812108559498957
0 0.5346153846153846 0.44676409185803756 0.052307692307692305 0.10125260960334029
0 0.7265384615384616 0.430062630480167 0.14846153846153845 0.12004175365344467
0 0.4776923076923077 0.4603340292275574 0.047692307692307694 0.10125260960334029
0 0.013461538461538462 0.5193110647181628 0.026923076923076925 0.09707724425887265
0 0.82 0.42379958246346555 0.052307692307692305 0.09916492693110647
0 0.16653846153846155 0.505741127348643 0.047692307692307694 0.09812108559498957
0 0.08653846153846154 0.5156576200417536 0.047692307692307694 0.09916492693110647
0 0.8661538461538462 0.4232776617954071 0.05153846153846154 0.10020876826722339
0 0.04461538461538461 0.5208768267223383 0.05076923076923077 0.09812108559498957
0 0.20807692307692308 0.5041753653444676 0.04846153846153846 0.09707724425887265
0 0.91 0.4222338204592902 0.05076923076923077 0.10020876826722339
0 0.12692307692307692 0.5151356993736952 0.046153846153846156 0.09812108559498957
0 0.3869230769230769 0.48434237995824636 0.15153846153846154 0.12004175365344467
0 0.24846153846153846 0.5020876826722338 0.05076923076923077 0.10438413361169102
0 0.9557692307692308 0.4211899791231733 0.05384615384615385 0.1022964509394572
0 0.2915384615384615 0.5 0.052307692307692305 0.09812108559498957
0 0.6430769230769231 0.5245302713987474 0.15615384615384614 0.12317327766179541
0 0.7396153846153846 0.5229645093945721 0.047692307692307694 0.10020876826722339
0 0.5353846153846153 0.05010438413361169 0.04384615384615385 0.10020876826722339
0 0.48846153846153845 0.5553235908141962 0.15384615384615385 0.12630480167014613
0 0.785 0.5224425887265136 0.052307692307692305 0.10125260960334029
0 0.021538461538461538 0.6137787056367432 0.03769230769230769 0.09707724425887265
0 0.83 0.5198329853862212 0.05307692307692308 0.1022964509394572
0 0.09769230769230769 0.6080375782881002 0.05 0.09603340292275574
0 0.18307692307692308 0.5996868475991649 0.052307692307692305 0.09916492693110647
0 0.8773076923076923 0.5177453027139874 0.055384615384615386 0.09916492693110647
0 0.22538461538461538 0.5965553235908142 0.05153846153846154 0.09916492693110647
0 0.05692307692307692 0.6163883089770354 0.046153846153846156 0.09916492693110647
0 0.1423076923076923 0.6080375782881002 0.05 0.09812108559498957
0 0.3934615384615385 0.5819415448851775 0.05076923076923077 0.10020876826722339
0 0.926923076923077 0.5193110647181628 0.05307692307692308 0.1022964509394572
0 0.27 0.5970772442588727 0.05153846153846154 0.10125260960334029
0 0.3503846153846154 0.5876826722338204 0.04846153846153846 0.09812108559498957
0 0.31 0.5970772442588727 0.046153846153846156 0.10020876826722339
0 0.9730769230769231 0.5198329853862212 0.05384615384615385 0.10438413361169102
0 0.58 0.049582463465553235 0.05076923076923077 0.09916492693110647
0 0.6015384615384616 0.6195198329853863 0.052307692307692305 0.10438413361169102
0 0.6515384615384615 0.6200417536534447 0.04923076923076923 0.1022964509394572
0 0.5357692307692308 0.6409185803757829 0.04923076923076923 0.10020876826722339
0 0.7034615384615385 0.6210855949895616 0.054615384615384614 0.10334029227557412
0 0.7523076923076923 0.6195198329853863 0.05384615384615385 0.1022964509394572
0 0.4773076923076923 0.6529227557411273 0.054615384615384614 0.09916492693110647
0 0.10423076923076922 0.6998956158663883 0.052307692307692305 0.09707724425887265
0 0.025384615384615384 0.7103340292275574 0.03230769230769231 0.09290187891440502
0 0.7992307692307692 0.6200417536534447 0.05076923076923077 0.10020876826722339
0 0.8453846153846154 0.6153444676409185 0.052307692307692305 0.09916492693110647
0 0.18923076923076923 0.6931106471816284 0.04384615384615385 0.09290187891440502
0 0.23 0.6889352818371608 0.05 0.0918580375782881
0 0.43423076923076925 0.6649269311064718 0.04846153846153846 0.09603340292275574
0 0.14653846153846153 0.6998956158663883 0.05153846153846154 0.09707724425887265
0 0.89 0.6116910229645094 0.04923076923076923 0.10438413361169102
0 0.05846153846153846 0.7124217118997912 0.047692307692307694 0.09603340292275574
0 0.3926923076923077 0.6769311064718163 0.04846153846153846 0.10020876826722339
0 0.2696153846153846 0.69258872651357 0.05 0.09603340292275574
0 0.35115384615384615 0.6831941544885177 0.04923076923076923 0.10020876826722339
0 0.6738461538461539 0.05010438413361169 0.1476923076923077 0.10020876826722339
0 0.938076923076923 0.6179540709812108 0.05076923076923077 0.09707724425887265
0 0.9788461538461538 0.615866388308977 0.04230769230769231 0.1022964509394572
0 0.31153846153846154 0.6962421711899791 0.052307692307692305 0.10334029227557412
0 0.6626923076923077 0.7186847599164927 0.1523076923076923 0.12317327766179541
0 0.49423076923076925 0.07359081419624217 0.04923076923076923 0.1022964509394572
0 0.7661538461538462 0.04540709812108559 0.04923076923076923 0.09081419624217119
0 0.7557692307692307 0.714509394572025 0.04846153846153846 0.09812108559498957
0 0.23576923076923076 0.7797494780793319 0.04461538461538461 0.09707724425887265
0 0.03423076923076923 0.8037578288100209 0.03769230769230769 0.09707724425887265
0 0.495 0.7494780793319415 0.15461538461538463 0.1304801670146138
0 0.195 0.7860125260960334 0.047692307692307694 0.10020876826722339
0 0.8003846153846154 0.7150313152400835 0.052307692307692305 0.10020876826722339
0 0.15423076923076923 0.7927974947807933 0.04461538461538461 0.09290187891440502
0 0.07115384615384615 0.8048016701461378 0.04923076923076923 0.09707724425887265
0 0.11269230769230769 0.8006263048016702 0.05076923076923077 0.09603340292275574
0 0.8434615384615385 0.7160751565762005 0.046153846153846156 0.10020876826722339
0 0.89 0.7113778705636743 0.05 0.1022964509394572
0 0.35884615384615387 0.7766179540709812 0.046153846153846156 0.09707724425887265
0 0.40076923076923077 0.7734864300626305 0.05 0.10125260960334029
0 0.2773076923076923 0.7886221294363257 0.04923076923076923 0.10020876826722339
0 0.3180769230769231 0.7860125260960334 0.04692307692307692 0.0918580375782881
0 0.9423076923076923 0.715553235908142 0.04923076923076923 0.1022964509394572
0 0.9819230769230769 0.7113778705636743 0.036153846153846154 0.09916492693110647
0 0.45346153846153847 0.0824634655532359 0.047692307692307694 0.09498956158663883
0 0.012307692307692308 0.1372651356993737 0.024615384615384615 0.09290187891440502
0 0.813076923076923 0.04645093945720251 0.05384615384615385 0.09290187891440502
0 0.8584615384615385 0.04384133611691023 0.05076923076923077 0.08768267223382047
0 0.6223076923076923 0.8136743215031316 0.04692307692307692 0.09916492693110647
0 0.6723076923076923 0.8136743215031316 0.05384615384615385 0.10125260960334029
0 0.5511538461538461 0.8350730688935282 0.04923076923076923 0.10020876826722339
0 0.4938461538461538 0.8507306889352818 0.052307692307692305 0.09916492693110647
0 0.77 0.8178496868475992 0.15153846153846154 0.11899791231732777
0 0.18 0.8883089770354906 0.046153846153846156 0.10020876826722339
0 0.13807692307692307 0.8940501043841336 0.05153846153846154 0.10125260960334029
0 0.22076923076923077 0.8862212943632568 0.04923076923076923 0.09812108559498957
0 0.09692307692307692 0.9018789144050104 0.05153846153846154 0.10020876826722339
0 0.05576923076923077 0.907098121085595 0.055384615384615386 0.10542797494780794
0 0.8680769230769231 0.8121085594989561 0.05 0.1022964509394572
0 0.9476923076923077 0.04018789144050104 0.04923076923076923 0.08037578288100208
0 0.4 0.8695198329853863 0.15 0.11586638830897704
0 0.30653846153846154 0.8804801670146137 0.05384615384615385 0.1022964509394572
0 0.2619230769230769 0.8872651356993737 0.047692307692307694 0.10125260960334029
0 0.9876923076923076 0.8011482254697286 0.024615384615384615 0.09707724425887265
0 0.9565384615384616 0.8105427974947808 0.05153846153846154 0.09081419624217119
0 0.9142307692307692 0.8194154488517745 0.04923076923076923 0.0824634655532359
0 0.3646153846153846 0.1022964509394572 0.14692307692307693 0.12004175365344467
0 0.9015384615384615 0.04384133611691023 0.05076923076923077 0.08768267223382047
0 0.12423076923076923 0.1315240083507307 0.045384615384615384 0.09498956158663883
0 0.08269230769230769 0.13883089770354906 0.047692307692307694 0.09498956158663883
0 0.04269230769230769 0.14665970772442588 0.04230769230769231 0.09290187891440502
0 0.2230769230769231 0.12734864300626306 0.1453846153846154 0.11482254697286012