0 0.06 0.17607105538140022 0.04923076923076923 0.11180773249738767
0 0.15115384615384617 0.16248693834900732 0.05076923076923077 0.109717868338558
0 0.195 0.15517241379310345 0.054615384615384614 0.11180773249738767
0 0.3253846153846154 0.13322884012539185 0.05076923076923077 0.10553814002089865
0 0.36730769230769234 0.12643678160919541 0.05 0.10762800417972831
0 0.23846153846153847 0.14890282131661442 0.05153846153846154 0.11076280041797283
0 0.28192307692307694 0.14211076280041798 0.05307692307692308 0.109717868338558
0 0.9434615384615385 0.08098223615464994 0.05384615384615385 0.11703239289446186
0 0.9061538461538462 0.09665621734587251 0.06307692307692307 0.11389759665621735
0 0.8688461538461538 0.11128526645768025 0.06153846153846154 0.11389759665621735
0 0.828076923076923 0.12695924764890282 0.055384615384615386 0.11076280041797283
0 0.37384615384615383 0.20428422152560083 0.1853846153846154 0.08672936259143156
0 0.7853846153846153 0.13740856844305122 0.05307692307692308 0.11389759665621735
0 0.048846153846153845 0.26280041797283177 0.09769230769230769 0.07836990595611286
0 0.64 0.0073145245559038665 0.046153846153846156 0.014629049111807733
0 0.5961538461538461 0.0109717868338558 0.04153846153846154 0.0219435736677116
0 0.7038461538461539 0.15308254963427378 0.047692307692307694 0.10867293625914315
0 0.19346153846153846 0.2387669801462905 0.1853846153846154 0.08254963427377221
0 0.7438461538461538 0.14785788923719959 0.05384615384615385 0.11180773249738767
0 0.6626923076923077 0.16353187042842215 0.055384615384615386 0.11703239289446186
0 0.6192307692307693 0.1724137931034483 0.05307692307692308 0.109717868338558
0 0.5353846153846153 0.1896551724137931 0.054615384615384614 0.11076280041797283
0 0.578076923076923 0.18286311389759666 0.05076923076923077 0.10867293625914315
0 0.5557692307692308 0.015151515151515152 0.04384615384615385 0.030303030303030304
0 0.49038461538461536 0.19958202716823406 0.05307692307692308 0.10867293625914315
0 0.4703846153846154 0.024033437826541274 0.04230769230769231 0.04806687565308255
0 0.5134615384615384 0.02037617554858934 0.045384615384615384 0.04075235109717868
0 0.3830769230769231 0.2607105538140021 0.18846153846153846 0.08881922675026123
0 0.2 0.29310344827586204 0.18769230769230769 0.0877742946708464
0 0.04923076923076923 0.3207941483803553 0.09846153846153846 0.08150470219435736
0 0.036923076923076927 0.10188087774294671 0.07384615384615385 0.06792058516196448
0 0.1776923076923077 0.07784743991640543 0.1853846153846154 0.08463949843260188
0 0.3607692307692308 0.04806687565308255 0.18692307692307691 0.08568443051201671
0 0.9096153846153846 0.20480668756530826 0.14384615384615385 0.14420062695924765
0 0.7484615384615385 0.25182863113897597 0.18923076923076923 0.13793103448275862
0 0.5711538461538461 0.28735632183908044 0.19153846153846155 0.13584117032392895
0 0.4323076923076923 0.33124346917450365 0.05384615384615385 0.11076280041797283
0 0.3892307692307692 0.3390804597701149 0.04923076923076923 0.11076280041797283
0 0.3484615384615385 0.3484848484848485 0.05 0.109717868338558
0 0.009615384615384616 0.406478578892372 0.019230769230769232 0.11076280041797283
0 0.3030769230769231 0.3573667711598746 0.05076923076923077 0.109717868338558
0 0.03884615384615384 0.40282131661442006 0.04923076923076923 0.109717868338558
0 0.26 0.3667711598746082 0.05153846153846154 0.10867293625914315
0 0.21884615384615386 0.37460815047021945 0.047692307692307694 0.11076280041797283
0 0.08423076923076923 0.39759665621734586 0.05692307692307692 0.11180773249738767
0 0.13115384615384615 0.39132706374085685 0.05076923076923077 0.11180773249738767
0 0.17653846153846153 0.3850574712643678 0.05384615384615385 0.11076280041797283
0 0.9619230769230769 0.29310344827586204 0.055384615384615386 0.11180773249738767
0 0.9230769230769231 0.3077324973876698 0.06230769230769231 0.11703239289446186
0 0.8784615384615385 0.32027168234064785 0.05846153846153846 0.10658307210031348
0 0.838076923076923 0.33699059561128525 0.054615384615384614 0.11076280041797283
0 0.7957692307692308 0.34796238244514105 0.054615384615384614 0.11076280041797283
0 0.7103846153846154 0.36415882967607105 0.05 0.10762800417972831
0 0.7530769230769231 0.35841170323928945 0.05 0.10762800417972831
0 0.6303846153846154 0.38035527690700105 0.05076923076923077 0.10658307210031348
0 0.6707692307692308 0.3735632183908046 0.04923076923076923 0.10867293625914315
0 0.5869230769230769 0.3887147335423197 0.05 0.109717868338558
0 0.5492307692307692 0.39707419017763845 0.04923076923076923 0.11076280041797283
0 0.5076923076923077 0.4054336468129572 0.05 0.10867293625914315
0 0.39807692307692305 0.44357366771159873 0.18923076923076923 0.13688610240334378
0 0.06192307692307692 0.5041797283176593 0.12384615384615384 0.12852664576802508
0 0.2173076923076923 0.48066875653082547 0.19230769230769232 0.13688610240334378
0 0.9226923076923077 0.4148380355276907 0.15461538461538463 0.14629049111807732
0 0.7646153846153846 0.45977011494252873 0.1853846153846154 0.13375130616509928
0 0.583076923076923 0.49582027168234066 0.19076923076923077 0.13793103448275862
0 0.4411538461538462 0.5376175548589341 0.052307692307692305 0.10867293625914315
0 0.3996153846153846 0.5470219435736677 0.052307692307692305 0.11180773249738767
0 0.022692307692307692 0.6107628004179728 0.04153846153846154 0.10762800417972831
0 0.3573076923076923 0.5579937304075235 0.05153846153846154 0.11180773249738767
0 0.2734615384615385 0.5736677115987461 0.04923076923076923 0.109717868338558
0 0.3169230769230769 0.5663531870428422 0.05307692307692308 0.10762800417972831
0 0.05730769230769231 0.6102403343782654 0.04923076923076923 0.11076280041797283
0 0.23153846153846153 0.5825496342737722 0.04923076923076923 0.10867293625914315
0 0.09884615384615385 0.6055381400208987 0.05076923076923077 0.11076280041797283
0 0.19230769230769232 0.589864158829676 0.05 0.109717868338558
0 0.15076923076923077 0.5977011494252874 0.05153846153846154 0.10867293625914315
0 0.9815384615384616 0.4947753396029258 0.036923076923076927 0.11389759665621735
0 0.9523076923076923 0.509926854754441 0.06153846153846154 0.11494252873563218
0 0.91 0.5256008359456635 0.057692307692307696 0.11494252873563218
0 0.87 0.5402298850574713 0.05692307692307692 0.11180773249738767
0 0.78 0.5616509926854755 0.05 0.10553814002089865
0 0.8234615384615385 0.5543364681295716 0.054615384615384614 0.11076280041797283
0 0.6976923076923077 0.5752351097178683 0.052307692307692305 0.10762800417972831
0 0.7396153846153846 0.5684430512016719 0.04846153846153846 0.1044932079414838
0 0.6488461538461539 0.5862068965517241 0.052307692307692305 0.10762800417972831
0 0.6065384615384616 0.5956112852664577 0.05153846153846154 0.10867293625914315
0 0.5673076923076923 0.603448275862069 0.05 0.10867293625914315
0 0.5261538461538462 0.61337513061651 0.05384615384615385 0.10762800417972831
0 0.4153846153846154 0.64576802507837 0.19230769230769232 0.14315569487983282
0 0.2323076923076923 0.6859979101358412 0.19384615384615383 0.13584117032392895
0 0.07384615384615385 0.713166144200627 0.12461538461538461 0.12748171368861025
0 0.8865384615384615 0.03709508881922675 0.15307692307692308 0.0741901776384535
0 0.9338461538461539 0.619644723092999 0.13230769230769232 0.14629049111807732
0 0.7865384615384615 0.6630094043887147 0.18692307692307691 0.12957157784743992
0 0.6030769230769231 0.6964472309299895 0.19153846153846155 0.13688610240334378
0 0.46615384615384614 0.7413793103448276 0.05 0.11180773249738767
0 0.4238461538461539 0.7486938349007315 0.05 0.10762800417972831
0 0.37961538461538463 0.7601880877742947 0.04923076923076923 0.10867293625914315
0 0.33576923076923076 0.7706374085684431 0.052307692307692305 0.11389759665621735
0 0.04230769230769231 0.822884012539185 0.04230769230769231 0.11076280041797283
0 0.29307692307692307 0.7816091954022989 0.04846153846153846 0.10867293625914315
0 0.20961538461538462 0.7957157784743991 0.04923076923076923 0.11076280041797283
0 0.25115384615384617 0.7894461859979102 0.05307692307692308 0.11180773249738767
0 0.1676923076923077 0.8045977011494253 0.05076923076923077 0.11076280041797283
0 0.08192307692307692 0.8197492163009404 0.05 0.11285266457680251
0 0.12153846153846154 0.8160919540229885 0.05153846153846154 0.109717868338558
0 0.9880769230769231 0.7011494252873564 0.023846153846153847 0.11494252873563218
0 0.9623076923076923 0.7178683385579937 0.055384615384615386 0.11389759665621735
0 0.9265384615384615 0.7340647857889238 0.05846153846153846 0.11076280041797283
0 0.7119230769230769 0.776907001044932 0.05153846153846154 0.10762800417972831
0 0.8865384615384615 0.7476489028213166 0.05923076923076923 0.12016718913270637
0 0.7576923076923077 0.7701149425287356 0.05 0.10553814002089865
0 0.801923076923077 0.7654127481713688 0.05153846153846154 0.11076280041797283
0 0.8461538461538461 0.7591431556948798 0.054615384615384614 0.11076280041797283
0 0.6680769230769231 0.7894461859979102 0.05153846153846154 0.11076280041797283
0 0.6211538461538462 0.7983281086729362 0.05307692307692308 0.11180773249738767
0 0.5769230769230769 0.8087774294670846 0.05076923076923077 0.109717868338558
0 0.535 0.8187042842215256 0.052307692307692305 0.10762800417972831
0 0.7280769230769231 0.055381400208986416 0.18846153846153846 0.11076280041797283
0 0.4196153846153846 0.8563218390804598 0.1946153846153846 0.14106583072100312
0 0.2373076923076923 0.8970741901776385 0.18692307692307691 0.13584117032392895
0 0.08653846153846154 0.9237199582027168 0.11076923076923077 0.12330198537095088
0 0.9388461538461539 0.7957157784743991 0.12230769230769231 0.09717868338557993
0 0.7923076923076923 0.8385579937304075 0.18461538461538463 0.0741901776384535
0 0.6096153846153847 0.8714733542319749 0.1823076923076923 0.06687565308254964
0 0.546923076923077 0.08568443051201671 0.19230769230769232 0.13793103448275862
0 0.10730769230769231 0.16614420062695925 0.05153846153846154 0.10553814002089865
0 0.021538461538461538 0.180773249738767 0.043076923076923075 0.10867293625914315
0 0.4103846153846154 0.11598746081504702 0.05307692307692308 0.11076280041797283