0 0.703076923076923 0.17398119122257052 0.057692307692307696 0.11494252873563218
0 0.6469230769230769 0.17659352142110762 0.05692307692307692 0.12016718913270637
0 0.7619230769230769 0.180773249738767 0.05923076923076923 0.11703239289446186
0 0.5876923076923077 0.17711598746081506 0.06076923076923077 0.12121212121212122
0 0.8234615384615385 0.1839080459770115 0.06076923076923077 0.11703239289446186
0 0.8857692307692308 0.18599791013584116 0.06 0.11494252873563218
0 0.35115384615384615 0.17398119122257052 0.06076923076923077 0.1180773249738767
0 0.46923076923076923 0.17711598746081506 0.05846153846153846 0.12016718913270637
0 0.5276923076923077 0.1781609195402299 0.05692307692307692 0.11598746081504702
0 0.11653846153846154 0.16875653082549635 0.05846153846153846 0.12121212121212122
0 0.2919230769230769 0.17345872518286312 0.05846153846153846 0.11912225705329153
0 0.1753846153846154 0.17136886102403343 0.06 0.11912225705329153
0 0.23461538461538461 0.1724137931034483 0.05846153846153846 0.12016718913270637
0 0.9853846153846154 0.19070010449320793 0.02923076923076923 0.11389759665621735
0 0.05846153846153846 0.16927899686520376 0.05846153846153846 0.11912225705329153
0 0.41 0.17763845350052246 0.06 0.11912225705329153
0 0.9411538461538461 0.1922675026123302 0.057692307692307696 0.11285266457680251
0 0.6942307692307692 0.28996865203761757 0.05692307692307692 0.11389759665621735
0 0.6365384615384615 0.29258098223615464 0.05923076923076923 0.11494252873563218
0 0.7519230769230769 0.296760710553814 0.05846153846153846 0.1180773249738767
0 0.813076923076923 0.2993730407523511 0.055384615384615386 0.11389759665621735
0 0.87 0.3019853709508882 0.05846153846153846 0.11703239289446186
0 0.9753846153846154 0.30355276907001044 0.04923076923076923 0.11389759665621735
0 0.34384615384615386 0.2894461859979101 0.06076923076923077 0.11598746081504702
0 0.5196153846153846 0.2936259143155695 0.05923076923076923 0.11494252873563218
0 0.5776923076923077 0.29519331243469177 0.05923076923076923 0.11494252873563218
0 0.9242307692307692 0.30407523510971785 0.05923076923076923 0.11389759665621735
0 0.22923076923076924 0.2878787878787879 0.057692307692307696 0.1180773249738767
0 0.28692307692307695 0.2894461859979101 0.05692307692307692 0.11389759665621735
0 0.17153846153846153 0.28735632183908044 0.05692307692307692 0.11389759665621735
0 0.11461538461538462 0.28631138975966564 0.055384615384615386 0.10867293625914315
0 0.46115384615384614 0.2946708463949843 0.055384615384615386 0.11076280041797283
0 0.06 0.2852664576802508 0.05846153846153846 0.10867293625914315
0 0.40307692307692305 0.2946708463949843 0.05846153846153846 0.11598746081504702
0 0.693076923076923 0.4059561128526646 0.06 0.11703239289446186
0 0.6338461538461538 0.40752351097178685 0.05692307692307692 0.11389759665621735
0 0.05884615384615385 0.3960292580982236 0.06076923076923077 0.11285266457680251
0 0.8096153846153846 0.41431556948798326 0.06 0.11285266457680251
0 0.11384615384615385 0.39759665621734586 0.057692307692307696 0.11389759665621735
0 0.9761538461538461 0.41901776384535006 0.047692307692307694 0.11703239289446186
0 0.5192307692307693 0.40804597701149425 0.05692307692307692 0.11494252873563218
0 0.46076923076923076 0.4070010449320794 0.057692307692307696 0.11703239289446186
0 0.5769230769230769 0.4096133751306165 0.057692307692307696 0.11285266457680251
0 0.9215384615384615 0.41849529780564265 0.05307692307692308 0.11180773249738767
0 0.8688461538461538 0.4174503657262278 0.05692307692307692 0.11389759665621735
0 0.3453846153846154 0.4054336468129572 0.05846153846153846 0.11285266457680251
0 0.7507692307692307 0.4148380355276907 0.06153846153846154 0.11598746081504702
0 0.2296153846153846 0.40282131661442006 0.05923076923076923 0.11285266457680251
0 0.28846153846153844 0.4043887147335423 0.06 0.11703239289446186
0 0.17192307692307693 0.40177638453500525 0.05923076923076923 0.11494252873563218
0 0.4015384615384615 0.40752351097178685 0.055384615384615386 0.11180773249738767
0 0.6292307692307693 0.5203761755485894 0.05692307692307692 0.10762800417972831
0 0.6857692307692308 0.5219435736677116 0.05692307692307692 0.1044932079414838
0 0.8561538461538462 0.5261233019853709 0.05692307692307692 0.11076280041797283
0 0.9107692307692308 0.5276907001044933 0.055384615384615386 0.10867293625914315
0 0.9623076923076923 0.5292580982236155 0.057692307692307696 0.10762800417972831
0 0.7992307692307692 0.5266457680250783 0.05846153846153846 0.109717868338558
0 0.3453846153846154 0.5167189132706375 0.057692307692307696 0.11076280041797283
0 0.060384615384615384 0.509926854754441 0.05692307692307692 0.11285266457680251
0 0.11846153846153847 0.5114942528735632 0.05923076923076923 0.11076280041797283
0 0.7415384615384616 0.5266457680250783 0.057692307692307696 0.109717868338558
0 0.5153846153846153 0.5214211076280042 0.05615384615384615 0.11180773249738767
0 0.573076923076923 0.522466039707419 0.05692307692307692 0.11180773249738767
0 0.23153846153846153 0.5151515151515151 0.05692307692307692 0.11076280041797283
0 0.4584615384615385 0.5203761755485894 0.05692307692307692 0.11076280041797283
0 0.17576923076923076 0.5141065830721003 0.057692307692307696 0.1044932079414838
0 0.4026923076923077 0.5198537095088819 0.05846153846153846 0.11076280041797283
0 0.28923076923076924 0.5177638453500523 0.05846153846153846 0.11076280041797283
0 0.6553846153846153 0.05903866248693835 0.06076923076923077 0.11180773249738767
0 0.7165384615384616 0.061128526645768025 0.06 0.11285266457680251
0 0.5976923076923077 0.05956112852664577 0.06153846153846154 0.11598746081504702
0 0.7738461538461539 0.06426332288401254 0.06 0.11703239289446186
0 0.4773076923076923 0.05851619644723093 0.05923076923076923 0.11703239289446186
0 0.24192307692307694 0.05590386624869383 0.05923076923076923 0.11180773249738767
0 0.3019230769230769 0.056948798328108674 0.05923076923076923 0.11389759665621735
0 0.8338461538461538 0.06687565308254964 0.06307692307692307 0.1180773249738767
0 0.536923076923077 0.060083594566353184 0.06076923076923077 0.11912225705329153
0 0.36 0.05851619644723093 0.06 0.11703239289446186
0 0.41846153846153844 0.05851619644723093 0.06 0.11703239289446186
0 0.18269230769230768 0.05642633228840126 0.06076923076923077 0.11285266457680251
0 0.12384615384615384 0.05642633228840126 0.06 0.11285266457680251
0 0.06384615384615384 0.05590386624869383 0.06153846153846154 0.11180773249738767
0 0.9880769230769231 0.07366771159874608 0.023846153846153847 0.11598746081504702
0 0.8911538461538462 0.07157784743991641 0.06 0.11912225705329153
0 0.6776923076923077 0.625914315569488 0.055384615384615386 0.10658307210031348
0 0.6215384615384615 0.6253918495297806 0.057692307692307696 0.10344827586206896
0 0.9076923076923077 0.6379310344827587 0.05615384615384615 0.10867293625914315
0 0.5653846153846154 0.6300940438871473 0.05384615384615385 0.10344827586206896
0 0.4511538461538461 0.6280041797283177 0.05692307692307692 0.11285266457680251
0 0.5080769230769231 0.6300940438871473 0.05615384615384615 0.10867293625914315
0 0.7373076923076923 0.635841170323929 0.05615384615384615 0.11389759665621735
0 0.795 0.6379310344827587 0.05692307692307692 0.11076280041797283
0 0.8523076923076923 0.6400208986415883 0.057692307692307696 0.11389759665621735
0 0.2803846153846154 0.6264367816091954 0.05923076923076923 0.11076280041797283
0 0.33615384615384614 0.6280041797283177 0.05923076923076923 0.11076280041797283
0 0.3930769230769231 0.6306165099268548 0.057692307692307696 0.11389759665621735
0 0.10692307692307693 0.6248693834900731 0.05692307692307692 0.10762800417972831
0 0.04692307692307692 0.6238244514106583 0.06153846153846154 0.11076280041797283
0 0.9688461538461538 0.6462904911180773 0.05923076923076923 0.11076280041797283
0 0.2230769230769231 0.6295715778474399 0.05923076923076923 0.11285266457680251
0 0.16384615384615384 0.6285266457680251 0.06 0.11285266457680251
0 0.9476923076923077 0.07471264367816093 0.05923076923076923 0.12121212121212122
0 0.6226923076923077 0.7304075235109718 0.057692307692307696 0.10762800417972831
0 0.6784615384615384 0.7330198537095088 0.055384615384615386 0.10658307210031348
0 0.5692307692307692 0.7351097178683386 0.05615384615384615 0.10553814002089865
0 0.9015384615384615 0.7460815047021944 0.055384615384615386 0.10867293625914315
0 0.45692307692307693 0.7361546499477534 0.05384615384615385 0.10553814002089865
0 0.7365384615384616 0.7434691745036572 0.05692307692307692 0.10658307210031348
0 0.8476923076923077 0.7471264367816092 0.05615384615384615 0.10553814002089865
0 0.791923076923077 0.7460815047021944 0.057692307692307696 0.10762800417972831
0 0.9557692307692308 0.7513061650992685 0.054615384615384614 0.10240334378265413
0 0.06076923076923077 0.7298850574712644 0.05692307692307692 0.10658307210031348
0 0.5126923076923077 0.7413793103448276 0.054615384615384614 0.109717868338558
0 0.01730769230769231 0.7298850574712644 0.03461538461538462 0.109717868338558
0 0.34307692307692306 0.7377220480668757 0.05615384615384615 0.10867293625914315
0 0.4003846153846154 0.7392894461859979 0.06 0.1180773249738767
0 0.11576923076923076 0.7335423197492164 0.057692307692307696 0.10553814002089865
0 0.17384615384615384 0.735632183908046 0.055384615384615386 0.1013584117032393
0 0.22807692307692307 0.7371995820271683 0.05692307692307692 0.1044932079414838
0 0.28423076923076923 0.7413793103448276 0.057692307692307696 0.10867293625914315
0 0.6823076923076923 0.8427377220480669 0.05307692307692308 0.10762800417972831
0 0.6280769230769231 0.8443051201671892 0.05615384615384615 0.11076280041797283
0 0.8473076923076923 0.8510971786833855 0.055384615384615386 0.10658307210031348
0 0.7911538461538462 0.8505747126436781 0.055384615384615386 0.10344827586206896
0 0.02076923076923077 0.8333333333333334 0.04153846153846154 0.1013584117032393
0 0.12653846153846154 0.8369905956112853 0.057692307692307696 0.1044932079414838
0 0.18153846153846154 0.8385579937304075 0.05923076923076923 0.10762800417972831
0 0.9034615384615384 0.8563218390804598 0.05692307692307692 0.10867293625914315
0 0.7365384615384616 0.8521421107628004 0.052307692307692305 0.109717868338558
0 0.23615384615384616 0.8422152560083594 0.055384615384615386 0.10553814002089865
0 0.06807692307692308 0.8380355276907001 0.06076923076923077 0.10867293625914315
0 0.96 0.8605015673981191 0.05615384615384615 0.10344827586206896
0 0.3484615384615385 0.8463949843260188 0.05615384615384615 0.10867293625914315
0 0.5153846153846153 0.8505747126436781 0.05384615384615385 0.10762800417972831
0 0.4042307692307692 0.8484848484848485 0.05692307692307692 0.11076280041797283
0 0.5723076923076923 0.8526645768025078 0.05615384615384615 0.10762800417972831
0 0.46 0.851619644723093 0.05923076923076923 0.10867293625914315
0 0.2919230769230769 0.8479623824451411 0.055384615384615386 0.10240334378265413