0 0.19346153846153846 0.13117001828153566 0.05384615384615385 0.13711151736745886
0 0.025384615384615384 0.14488117001828155 0.05076923076923077 0.1343692870201097
0 0.07653846153846154 0.1430530164533821 0.06230769230769231 0.13893967093235832
0 0.24615384615384617 0.1380255941499086 0.05923076923076923 0.13528336380255943
0 0.31653846153846155 0.13345521023765997 0.08692307692307692 0.1416819012797075
0 0.13923076923076924 0.14488117001828155 0.06461538461538462 0.13893967093235832
0 0.39807692307692305 0.13208409506398539 0.06615384615384616 0.13254113345521024
0 0.44153846153846155 0.14716636197440586 0.038461538461538464 0.09323583180987204
0 0.53 0.14213893967093236 0.05076923076923077 0.09140767824497258
0 0.48115384615384615 0.1453382084095064 0.04923076923076923 0.09323583180987204
0 0.5819230769230769 0.13985374771480805 0.05153846153846154 0.08226691042047532
0 0.6269230769230769 0.13985374771480805 0.05307692307692308 0.09140767824497258
0 0.6753846153846154 0.13756855575868374 0.06 0.09414990859232175
0 0.8646153846153846 0.12979890310786105 0.05846153846153846 0.08683729433272395
0 0.7684615384615384 0.136654478976234 0.05692307692307692 0.09506398537477148
0 0.8103846153846154 0.13482632541133455 0.05384615384615385 0.07952468007312614
0 0.7284615384615385 0.14213893967093236 0.05153846153846154 0.09049360146252285
0 0.9111538461538462 0.13117001828153566 0.047692307692307694 0.09597806215722121
0 0.953076923076923 0.13482632541133455 0.06307692307692307 0.09140767824497258
0 0.9523076923076923 0.007769652650822669 0.04153846153846154 0.015539305301645339
0 0.012692307692307692 0.2673674588665448 0.025384615384615384 0.12888482632541134
0 0.17807692307692308 0.2646252285191956 0.06384615384615384 0.13893967093235832
0 0.5792307692307692 0.24223034734917734 0.07 0.13071297989031078
0 0.11961538461538461 0.27376599634369286 0.06 0.12614259597806216
0 0.5242307692307693 0.24908592321755027 0.06230769230769231 0.12705667276051189
0 0.35192307692307695 0.260054844606947 0.06769230769230769 0.1316270566727605
0 0.465 0.2536563071297989 0.054615384615384614 0.12522851919561243
0 0.41192307692307695 0.25822669104204754 0.06 0.12157221206581353
0 0.06461538461538462 0.28016453382084094 0.06 0.12705667276051189
0 0.2423076923076923 0.2696526508226691 0.06153846153846154 0.12705667276051189
0 0.29423076923076924 0.26691042047531993 0.06307692307692307 0.13254113345521024
0 0.6376923076923077 0.24588665447897623 0.06692307692307692 0.13071297989031078
0 0.8103846153846154 0.23811700182815357 0.07230769230769231 0.13071297989031078
0 0.8707692307692307 0.23583180987202926 0.0823076923076923 0.13345521023765997
0 0.7519230769230769 0.24451553930530165 0.07307692307692308 0.13254113345521024
0 0.6926923076923077 0.24908592321755027 0.06615384615384616 0.12614259597806216
0 0.9273076923076923 0.23857404021937842 0.07 0.12797074954296161
0 0.9707692307692307 0.24040219378427788 0.04230769230769231 0.12431444241316271
0 0.05615384615384615 0.05530164533820841 0.1123076923076923 0.06307129798903108
0 0.21423076923076922 0.04616087751371115 0.05307692307692308 0.061243144424131625
0 0.915 0.016453382084095063 0.040769230769230766 0.03290676416819013
0 0.16538461538461538 0.04981718464351006 0.04692307692307692 0.061243144424131625
0 0.26653846153846156 0.04570383912248629 0.05 0.06672760511882998
0 0.3173076923076923 0.04753199268738574 0.04923076923076923 0.07586837294332724
0 0.014615384615384615 0.4012797074954296 0.02923076923076923 0.13345521023765997
0 0.5673076923076923 0.36837294332723947 0.06076923076923077 0.11882998171846434
0 0.5126923076923077 0.37248628884826324 0.06 0.12340036563071298
0 0.1803846153846154 0.3944241316270567 0.06153846153846154 0.1206581352833638
0 0.4046153846153846 0.3802559414990859 0.05384615384615385 0.12431444241316271
0 0.24115384615384616 0.3921389396709324 0.06461538461538462 0.1206581352833638
0 0.45576923076923076 0.3788848263254113 0.05692307692307692 0.12248628884826325
0 0.12192307692307693 0.4008226691042048 0.07 0.13345521023765997
0 0.6688461538461539 0.3688299817184644 0.05384615384615385 0.11243144424131626
0 0.3515384615384615 0.389853747714808 0.057692307692307696 0.12248628884826325
0 0.05423076923076923 0.40950639853747717 0.06846153846153846 0.12705667276051189
0 0.2980769230769231 0.3944241316270567 0.06 0.12340036563071298
0 0.6161538461538462 0.3756855575868373 0.06153846153846154 0.12431444241316271
0 0.7165384615384616 0.3706581352833638 0.07076923076923076 0.12705667276051189
0 0.8238461538461539 0.36517367458866545 0.06538461538461539 0.12888482632541134
0 0.8803846153846154 0.3656307129798903 0.07384615384615385 0.1316270566727605
0 0.7711538461538462 0.373400365630713 0.06692307692307692 0.12431444241316271
0 0.9534615384615385 0.40585009140767825 0.09 0.09689213893967093
0 0.3626923076923077 0.052559414990859234 0.04692307692307692 0.09140767824497258
0 0.40807692307692306 0.05393053016453382 0.046153846153846156 0.09780621572212066
0 0.5453846153846154 0.047989031078610606 0.04923076923076923 0.09597806215722121
0 0.5434615384615384 0.48811700182815354 0.06153846153846154 0.11974405850091407
0 0.23346153846153847 0.5077696526508226 0.05307692307692308 0.113345521023766
0 0.8784615384615385 0.03610603290676417 0.04461538461538461 0.07221206581352833
0 0.4523076923076923 0.05210237659963437 0.05153846153846154 0.10146252285191956
0 0.49961538461538463 0.050274223034734916 0.05153846153846154 0.10054844606946983
0 0.5923076923076923 0.04753199268738574 0.05384615384615385 0.09506398537477148
0 0.38769230769230767 0.5013711151736746 0.05923076923076923 0.11974405850091407
0 0.17461538461538462 0.5146252285191956 0.06230769230769231 0.1170018281535649
0 0.49038461538461536 0.4963436928702011 0.05923076923076923 0.1206581352833638
0 0.2826923076923077 0.5105118829981719 0.057692307692307696 0.113345521023766
0 0.4411538461538462 0.5022851919561243 0.06 0.12248628884826325
0 0.12192307692307693 0.523308957952468 0.05692307692307692 0.11608775137111517
0 0.06769230769230769 0.5274223034734917 0.05615384615384615 0.11243144424131626
0 0.33653846153846156 0.5109689213893968 0.07 0.12979890310786105
0 0.5988461538461538 0.4954296160877514 0.057692307692307696 0.11791590493601463
0 0.7123076923076923 0.4936014625228519 0.05307692307692308 0.12522851919561243
0 0.8223076923076923 0.48811700182815354 0.06076923076923077 0.11608775137111517
0 0.8703846153846154 0.4853747714808044 0.05846153846153846 0.1170018281535649
0 0.6565384615384615 0.4986288848263254 0.05846153846153846 0.11791590493601463
0 0.6438461538461538 0.047074954296160876 0.05692307692307692 0.09414990859232175
0 0.7676923076923077 0.5022851919561243 0.06692307692307692 0.11791590493601463
0 0.6953846153846154 0.047074954296160876 0.06153846153846154 0.09414990859232175
0 0.8346153846153846 0.043875685557586835 0.05846153846153846 0.08775137111517367
0 0.9492307692307692 0.5141681901279708 0.10153846153846154 0.18372943327239488
0 0.7873076923076923 0.047989031078610606 0.06230769230769231 0.09597806215722121
0 0.7384615384615385 0.051188299817184646 0.06153846153846154 0.10237659963436929
0 0.5173076923076924 0.7093235831809872 0.07307692307692308 0.14076782449725778
0 0.8565384615384616 0.6910420475319927 0.08076923076923077 0.11791590493601463
0 0.6511538461538462 0.7074954296160878 0.07153846153846154 0.14076782449725778
0 0.5873076923076923 0.7148080438756855 0.07846153846153846 0.14716636197440586
0 0.785 0.7029250457038391 0.07538461538461538 0.14442413162705667
0 0.9326923076923077 0.696526508226691 0.07076923076923076 0.12340036563071298
0 0.4492307692307692 0.726691042047532 0.07846153846153846 0.15356489945155394
0 0.7188461538461538 0.7106946983546618 0.07769230769230769 0.15082266910420475
0 0.9769230769230769 0.6974405850091407 0.046153846153846156 0.14990859232175502
0 0.23307692307692307 0.7541133455210237 0.07846153846153846 0.15356489945155394
0 0.032692307692307694 0.7678244972577697 0.04846153846153846 0.12705667276051189
0 0.948076923076923 0.04524680073126142 0.06846153846153846 0.07221206581352833
0 0.3723076923076923 0.7513711151736746 0.07153846153846154 0.15173674588665448
0 0.16153846153846155 0.7673674588665448 0.08923076923076922 0.14442413162705667
0 0.3038461538461538 0.7586837294332724 0.07692307692307693 0.14625228519195613
0 0.08615384615384615 0.7737659963436929 0.08615384615384615 0.14076782449725778