0 0.02481875 0.8662748487467589 0.0496375 0.0576577355229041
0 0.8675375 0.8747104580812446 0.09837500000000006 0.07604148660328437
0 0.23376874999999997 0.8816162489196196 0.09938749999999999 0.05676750216076054
0 0.5569062499999999 0.8899740708729473 0.10257499999999993 0.06751944684528945
0 0.39194375000000004 0.9008902333621435 0.20273125000000003 0.044485738980120926
0 0.8919812500000001 0.09469317199654279 0.08085624999999994 0.05671564390665515
0 0.06739375 0.09617977528089888 0.130525 0.08672428694900604
0 0.2271125 0.10275713050993951 0.17862499999999998 0.07707865168539328
0 0.965325 0.10547968885047537 0.06935000000000002 0.07828867761452032
0 0.8095625 0.11997407087294729 0.09270624999999995 0.09325842696629212
0 0.7012625 0.14019878997407087 0.11919375000000003 0.09169403630077787
0 0.58890625 0.15070872947277442 0.10092500000000001 0.08489196197061366
0 0.42583750000000004 0.15611063094209163 0.22289374999999997 0.10289541918755403
0 0.89479375 0.15770095073465862 0.09323125000000004 0.07379429559204839
0 0.22521249999999998 0.16323249783923943 0.16848125000000003 0.05951598962834919
0 0.9768375 0.17649092480553152 0.04632499999999993 0.0782541054451167
0 0.77243125 0.20127052722558342 0.09946875000000005 0.08154710458081246
0 0.17483125000000002 0.21406222990492652 0.09941874999999997 0.08228176318063958
0 0.07785625 0.21581676750216075 0.09692500000000003 0.08052722558340535
0 0.57693125 0.22641313742437336 0.0915625 0.07777009507346587
0 0.86919375 0.2284961106309421 0.0904249999999999 0.08153846153846156
0 0.27465625 0.22896283491789113 0.09493749999999998 0.0752636127917027
0 0.67229375 0.2304407951598963 0.10513749999999994 0.08542783059636995
0 0.42845 0.23901469317199656 0.20519374999999995 0.09865168539325841
0 0.96150625 0.27718236819360415 0.0769874999999999 0.10887640449438205
0 0.7654000000000001 0.2833362143474503 0.09666249999999992 0.06984442523768372
0 0.10256249999999997 0.289438202247191 0.202125 0.07522904062229901
0 0.56416875 0.2962834917891098 0.10563125 0.0863785652549697
0 0.260075 0.2977614520311149 0.10888750000000001 0.10765773552290402
0 0.6652625000000001 0.3066724286949006 0.10120624999999997 0.08694900605012966
0 0.4107375 0.31177182368193607 0.18956874999999995 0.10581676750216082
0 0.8666625 0.31406222990492655 0.10674374999999997 0.09238547968885047
0 0.88663125 0.03401037165082109 0.09266875 0.06607605877268799
0 0.9668000000000001 0.03446845289541919 0.06639375000000002 0.06853068280034573
0 0.763975 0.3532411408815903 0.10507499999999993 0.07057908383751077
0 0.22489375 0.36218668971477963 0.1526375 0.08044943820224723
0 0.052381250000000004 0.3631287813310285 0.10476250000000001 0.07883318928262752
0 0.55635 0.3668885047536733 0.10355000000000004 0.08202247191011235
0 0.95588125 0.3748141745894555 0.0882374999999999 0.10182368193604154
0 0.40188124999999997 0.38236819360414864 0.19686875 0.10002592912705274
0 0.66968125 0.3910544511668107 0.09469374999999992 0.0756006914433881
0 0.8621875 0.39153846153846156 0.10680000000000006 0.09792566983578216
0 0.7637125 0.43140017286084703 0.08892500000000013 0.07414001728608467
0 0.0993875 0.4393777009507347 0.1983125 0.08054451166810722
0 0.25056249999999997 0.4472687986171132 0.10254374999999996 0.08755401901469313
0 0.5628625 0.4475626620570441 0.10303124999999995 0.09926534140017283
0 0.21541875000000002 0.04598962834917891 0.07988125000000004 0.05157303370786517
0 0.405525 0.4598184961106309 0.20936875 0.08485738980121008
0 0.6704625 0.4627398444252377 0.11396874999999994 0.071961970613656
0 0.9606625 0.479438202247191 0.07867500000000006 0.11032843560933452
0 0.8700625 0.4802160760587727 0.11917499999999989 0.10721694036300775
0 0.77543125 0.5034399308556612 0.09673124999999999 0.07410544511668107
0 0.0298875 0.5235177182368194 0.059775 0.07349178910976661
0 0.47198124999999996 0.52504753673293 0.09634375000000006 0.07841832324978394
0 0.190975 0.5278997407087295 0.20144375000000003 0.08926534140017284
0 0.5631499999999999 0.5336905790838375 0.08067499999999996 0.06976663785652552
0 0.3560875 0.5349178910976664 0.13862499999999997 0.08049265341400162
0 0.65275 0.535133967156439 0.09418125000000004 0.07408815903197928
0 0.76568125 0.05540190146931719 0.08935000000000003 0.07773552290406223
0 0.8529062500000001 0.570466724286949 0.10398750000000007 0.08383751080380294
0 0.755125 0.5784010371650822 0.09884375000000006 0.0756006914433881
0 0.40136249999999996 0.05993949870354364 0.16039374999999992 0.11807260155574764
0 0.5368125 0.05993949870354364 0.09365624999999994 0.08637856525496974
0 0.55378125 0.6018150388936906 0.09528125000000003 0.07486603284356085
0 0.0864 0.6063439930855661 0.17233125000000002 0.10062229904926541
0 0.24010625000000002 0.6080985306828004 0.10318125000000002 0.08308556611927388
0 0.39575000000000005 0.6081503889369058 0.20906875 0.08845289541918748
0 0.64703125 0.612618841832325 0.08690625000000005 0.0791875540190146
0 0.954375 0.6352636127917026 0.09125 0.10890233362143474
0 0.8675375 0.6487208297320657 0.111875 0.07070872947277437
0 0.5496125 0.6713310285220397 0.09320000000000007 0.0755574762316336
0 0.77361875 0.6763785652549698 0.09935624999999987 0.11444252376836654
0 0.39575000000000005 0.6865946413137424 0.20653125000000003 0.08753673292999134
0 0.6577062499999999 0.6933016421780467 0.10305000000000007 0.0791443388072601
0 0.17798124999999998 0.7054364736387209 0.19828125 0.11645635263612793
0 0.6329312500000001 0.07110630942091616 0.08267500000000005 0.08133102852203976
0 0.027668750000000002 0.7194641313742437 0.055337500000000005 0.07438202247191006
0 0.87148125 0.7237856525496975 0.09611874999999998 0.07611927398444247
0 0.96825625 0.7272860847018151 0.0634812500000001 0.07999999999999995
0 0.40240000000000004 0.7610890233362144 0.21730625000000003 0.08049265341400162
0 0.5725312499999999 0.7725410544511668 0.10256875000000008 0.1007173725151253
0 0.7671062499999999 0.7725496974935178 0.09779374999999987 0.07766637856525488
0 0.66995 0.7739844425237684 0.09627499999999997 0.08198789974070864
0 0.13045625 0.7781849611063094 0.10323125000000001 0.10240276577355231
0 0.039825 0.7957130509939498 0.0791875 0.08135695764909238
0 0.96656875 0.796914433880726 0.06685624999999988 0.07607605877268797
0 0.8740062500000001 0.7996369922212618 0.10343125000000014 0.07218668971477958
0 0.23471875 0.8206914433880725 0.11523125000000001 0.09273984442523764
0 0.4001875 0.8386603284356093 0.20653125000000003 0.08133102852203968
0 0.6670874999999999 0.8460242005185825 0.09888125000000002 0.07762316335350039
0 0.7678875 0.8525064822817633 0.08998124999999987 0.07762316335350049
0 0.12475625000000001 0.8618841832324978 0.1070375 0.09797752808988765
0 0.96235 0.8622558340535869 0.0753 0.0791616248919619