0 0.4411538461538462 0.12016718913270637 0.3669230769230769 0.18704284221525602
0 0.13192307692307692 0.1781609195402299 0.26384615384615384 0.18286311389759666
0 0.7307692307692307 0.18234064785788923 0.17461538461538462 0.15047021943573669
0 0.8988461538461539 0.15987460815047022 0.1576923076923077 0.15256008359456635
0 0.5319230769230769 0.22727272727272727 0.17692307692307693 0.15047021943573669
0 0.3596153846153846 0.2612330198537095 0.18 0.15569487983281086
0 0.04576923076923077 0.3166144200626959 0.09153846153846154 0.13793103448275862
0 0.1853846153846154 0.30355276907001044 0.17615384615384616 0.14733542319749215
0 0.8188461538461539 0.2946708463949843 0.3384615384615385 0.17345872518286312
0 0.46153846153846156 0.3714733542319749 0.3646153846153846 0.19122257053291536
0 0.14153846153846153 0.43103448275862066 0.28307692307692306 0.17450365726227796
0 0.7530769230769231 0.42476489028213166 0.17615384615384616 0.14629049111807732
0 0.9184615384615384 0.4049111807732497 0.16230769230769232 0.1452455590386625
0 0.545 0.477533960292581 0.1676923076923077 0.14733542319749215
0 0.38 0.5146290491118077 0.1753846153846154 0.15673981191222572
0 0.057692307692307696 0.5689655172413793 0.11538461538461539 0.13688610240334378
0 0.1946153846153846 0.5470219435736677 0.16692307692307692 0.14733542319749215
0 0.8373076923076923 0.5339602925809822 0.3253846153846154 0.18181818181818182
0 0.485 0.6212121212121212 0.35615384615384615 0.19331243469174503
0 0.15692307692307692 0.687042842215256 0.29307692307692307 0.16614420062695925
0 0.7696153846153846 0.6677115987460815 0.1723076923076923 0.14211076280041798
0 0.933076923076923 0.642110762800418 0.13384615384615384 0.13479623824451412
0 0.40192307692307694 0.7560083594566354 0.17076923076923076 0.13688610240334378
0 0.5742307692307692 0.7288401253918495 0.17384615384615384 0.14629049111807732
0 0.08038461538461539 0.8197492163009404 0.1176923076923077 0.13166144200626959
0 0.21423076923076922 0.7983281086729362 0.16692307692307692 0.13793103448275862
0 0.8453846153846154 0.7831765935214211 0.30923076923076925 0.18286311389759666
0 0.5023076923076923 0.8521421107628004 0.35 0.16614420062695925
0 0.175 0.910135841170324 0.2876923076923077 0.15256008359456635
0 0.801923076923077 0.06896551724137931 0.32846153846153847 0.13793103448275862