0 0.1296153846153846 0.13427377220480669 0.09230769230769231 0.1922675026123302
0 0.2053846153846154 0.1290491118077325 0.07769230769230769 0.18704284221525602
0 0.9361538461538461 0.2089864158829676 0.11384615384615385 0.19644723092998956
0 0.8526923076923076 0.2277951933124347 0.07230769230769231 0.18704284221525602
0 0.7826923076923077 0.23772204806687566 0.07384615384615385 0.1891327063740857
0 0.43615384615384617 0.26384535005224663 0.07769230769230769 0.18704284221525602
0 0.37 0.27011494252873564 0.07923076923076923 0.18495297805642633
0 0.575 0.25653082549634276 0.07153846153846154 0.1891327063740857
0 0.7165384615384616 0.24869383490073146 0.07307692307692308 0.18808777429467086
0 0.6465384615384615 0.25444096133751304 0.07692307692307693 0.18495297805642633
0 0.5065384615384615 0.26750261233019856 0.07769230769230769 0.18495297805642633
0 0.03346153846153846 0.31191222570532917 0.06692307692307692 0.18286311389759666
0 0.3019230769230769 0.296760710553814 0.08307692307692308 0.18808777429467086
0 0.23346153846153847 0.30303030303030304 0.08538461538461538 0.1839080459770115
0 0.1626923076923077 0.3098223615464995 0.08461538461538462 0.17763845350052246
0 0.09230769230769231 0.3181818181818182 0.07769230769230769 0.1786833855799373
0 0.9769230769230769 0.38610240334378265 0.045384615384615384 0.1724137931034483
0 0.9223076923076923 0.39184952978056425 0.07692307692307693 0.17972831765935215
0 0.8526923076923076 0.41431556948798326 0.07692307692307693 0.1839080459770115
0 0.5753846153846154 0.4367816091954023 0.07 0.17345872518286312
0 0.4330769230769231 0.4477533960292581 0.07692307692307693 0.1786833855799373
0 0.645 0.43521421107628006 0.07461538461538461 0.1786833855799373
0 0.7830769230769231 0.4263322884012539 0.07 0.17345872518286312
0 0.7184615384615385 0.4315569487983281 0.07538461538461538 0.18495297805642633
0 0.5080769230769231 0.4498432601880878 0.07461538461538461 0.18599791013584116
0 0.03076923076923077 0.48798328108672934 0.06153846153846154 0.17972831765935215
0 0.36615384615384616 0.4665621734587252 0.07076923076923076 0.1755485893416928
0 0.3038461538461538 0.4723092998955068 0.06692307692307692 0.16509926854754442
0 0.23423076923076924 0.47962382445141066 0.08153846153846153 0.17345872518286312
0 0.155 0.49059561128526646 0.08692307692307692 0.1786833855799373
0 0.09230769230769231 0.49738766980146293 0.07384615384615385 0.17763845350052246
0 0.9465384615384616 0.5663531870428422 0.10692307692307693 0.1922675026123302
0 0.8611538461538462 0.5841170323928945 0.07461538461538461 0.17450365726227796
0 0.58 0.6086729362591432 0.07307692307692308 0.18495297805642633
0 0.786923076923077 0.5992685475444096 0.07384615384615385 0.1724137931034483
0 0.44769230769230767 0.6238244514106583 0.07461538461538461 0.17763845350052246
0 0.6492307692307693 0.6138975966562173 0.07692307692307693 0.18495297805642633
0 0.30923076923076925 0.6394984326018809 0.07153846153846154 0.16823406478578892
0 0.5173076923076924 0.6243469174503657 0.06692307692307692 0.17450365726227796
0 0.7184615384615385 0.6102403343782654 0.07538461538461538 0.1724137931034483
0 0.38 0.6353187042842215 0.06846153846153846 0.16927899686520376
0 0.04384615384615385 0.6656217345872518 0.08153846153846153 0.17659352142110762
0 0.23653846153846153 0.6536050156739812 0.07692307692307693 0.18286311389759666
0 0.17461538461538462 0.6624869383490073 0.08076923076923077 0.17659352142110762
0 0.10730769230769231 0.6745036572622779 0.08 0.17659352142110762
0 0.9634615384615385 0.054858934169279 0.04384615384615385 0.109717868338558
0 0.9096153846153846 0.061128526645768025 0.0823076923076923 0.12225705329153605
0 0.9784615384615385 0.7377220480668757 0.043076923076923075 0.16091954022988506
0 0.9284615384615384 0.7434691745036572 0.06692307692307692 0.1619644723092999
0 0.8607692307692307 0.7549634273772204 0.07846153846153846 0.16823406478578892
0 0.8423076923076923 0.06792058516196448 0.07230769230769231 0.13584117032392895
0 0.7915384615384615 0.7685475444096134 0.07307692307692308 0.16614420062695925
0 0.5961538461538461 0.7826541274817137 0.06846153846153846 0.17450365726227796
0 0.7230769230769231 0.7753396029258098 0.06846153846153846 0.16405433646812956
0 0.5273076923076923 0.7899686520376176 0.07 0.1619644723092999
0 0.3923076923076923 0.800417972831766 0.08153846153846153 0.1671891327063741
0 0.45884615384615385 0.796760710553814 0.08 0.17136886102403343
0 0.6596153846153846 0.7836990595611285 0.07153846153846154 0.1724137931034483
0 0.2696153846153846 0.8140020898641588 0.07153846153846154 0.1755485893416928
0 0.33115384615384613 0.8113897596656218 0.08 0.1703239289446186
0 0.07346153846153847 0.8338557993730408 0.07923076923076923 0.17345872518286312
0 0.2103846153846154 0.8275862068965517 0.07538461538461538 0.16091954022988506
0 0.14576923076923076 0.832810867293626 0.07923076923076923 0.16614420062695925
0 0.7742307692307693 0.07366771159874608 0.07615384615384616 0.14733542319749215
0 0.4115384615384615 0.08934169278996865 0.07307692307692308 0.17136886102403343
0 0.5534615384615384 0.08254963427377221 0.07 0.16509926854754442
0 0.6246153846153846 0.08098223615464994 0.07692307692307693 0.1619644723092999
0 0.4819230769230769 0.08568443051201671 0.07307692307692308 0.17136886102403343
0 0.695 0.0794148380355277 0.07615384615384616 0.1588296760710554
0 0.3376923076923077 0.1013584117032393 0.07384615384615385 0.180773249738767
0 0.26884615384615385 0.11703239289446186 0.07384615384615385 0.19017763845350052
0 0.05038461538461538 0.13479623824451412 0.09153846153846154 0.1974921630094044