0 0.13114754098360656 0.7892307692307692 0.26229508196721313 0.1676923076923077
0 0.4149590163934426 0.8342307692307692 0.3473360655737705 0.16230769230769232
0 0.725922131147541 0.8746153846153846 0.26844262295081966 0.1676923076923077
0 0.022540983606557378 0.8946153846153846 0.045081967213114756 0.1276923076923077
0 0.1014344262295082 0.9111538461538462 0.14241803278688525 0.12
0 0.2305327868852459 0.9253846153846154 0.1362704918032787 0.11615384615384615
0 0.3719262295081967 0.9442307692307692 0.14856557377049182 0.10615384615384615
0 0.507172131147541 0.9526923076923077 0.13319672131147542 0.09461538461538462
0 0.6588114754098361 0.9638461538461538 0.1557377049180328 0.07230769230769231
0 0.7817622950819673 0.975 0.10860655737704918 0.05
0 0.7346311475409836 0.19230769230769232 0.19467213114754098 0.12384615384615384
0 0.8949795081967213 0.2076923076923077 0.14241803278688525 0.11846153846153847
0 0.5543032786885246 0.185 0.19467213114754098 0.12307692307692308
0 0.3775614754098361 0.17038461538461538 0.18954918032786885 0.12307692307692308
0 0.20440573770491804 0.15461538461538463 0.1834016393442623 0.12
0 0.08657786885245902 0.15 0.08196721311475409 0.10692307692307693
0 0.7961065573770492 0.325 0.305327868852459 0.16076923076923078
0 0.4774590163934426 0.30115384615384616 0.3524590163934426 0.1646153846153846
0 0.17059426229508196 0.2815384615384615 0.29200819672131145 0.14076923076923076
0 0.7735655737704918 0.46153846153846156 0.16495901639344263 0.14692307692307693
0 0.22438524590163936 0.41307692307692306 0.1413934426229508 0.13923076923076924
0 0.09938524590163934 0.4015384615384615 0.1403688524590164 0.13153846153846155
0 0.6255122950819673 0.4511538461538461 0.16290983606557377 0.1476923076923077
0 0.48514344262295084 0.43961538461538463 0.1557377049180328 0.14307692307692307
0 0.3519467213114754 0.42846153846153845 0.14959016393442623 0.1423076923076923
0 0.1567622950819672 0.5373076923076923 0.3135245901639344 0.16384615384615384
0 0.7704918032786885 0.6015384615384616 0.26536885245901637 0.16
0 0.4723360655737705 0.5746153846153846 0.35860655737704916 0.1646153846153846
0 0.07479508196721311 0.6607692307692308 0.14959016393442623 0.14
0 0.2069672131147541 0.6757692307692308 0.1526639344262295 0.1376923076923077
0 0.33094262295081966 0.6938461538461539 0.14344262295081966 0.13615384615384615
0 0.45901639344262296 0.7065384615384616 0.13729508196721313 0.1376923076923077
0 0.6086065573770492 0.7219230769230769 0.16188524590163936 0.14615384615384616
0 0.7904713114754098 0.7407692307692307 0.18135245901639344 0.15