0 0.3155125 0.08675324675324676 0.05896250000000002 0.13922077922077922
0 0.93574375 0.86808658008658 0.060074999999999934 0.10900432900432898
0 0.87596875 0.8694632034632035 0.05772500000000008 0.104069264069264
0 0.25290625 0.08785281385281385 0.05808125000000004 0.1403290043290043
0 0.81124375 0.8801558441558442 0.06131249999999994 0.08596536796536804
0 0.1994625 0.0884069264069264 0.05889375000000001 0.14032900432900433
0 0.75384375 0.8834458874458874 0.06055000000000007 0.07828571428571425
0 0.69538125 0.8857922077922079 0.057718749999999944 0.07191341991341997
0 0.6399750000000001 0.888891774891775 0.05292499999999997 0.06762770562770563
0 0.52606875 0.8891255411255412 0.05435000000000002 0.06810389610389607
0 0.5850875 0.8891255411255412 0.05605000000000004 0.06333333333333341
0 0.4126375 0.8898441558441559 0.057431250000000066 0.06476190476190483
0 0.4701125 0.8898441558441559 0.05465625000000003 0.0657142857142858
0 0.35479999999999995 0.8903203463203463 0.05534374999999997 0.0657142857142858
0 0.24278125 0.8905541125541124 0.058487500000000026 0.06427705627705618
0 0.18182500000000001 0.8910303030303032 0.05636249999999999 0.06427705627705618
0 0.30008125 0.8910303030303032 0.05054999999999996 0.06332467532467531
0 0.12400625 0.8917489177489177 0.05982499999999998 0.06094372294372293
0 0.37786250000000005 0.0892207792207792 0.06170625000000001 0.14086580086580086
0 0.057249999999999995 0.8924588744588744 0.052974999999999994 0.059515151515151424
0 0.09545 0.9449090909090908 0.00004374999999999574 0.00037229437229423056
0 0.95831875 0.16985281385281387 0.05849999999999994 0.141974025974026
0 0.8989375 0.17451948051948052 0.0553562500000001 0.1436103896103896
0 0.8367874999999999 0.18054545454545456 0.056968750000000054 0.14470995670995673
0 0.7820999999999999 0.19094372294372294 0.06163125000000008 0.14574891774891774
0 0.72390625 0.19560173160173158 0.06481875000000002 0.1441038961038961
0 0.6680875000000001 0.20574891774891774 0.060887500000000046 0.14464069264069263
0 0.60751875 0.21451948051948053 0.06724999999999995 0.14354112554112555
0 0.54769375 0.21616450216450217 0.06638750000000002 0.15012121212121213
0 0.02369375 0.21891774891774893 0.04709375 0.1402683982683983
0 0.14443124999999998 0.2191948051948052 0.06288124999999999 0.1441038961038961
0 0.48989375 0.22083116883116882 0.07116249999999993 0.14957575757575756
0 0.42596249999999997 0.22165367965367966 0.05891249999999999 0.14793073593073594
0 0.0805 0.22549783549783547 0.06251249999999998 0.14245887445887442
0 0.3129375 0.22686580086580085 0.053818750000000005 0.14189610389610388
0 0.20282499999999998 0.22741991341991344 0.054537499999999996 0.13752380952380955
0 0.25725625 0.22906493506493505 0.05491250000000001 0.13752380952380955
0 0.36955 0.23262337662337662 0.05775000000000006 0.14244155844155842
0 0.95831875 0.316 0.05849999999999994 0.13915151515151516
0 0.89775 0.31901298701298697 0.060112499999999895 0.14299567099567098
0 0.8342125 0.32285714285714284 0.05815625000000011 0.13750649350649344
0 0.77399375 0.3335930735930736 0.06363124999999997 0.14142857142857146
0 0.717775 0.34154112554112553 0.06681874999999991 0.14855411255411258
0 0.6613625000000001 0.3536103896103896 0.064075 0.14306493506493506
0 0.60099375 0.35525541125541127 0.06211875000000006 0.14635497835497832
0 0.5429437500000001 0.36046753246753244 0.06243125000000006 0.1447186147186147
0 0.1379 0.3634891774891775 0.06248750000000001 0.14637229437229443
0 0.022706249999999997 0.36458874458874463 0.04511875 0.141982683982684
0 0.43249375 0.3654025974025974 0.05931250000000006 0.14141991341991345
0 0.48771875000000003 0.3654025974025974 0.06284999999999996 0.1392294372294373
0 0.1968875 0.367056277056277 0.05691874999999996 0.14142857142857146
0 0.25389375000000003 0.3687012987012987 0.058474999999999965 0.14033766233766237
0 0.07515625 0.3697922077922078 0.06449375 0.1392380952380952
0 0.31670000000000004 0.3733506493506494 0.06450625000000003 0.14306493506493506
0 0.37628124999999996 0.37362770562770564 0.0617125 0.1392294372294373
0 0.96683125 0.4592034632034632 0.056518749999999895 0.14362770562770566
0 0.9021062499999999 0.46112554112554116 0.06406875000000013 0.141982683982684
0 0.84213125 0.4652380952380953 0.05894374999999997 0.14581818181818182
0 0.7840874999999999 0.4745281385281386 0.0584812500000001 0.13916883116883116
0 0.7270812499999999 0.4841212121212121 0.05771250000000009 0.13970562770562767
0 0.9565375 0.05020779220779221 0.05888749999999988 0.10041558441558442
0 0.6690875 0.49619047619047624 0.06209374999999994 0.13970562770562767
0 0.6134625 0.49838095238095237 0.060925000000000014 0.14189610389610394
0 0.554025 0.4983896103896104 0.06242500000000007 0.13861471861471858
0 0.89715625 0.050277056277056274 0.05891874999999999 0.10027705627705627
0 0.49880625 0.5027705627705628 0.06046875 0.13970562770562778
0 0.43724375000000004 0.5052380952380952 0.06960625000000008 0.1435497835497835
0 0.024681250000000005 0.506891774891775 0.04828125 0.13916883116883116
0 0.20440625 0.5090822510822511 0.05850000000000002 0.14025974025974025
0 0.14344374999999998 0.5093593073593073 0.06485624999999999 0.14410389610389615
0 0.0818875 0.5115497835497835 0.061318750000000005 0.13861471861471858
0 0.38103125 0.5115497835497835 0.0617125 0.14080519480519474
0 0.2594375 0.5120952380952382 0.057681249999999976 0.14410389610389615
0 0.32125 0.5126406926406927 0.06331874999999997 0.14189610389610394
0 0.837775 0.05295238095238095 0.05894374999999997 0.1058961038961039
0 0.7807125 0.05905627705627705 0.05727499999999992 0.11675324675324675
0 0.933775 0.6012380952380952 0.057718749999999944 0.13696969696969702
0 0.8704375 0.6042510822510823 0.05774374999999992 0.14300432900432908
0 0.7225 0.06103896103896104 0.06 0.12207792207792208
0 0.812 0.6163549783549783 0.06283125000000013 0.1408917748917749
0 0.7540062500000001 0.6243116883116884 0.06404374999999987 0.14252813852813864
0 0.69501875 0.6355497835497835 0.05773124999999993 0.14307359307359307
0 0.98453125 0.6423982683982684 0.0309375 0.14141125541125535
0 0.5812062499999999 0.6437748917748918 0.05659374999999997 0.14416450216450216
0 0.515825 0.6440519480519481 0.06283124999999998 0.14142857142857135
0 0.63761875 0.6451515151515151 0.05221875000000004 0.13922943722943718
0 0.45565 0.6467965367965367 0.060481249999999986 0.1436190476190477
0 0.09574375 0.6484415584415585 0.056568749999999994 0.13594805194805193
0 0.15334374999999997 0.6484415584415585 0.057731249999999984 0.13704761904761903
0 0.6595749999999999 0.06502164502164502 0.05891250000000006 0.13004329004329004
0 0.39191249999999994 0.6503636363636364 0.05417500000000004 0.13649350649350658
0 0.33590000000000003 0.6509090909090909 0.05696875000000002 0.13320346320346313
0 0.21549375 0.6514545454545454 0.06403750000000002 0.13759307359307366
0 0.275075 0.6514632034632035 0.057281249999999985 0.1343030303030302
0 0.03220625 0.652008658008658 0.04907499999999999 0.13649350649350658
0 0.54595625 0.07249350649350651 0.06291875000000005 0.1447099567099567
0 0.4893 0.07331601731601732 0.06760000000000005 0.14416450216450216
0 0.6031624999999999 0.07331601731601732 0.05775000000000006 0.14525541125541125
0 0.9440625 0.7425108225108226 0.06165625000000006 0.13867532467532473
0 0.8826999999999999 0.7463463203463203 0.0688062500000001 0.1474458874458874
0 0.8264499999999999 0.7567445887445887 0.0647999999999999 0.13643290043290038
0 0.434075 0.07660606060606062 0.06010000000000005 0.14306493506493506
0 0.02230625 0.07716017316017316 0.04432500000000001 0.13979220779220783
0 0.7676625 0.7723722943722944 0.06047500000000014 0.14574891774891768
0 0.708875 0.7784069264069263 0.06326875000000001 0.14135930735930735
0 0.6475124999999999 0.7827878787878788 0.05458750000000002 0.14245021645021644
0 0.4760375 0.7841645021645022 0.05769999999999996 0.14300432900432908
0 0.53265 0.7852640692640693 0.057681249999999976 0.13752380952380946
0 0.35945 0.7863549783549784 0.05260625000000005 0.13861471861471852
0 0.588925 0.7866320346320346 0.058568750000000024 0.13696969696969702
0 0.25013124999999997 0.7871861471861472 0.05729374999999998 0.13916883116883116
0 0.1416625 0.07880519480519481 0.0549625 0.1386926406926407
0 0.13394375 0.7880086580086579 0.05536250000000001 0.13861471861471852
0 0.0221125 0.7880086580086579 0.043931250000000005 0.1408138528138529
0 0.4160625 0.7882770562770564 0.05970624999999998 0.13696969696969702
0 0.19174375000000002 0.7885541125541126 0.05375624999999999 0.13752380952380946
0 0.307 0.7885541125541126 0.05302500000000002 0.1408051948051949
0 0.07159375000000001 0.7904761904761904 0.061331250000000004 0.14245887445887442
0 0.07575 0.08374025974025974 0.06171874999999999 0.1386926406926407