0 0.8088076923076923 0.09436619718309859 0.0501076923076923 0.121924882629108
0 0.7590461538461538 0.09575586854460096 0.0500230769230769 0.11913615023474179
0 0.13856153846153846 0.19707981220657275 0.05236153846153846 0.11023474178403754
0 0.1926 0.19931455399061035 0.0518846153846154 0.1180281690140845
0 0.08612307692307691 0.19986854460093897 0.05146923076923077 0.11802816901408453
0 0.6003615384615385 0.20097652582159622 0.05373076923076916 0.10244131455399058
0 0.7029615384615385 0.2032112676056338 0.049130769230769145 0.10689201877934269
0 0.5497461538461538 0.20460093896713613 0.04919230769230773 0.11301408450704224
0 0.802423076923077 0.20487323943661973 0.04920000000000003 0.10021596244131457
0 0.03573846153846153 0.20515492957746478 0.05194615384615385 0.11858215962441314
0 0.7524307692307692 0.20515492957746478 0.0477461538461538 0.10411267605633802
0 0.6512 0.2068262910798122 0.0477846153846153 0.10968075117370893
0 0.49884615384615383 0.20710798122065727 0.05139230769230765 0.12137089201877933
0 0.8537230769230768 0.20766197183098592 0.049638461538461694 0.10354929577464791
0 0.44709230769230773 0.20849765258215963 0.0500461538461538 0.11969953051643194
0 0.34700000000000003 0.20905164319248826 0.049630769230769214 0.11523943661971833
0 0.3971615384615384 0.2112769953051643 0.04687692307692312 0.11747417840375587
0 0.9567769230769231 0.21239436619718308 0.0505076923076922 0.1252676056338028
0 0.29588461538461536 0.21239436619718308 0.05046923076923078 0.12080751173708917
0 0.905476923076923 0.21351173708920188 0.051892307692307724 0.12304225352112673
0 0.24458461538461537 0.21378403755868544 0.050038461538461504 0.12137089201877933
0 0.601276923076923 0.32430046948356805 0.06926153846153843 0.14753051643192489
0 0.7232923076923077 0.32624413145539904 0.06425384615384613 0.14697652582159623
0 0.7946538461538462 0.3284694835680751 0.06559230769230767 0.1503192488262911
0 0.5399461538461539 0.33292957746478874 0.06700769230769223 0.14363380281690144
0 0.6644384615384615 0.33292957746478874 0.06604615384615377 0.14920187793427228
0 0.8885923076923078 0.3343192488262911 0.06373076923076916 0.14642253521126755
0 0.9572153846153847 0.3387699530516432 0.054123076923077024 0.12304225352112673
0 0.3576769230769231 0.339887323943662 0.0737230769230769 0.15421596244131455
0 0.41860769230769235 0.34323004694835685 0.07152307692307694 0.15421596244131455
0 0.47880000000000006 0.3443380281690141 0.06784615384615388 0.15309859154929573
0 0.022307692307692306 0.3488262910798122 0.04461538461538461 0.1511737089201878
0 0.09091538461538462 0.34962441314553994 0.06197692307692307 0.15142723004694833
0 0.15475384615384616 0.3529671361502348 0.06376923076923076 0.14697652582159623
0 0.2521076923076923 0.37691079812206574 0.11890769230769234 0.07349295774647886
0 0.9764769230769231 0.4595868544600939 0.047038461538461605 0.11747417840375587
0 0.9278076923076923 0.46097652582159626 0.05095384615384599 0.11580281690140849
0 0.5928 0.47656338028169015 0.06415384615384623 0.14920187793427228
0 0.7271384615384615 0.47739906103286384 0.06191538461538462 0.14642253521126755
0 0.7900615384615384 0.479906103286385 0.0600615384615384 0.1447511737089202
0 0.8553076923076923 0.48101408450704225 0.06466153846153842 0.14697652582159623
0 0.6589615384615385 0.48101408450704225 0.05966153846153842 0.14586854460093893
0 0.5285 0.4843568075117371 0.06783076923076928 0.14920187793427234
0 0.27034615384615385 0.4876995305164319 0.057784615384615386 0.14809389671361506
0 0.3294615384615385 0.4902065727699531 0.06106923076923076 0.1486478873239436
0 0.3930692307692308 0.4946572769953051 0.061500000000000034 0.14642253521126766
0 0.20787692307692307 0.49493896713615027 0.0641923076923077 0.1447511737089202
0 0.08453076923076923 0.49827230046948356 0.06287692307692307 0.14030046948356809
0 0.027530769230769237 0.4988356807511737 0.053776923076923076 0.1447511737089202
0 0.4548538461538461 0.4996713615023474 0.07287692307692309 0.15421596244131455
0 0.14403846153846153 0.5013333333333333 0.06330769230769231 0.13751173708920192
0 0.9798999999999999 0.5826197183098591 0.040200000000000166 0.12080751173708928
0 0.7118769230769231 0.6266009389671362 0.06241538461538469 0.14642253521126766
0 0.5861923076923077 0.6279906103286385 0.06736923076923071 0.1492018779342724
0 0.6516307692307692 0.6288262910798122 0.06232307692307691 0.1441971830985915
0 0.7779923076923076 0.6293896713615023 0.06146923076923083 0.14753051643192477
0 0.8354538461538461 0.6307793427230046 0.06053076923076927 0.14697652582159623
0 0.9102384615384616 0.6316150234741784 0.06323846153846156 0.14307981220657265
0 0.5230384615384616 0.6360657276995305 0.07058461538461538 0.1508732394366198
0 0.2689769230769231 0.6369014084507042 0.05960769230769231 0.14586854460093887
0 0.3380692307692308 0.637737089201878 0.06369230769230766 0.14530516431924884
0 0.21152307692307692 0.6391267605633802 0.061453846153846144 0.14140845070422528
0 0.3994615384615384 0.64218779342723 0.0660769230769231 0.1441971830985915
0 0.14723076923076925 0.6438591549295775 0.05966153846153846 0.1408544600938967
0 0.08612307692307691 0.6452488262910798 0.06333076923076925 0.1380657276995305
0 0.023884615384615386 0.650262910798122 0.0474 0.13918309859154931
0 0.09478461538461538 0.07488262910798123 0.05237692307692307 0.12415023474178406
0 0.04303076923076923 0.07571830985915494 0.05194615384615385 0.12247887323943661
0 0.5898230769230769 0.7763661971830986 0.05821538461538466 0.147530516431925
0 0.6808692307692308 0.7763661971830986 0.06697692307692303 0.14976525821596245
0 0.7485846153846154 0.7763661971830986 0.06102307692307687 0.14307981220657265
0 0.8163 0.778037558685446 0.06783846153846158 0.1508732394366198
0 0.8787692307692309 0.7788732394366197 0.06051538461538467 0.14697652582159623
0 0.1467692307692308 0.07794366197183097 0.049623076923076916 0.1235962441314554
0 0.9837769230769231 0.7810985915492957 0.03244615384615372 0.1425258215962441
0 0.46898461538461533 0.7836056338028169 0.05826153846153847 0.14530516431924884
0 0.2858538461538462 0.7838779342723005 0.06052307692307697 0.13918309859154931
0 0.9369307692307692 0.7841596244131456 0.06920000000000003 0.14976525821596245
0 0.34581538461538464 0.7855492957746479 0.060953846153846164 0.1425258215962441
0 0.5282692307692308 0.7858309859154929 0.05732307692307691 0.14530516431924884
0 0.1647846153846154 0.788056338028169 0.06467692307692306 0.14307981220657287
0 0.10390769230769231 0.7883380281690141 0.06697692307692307 0.13695774647887315
0 0.1989846153846154 0.07933333333333333 0.05096923076923076 0.12304225352112676
0 0.40696923076923075 0.7897276995305164 0.06102307692307691 0.1408544600938967
0 0.22634615384615384 0.79 0.06464615384615384 0.14140845070422528
0 0.036423076923076926 0.7927887323943662 0.06426923076923077 0.14363380281690144
0 0.4995307692307692 0.0851830985915493 0.0527615384615384 0.12025352112676056
0 0.5544769230769231 0.086018779342723 0.05136923076923075 0.11858215962441314
0 0.7072923076923077 0.086018779342723 0.05140769230769225 0.12749295774647887
0 0.44869230769230767 0.08740845070422536 0.05141538461538455 0.11913615023474178
0 0.9417307692307693 0.087962441314554 0.05233846153846151 0.12025352112676056
0 0.3495076923076923 0.0887981220657277 0.04917692307692304 0.12080751173708917
0 0.6072 0.08935211267605633 0.049169230769230826 0.11747417840375587
0 0.30135384615384614 0.08991549295774648 0.05046923076923078 0.11969953051643191
0 0.6569 0.08991549295774648 0.05006153846153841 0.12304225352112676
0 0.987423076923077 0.09018779342723003 0.025146153846153887 0.12470422535211267
0 0.8644384615384615 0.09241314553990612 0.05646923076923066 0.1235962441314554
0 0.2500538461538461 0.0924131455399061 0.05459230769230771 0.12247887323943661
0 0.3980692307692308 0.09241314553990611 0.04961538461538462 0.11802816901408453