0 0.048198636806231744 0.7946153846153846 0.06621226874391431 0.1176923076923077
0 0.6650438169425511 0.7703846153846153 0.09737098344693282 0.1076923076923077
0 0.5744888023369036 0.7769230769230769 0.09542356377799416 0.11615384615384615
0 0.48490749756572543 0.7838461538461539 0.09542356377799416 0.11538461538461539
0 0.12609542356377798 0.7988461538461539 0.09737098344693282 0.11615384615384615
0 0.39483933787731257 0.7880769230769231 0.1002921129503408 0.11538461538461539
0 0.30671859785783834 0.7923076923076923 0.09444985394352483 0.11615384615384615
0 0.2171372930866602 0.805 0.09542356377799416 0.11615384615384615
0 0.7925998052580331 0.0673076923076923 0.09639727361246349 0.11846153846153847
0 0.8636806231742941 0.06615384615384616 0.04868549172346641 0.11461538461538462
0 0.010710808179162609 0.10461538461538461 0.021421616358325218 0.11538461538461539
0 0.6996105160662123 0.07615384615384616 0.0934761441090555 0.11615384615384615
0 0.06767283349561831 0.1026923076923077 0.09444985394352483 0.12
0 0.6119766309639727 0.08384615384615385 0.09250243427458617 0.11615384615384615
0 0.5219084712755598 0.09076923076923077 0.09444985394352483 0.1176923076923077
0 0.16066212268743915 0.10653846153846154 0.09737098344693282 0.12076923076923077
0 0.25121713729308665 0.10884615384615384 0.09152872444011685 0.11692307692307692
0 0.33982473222979553 0.11 0.09834469328140215 0.12230769230769231
0 0.4308666017526777 0.10692307692307693 0.09444985394352483 0.12
0 0.8008763388510224 0.18115384615384617 0.09055501460564752 0.11461538461538462
0 0.8695228821811101 0.1803846153846154 0.04673807205452775 0.1123076923076923
0 0.7098344693281402 0.19 0.09444985394352483 0.11384615384615385
0 0.015092502434274586 0.22 0.03018500486854917 0.11538461538461539
0 0.07497565725413827 0.21923076923076923 0.09639727361246349 0.11692307692307692
0 0.6192794547224927 0.19923076923076924 0.09250243427458617 0.11461538461538462
0 0.5287244401168452 0.20346153846153847 0.09444985394352483 0.11538461538461539
0 0.1679649464459591 0.2230769230769231 0.09639727361246349 0.1176923076923077
0 0.25851996105160663 0.2226923076923077 0.09542356377799416 0.11692307692307692
0 0.44206426484907496 0.2230769230769231 0.09542356377799416 0.11615384615384615
0 0.35004868549172347 0.22807692307692307 0.09542356377799416 0.11615384615384615
0 0.807205452775073 0.295 0.09444985394352483 0.11
0 0.8763388510223953 0.2926923076923077 0.05063291139240506 0.11
0 0.7142161635832522 0.3030769230769231 0.09055501460564752 0.1123076923076923
0 0.0189873417721519 0.3330769230769231 0.0379746835443038 0.1123076923076923
0 0.08033106134371958 0.3326923076923077 0.09250243427458617 0.11307692307692307
0 0.6270691333982473 0.31076923076923074 0.09152872444011685 0.11
0 0.5379746835443038 0.3169230769230769 0.09250243427458617 0.11384615384615385
0 0.17770204479065238 0.3334615384615385 0.09250243427458617 0.11384615384615385
0 0.26630963972736127 0.3353846153846154 0.09055501460564752 0.1123076923076923
0 0.4469328140214216 0.3353846153846154 0.09250243427458617 0.1123076923076923
0 0.3578383641674781 0.3403846153846154 0.09152872444011685 0.11307692307692307
0 0.817429406037001 0.40384615384615385 0.09250243427458617 0.1123076923076923
0 0.8855890944498539 0.40192307692307694 0.04868549172346641 0.1123076923076923
0 0.7249269717624148 0.4126923076923077 0.09444985394352483 0.1123076923076923
0 0.023369036027263874 0.44461538461538463 0.04673807205452775 0.1123076923076923
0 0.6353456669912366 0.42 0.0934761441090555 0.11153846153846154
0 0.09298928919182084 0.44384615384615383 0.09542356377799416 0.11307692307692307
0 0.5457643622200584 0.4276923076923077 0.09444985394352483 0.11307692307692307
0 0.18451801363193768 0.44384615384615383 0.09250243427458617 0.11307692307692307
0 0.27312560856864654 0.44576923076923075 0.09152872444011685 0.11307692307692307
0 0.3656280428432327 0.44961538461538464 0.09152872444011685 0.11076923076923077
0 0.4571567672833496 0.44576923076923075 0.09444985394352483 0.11153846153846154
0 0.8213242453748782 0.5153846153846153 0.09444985394352483 0.11307692307692307
0 0.8909444985394352 0.5126923076923077 0.05258033106134372 0.11153846153846154
0 0.7297955209347614 0.5223076923076924 0.09444985394352483 0.11384615384615385
0 0.029211295034079845 0.5573076923076923 0.05744888023369036 0.11153846153846154
0 0.6431353456669913 0.5323076923076923 0.09444985394352483 0.11538461538461539
0 0.09980525803310614 0.555 0.1002921129503408 0.11076923076923077
0 0.5516066212268744 0.5396153846153846 0.0934761441090555 0.11615384615384615
0 0.19036027263875366 0.555 0.0934761441090555 0.11538461538461539
0 0.2809152872444012 0.5565384615384615 0.09444985394352483 0.11076923076923077
0 0.3714703018500487 0.5588461538461539 0.09542356377799416 0.11076923076923077
0 0.46153846153846156 0.5565384615384615 0.09444985394352483 0.11076923076923077
0 0.8997078870496592 0.6338461538461538 0.053554040895813046 0.11307692307692307
0 0.8305744888023369 0.6396153846153846 0.09639727361246349 0.12
0 0.03992210321324245 0.6796153846153846 0.06329113924050633 0.11538461538461539
0 0.556475170399221 0.6634615384615384 0.09444985394352483 0.1176923076923077
0 0.11587147030185005 0.681923076923077 0.09737098344693282 0.12
0 0.46494644595910417 0.6707692307692308 0.09250243427458617 0.11538461538461539
0 0.37439143135345665 0.6746153846153846 0.09250243427458617 0.11615384615384615
0 0.9128529698149951 0.7465384615384615 0.05063291139240506 0.11307692307692307
0 0.8466407010710808 0.7542307692307693 0.09639727361246349 0.11692307692307692
0 0.755111976630964 0.7584615384615384 0.09542356377799416 0.1176923076923077