0 0.6219769230769231 0.17115866388308976 0.07613846153846156 0.16754697286012527
0 0.048284615384615384 0.17326722338204595 0.07233846153846155 0.16433194154488517
0 0.48883846153846156 0.17505219206680583 0.064923076923077 0.15362212943632564
0 0.2550846153846154 0.19650313152400836 0.07033846153846159 0.1590501043841336
0 0.3361692307692308 0.1969311064718163 0.06893076923076924 0.16165970772442592
0 0.8449461538461539 0.1976096033402923 0.06836923076923085 0.15953027139874743
0 0.7625538461538461 0.1980062630480167 0.07253846153846151 0.16514613778705642
0 0.4697461538461538 0.2983089770354906 0.13336153846153856 0.10181628392484342
0 0.6408769230769231 0.29982254697286015 0.12102307692307687 0.10260960334029226
0 0.06143846153846154 0.3036638830897704 0.12103076923076926 0.09646137787056364
0 0.25422307692307694 0.362160751565762 0.26703076923076924 0.1687995824634656
0 0.8404923076923078 0.36875782881002084 0.26269230769230767 0.1763674321503132
0 0.6411692307692307 0.3884029227557411 0.1275230769230769 0.09700417536534442
0 0.06163846153846154 0.3965553235908142 0.12327692307692308 0.10003131524008355
0 0.4598769230769231 0.3987891440501044 0.1281 0.099133611691023
0 0.12384615384615384 0.48851774530271397 0.24769230769230768 0.11064718162839249
0 0.38320769230769236 0.4965866388308977 0.26173076923076927 0.0946764091858038
0 0.6744846153846155 0.5336430062630481 0.27693846153846163 0.20094989561586638
0 0.9096153846153846 0.5537578288100209 0.18076923076923077 0.1931106471816284
0 0.12115384615384615 0.576722338204593 0.2423076923076923 0.11795407098121086
0 0.6881076923076923 0.05892484342379958 0.2651230769230769 0.11783924843423801
0 0.3769538461538462 0.5939352818371607 0.26370769230769237 0.10896659707724436
0 0.9198538461538461 0.06012526096033404 0.1602923076923078 0.11864300626304801
0 0.17196923076923076 0.06430062630480167 0.255223076923077 0.11610647181628393
0 0.06605384615384616 0.6988726513569937 0.0749769230769231 0.16344467640918572
0 0.42663076923076926 0.07055323590814197 0.2551153846153846 0.09824634655532359
0 0.6037692307692307 0.7011064718162839 0.0854846153846153 0.17683716075156586
0 0.172 0.7100417536534447 0.06703846153846156 0.15897703549060538
0 0.4654846153846154 0.716294363256785 0.06691538461538463 0.1750521920668059
0 0.2963692307692308 0.7189770354906054 0.06829999999999997 0.16076200417536535
0 0.7567615384615385 0.7346033402922756 0.06896923076923074 0.16701461377870563
0 0.9252153846153846 0.7368371607515658 0.0728461538461537 0.16969728601252604
0 0.05519230769230769 0.8230271398747391 0.10985384615384615 0.0884237995824635
0 0.6225153846153846 0.8386534446764091 0.12693076923076924 0.10360125260960334
0 0.44639230769230764 0.8426722338204593 0.12087692307692302 0.09020876826722346
0 0.24468461538461536 0.8462421711899791 0.25849230769230774 0.11521920668058466
0 0.8232 0.8623173277661795 0.27161538461538454 0.09020876826722346