0 0.055 0.9330164217804667 0.05375 0.06482281763180639
0 0.89375 0.8193604148660328 0.10375 0.0898876404494382
0 0.2640625 0.9178910976663786 0.103125 0.07087294727744166
0 0.5859375 0.8794295592048401 0.106875 0.08210890233362143
0 0.4228125 0.9144338807260155 0.205 0.07346585998271392
0 0.8590625 0.04019014693171997 0.085 0.0682800345721694
0 0.05375 0.16076058772687987 0.1075 0.10544511668107173
0 0.1984375 0.14433880726015558 0.18375 0.10285220397579949
0 0.9325 0.04191875540190147 0.075 0.08383751080380294
0 0.7790625 0.0773552290406223 0.099375 0.1063094209161625
0 0.6728125 0.1132238547968885 0.125625 0.10803802938634399
0 0.561875 0.13958513396715644 0.106875 0.09939498703543648
0 0.4003125 0.16853932584269662 0.229375 0.1348314606741573
0 0.866875 0.1024200518582541 0.098125 0.08729472774416594
0 0.20125 0.2048401037165082 0.171875 0.08383751080380294
0 0.9496875 0.10933448573898012 0.051875 0.0847018150388937
0 0.7484375 0.1633535004321521 0.105 0.09507346585998272
0 0.155 0.2627484874675886 0.105 0.09593777009507347
0 0.05875 0.2783059636992221 0.1025 0.09420916162489196
0 0.5559375 0.21694036300777875 0.096875 0.09075194468452895
0 0.8465625 0.17675021607605879 0.09625 0.09420916162489196
0 0.2553125 0.263180639585134 0.1 0.0881590319792567
0 0.6509375 0.2070008643042351 0.11125 0.10025929127052723
0 0.4090625 0.25064822817631804 0.21125 0.12791702679343128
0 0.9421875 0.21175453759723423 0.085 0.11927398444252377
0 0.7475 0.24632670700086431 0.10125 0.08383751080380294
0 0.0959375 0.3474503025064823 0.191875 0.10371650821089023
0 0.5484375 0.2882454624027658 0.111875 0.10112359550561797
0 0.24625 0.33362143474503025 0.11625 0.12273120138288678
0 0.6496875 0.283923941227312 0.1075 0.10112359550561797
0 0.396875 0.3258426966292135 0.19625 0.13223854796888504
0 0.850625 0.26188418323249785 0.113125 0.10717372515125324
0 0.8490625 0.009939498703543647 0.096875 0.019878997407087293
0 0.7515625 0.31590319792566984 0.11 0.08556611927398444
0 0.2159375 0.40276577355229043 0.158125 0.10198789974070872
0 0.0496875 0.428694900605013 0.099375 0.09334485738980121
0 0.5459375 0.3595505617977528 0.109375 0.09680207433016422
0 0.9440625 0.3094209161624892 0.095625 0.11408815903197926
0 0.3934375 0.39714779602420053 0.203125 0.12791702679343128
0 0.660625 0.36732929991356955 0.1 0.08902333621434745
0 0.851875 0.33967156439066554 0.11375 0.1132238547968885
0 0.7571875 0.39369057908383753 0.09375 0.08643042350907519
0 0.0990625 0.4969749351771824 0.198125 0.10890233362143474
0 0.2478125 0.48357821953327573 0.10875 0.10198789974070872
0 0.5584375 0.43863439930855663 0.11 0.1132238547968885
0 0.1828125 0.08945548833189283 0.083125 0.06309420916162489
0 0.403125 0.4736387208297321 0.214375 0.11495246326707001
0 0.6665625 0.43820224719101125 0.11875 0.0881590319792567
0 0.9565625 0.4131374243733794 0.086875 0.12100259291270528
0 0.8665625 0.42696629213483145 0.126875 0.12359550561797752
0 0.7740625 0.4636992221261884 0.101875 0.08729472774416594
0 0.034375 0.5911840968020743 0.065 0.08210890233362143
0 0.4740625 0.5289541918755402 0.101875 0.09161624891961971
0 0.1946875 0.5726015557476232 0.206875 0.11754537597234227
0 0.5653125 0.524200518582541 0.085625 0.08124459809853068
0 0.359375 0.5553154710458081 0.14375 0.10025929127052723
0 0.6546875 0.5129645635263613 0.099375 0.08729472774416594
0 0.730625 0.03197925669835782 0.095 0.06395851339671564
0 0.85625 0.5190146931719966 0.11 0.09853068280034573
0 0.7596875 0.5410544511668107 0.10375 0.0898876404494382
0 0.36875 0.07649092480553155 0.16875 0.14088159031979255
0 0.5034375 0.05704407951598963 0.099375 0.09939498703543648
0 0.56125 0.5933448573898013 0.100625 0.0881590319792567
0 0.0965625 0.665514261019879 0.17875 0.12532411408815902
0 0.2496875 0.6452031114952463 0.10875 0.09766637856525497
0 0.404375 0.6227312013828867 0.214375 0.11840968020743302
0 0.6546875 0.590751944684529 0.0925 0.09161624891961971
0 0.95625 0.5682800345721694 0.0875 0.12186689714779603
0 0.876875 0.5946413137424373 0.116875 0.08643042350907519
0 0.5621875 0.6633535004321521 0.098125 0.08902333621434745
0 0.7853125 0.6356957649092481 0.1075 0.12791702679343128
0 0.4103125 0.7005185825410545 0.211875 0.11668107173725151
0 0.6715625 0.6694036300777874 0.10875 0.09334485738980121
0 0.1953125 0.750648228176318 0.20625 0.14433880726015558
0 0.5996875 0.05445116681071737 0.088125 0.09248055315471046
0 0.046875 0.7865168539325843 0.060625 0.08210890233362143
0 0.88625 0.668971477960242 0.10125 0.0898876404494382
0 0.9740625 0.6581676750216076 0.051875 0.08902333621434745
0 0.4228125 0.773552290406223 0.2225 0.111495246326707
0 0.5928125 0.7605877268798618 0.109375 0.11495246326707001
0 0.78625 0.7324978392394123 0.103125 0.09161624891961971
0 0.6896875 0.7480553154710458 0.101875 0.09507346585998272
0 0.1534375 0.8301642178046672 0.110625 0.11668107173725151
0 0.0646875 0.8604148660328436 0.085 0.09248055315471046
0 0.975 0.7273120138288678 0.05 0.08556611927398444
0 0.8946875 0.743733794295592 0.108125 0.08643042350907519
0 0.2603125 0.857389801210026 0.121875 0.10890233362143474
0 0.42625 0.8513396715643907 0.21125 0.11063094209161625
0 0.6921875 0.8197925669835783 0.104375 0.09161624891961971
0 0.793125 0.8120138288677614 0.095625 0.0898876404494382
0 0.1540625 0.9140017286084702 0.11375 0.1132238547968885
0 0.9734375 0.7934312878133103 0.053125 0.0898876404494382