0 0.0703125 0.18339100346020762 0.139375 0.11678200692041522
0 0.6884375 0.23226643598615918 0.08375 0.21626297577854672
0 0.769375 0.23269896193771628 0.0775 0.21366782006920415
0 0.60875 0.2365916955017301 0.08 0.21539792387543252
0 0.528125 0.23918685121107267 0.0775 0.21107266435986158
0 0.841875 0.24091695501730104 0.070625 0.20242214532871972
0 0.3184375 0.2422145328719723 0.323125 0.21280276816608998
0 0.91125 0.24610726643598616 0.079375 0.20588235294117646
0 0.974375 0.2508650519031142 0.05125 0.2041522491349481
0 0.074375 0.29282006920415227 0.14875 0.10640138408304499
0 0.1271875 0.44506920415224915 0.0725 0.20847750865051903
0 0.6334375 0.4476643598615917 0.3175 0.20847750865051903
0 0.2028125 0.45025951557093424 0.076875 0.2179930795847751
0 0.3565625 0.45069204152249137 0.076875 0.2171280276816609
0 0.2796875 0.4515570934256055 0.075625 0.21539792387543252
0 0.051875 0.45198961937716264 0.076875 0.20847750865051903
0 0.9121875 0.45198961937716264 0.175625 0.2171280276816609
0 0.433125 0.45285467128027684 0.078125 0.21107266435986158
0 0.1784375 0.06444636678200692 0.07375 0.12889273356401384
0 0.254375 0.06487889273356401 0.07625 0.12975778546712802
0 0.0290625 0.0657439446366782 0.058125 0.1314878892733564
0 0.0875 0.6505190311418685 0.175 0.20242214532871972
0 0.715625 0.6561418685121108 0.080625 0.21539792387543252
0 0.55375 0.657439446366782 0.078125 0.21193771626297578
0 0.6359375 0.6583044982698962 0.07875 0.21193771626297578
0 0.3375 0.6613321799307958 0.325 0.20847750865051903
0 0.7925 0.6626297577854672 0.0775 0.21453287197231835
0 0.331875 0.06704152249134948 0.065 0.13321799307958476
0 0.0990625 0.06704152249134948 0.081875 0.1314878892733564
0 0.945625 0.6678200692041523 0.070625 0.20761245674740483
0 0.625625 0.06747404844290658 0.325625 0.13494809688581316
0 0.4109375 0.06790657439446367 0.076875 0.13581314878892733
0 0.878125 0.6782006920415224 0.07375 0.20761245674740483
0 0.898125 0.0726643598615917 0.20375 0.1453287197231834
0 0.0621875 0.8412629757785467 0.08 0.16003460207612458
0 0.6621875 0.8412629757785467 0.316875 0.16089965397923875
0 0.141875 0.8416955017301038 0.075 0.16089965397923875
0 0.91375 0.8451557093425606 0.1725 0.15397923875432526
0 0.4671875 0.8451557093425606 0.066875 0.15311418685121106
0 0.214375 0.847318339100346 0.07 0.1513840830449827
0 0.36625 0.8481833910034602 0.0725 0.14965397923875431
0 0.2965625 0.8494809688581315 0.071875 0.14619377162629757