0 0.17846153846153845 0.12852664576802508 0.13846153846153847 0.25705329153605017
0 0.29115384615384615 0.13845350052246605 0.14384615384615385 0.2769070010449321
0 0.08153846153846153 0.12277951933124347 0.12461538461538461 0.24555903866248693
0 0.40384615384615385 0.14733542319749215 0.13846153846153847 0.2946708463949843
0 0.5223076923076924 0.15569487983281086 0.13692307692307693 0.3113897596656217
0 0.963076923076923 0.22152560083594566 0.07384615384615385 0.31974921630094044
0 0.6388461538461538 0.1724137931034483 0.13384615384615384 0.322884012539185
0 0.8769230769230769 0.20794148380355276 0.14461538461538462 0.3270637408568443
0 0.7546153846153846 0.19122257053291536 0.14076923076923076 0.32601880877742945
0 0.2230769230769231 0.47439916405433646 0.14384615384615385 0.44618599791013586
0 0.10576923076923077 0.4592476489028213 0.14846153846153845 0.4430512016718913
0 0.45 0.5088819226750261 0.13615384615384615 0.4346917450365726
0 0.6688461538461539 0.5417972831765935 0.14 0.42946708463949845
0 0.335 0.4952978056426332 0.14846153846153845 0.4482758620689655
0 0.7780769230769231 0.5595611285266457 0.14692307692307693 0.4346917450365726
0 0.8896153846153846 0.5752351097178683 0.13846153846153847 0.4200626959247649
0 0.5596153846153846 0.5297805642633229 0.14461538461538462 0.4430512016718913
0 0.9165384615384615 0.8746081504702194 0.12692307692307692 0.1974921630094044
0 0.8061538461538461 0.8605015673981191 0.12538461538461537 0.19435736677115986
0 0.6946153846153846 0.845350052246604 0.12230769230769231 0.19017763845350052
0 0.23038461538461538 0.7795193312434692 0.12615384615384614 0.19122257053291536
0 0.47115384615384615 0.8140020898641588 0.12461538461538461 0.19331243469174503
0 0.5838461538461538 0.8312434691745036 0.12 0.18704284221525602
0 0.3476923076923077 0.7978056426332288 0.12923076923076923 0.19122257053291536
0 0.03192307692307692 0.7513061650992685 0.06384615384615384 0.18181818181818182
0 0.11346153846153846 0.7659352142110762 0.12538461538461537 0.18704284221525602