0 0.16356153846153845 0.1223826714801444 0.32657692307692304 0.12911552346570399
0 0.4325615384615385 0.12435920577617328 0.1772923076923077 0.11722924187725631
0 0.6317307692307692 0.12792418772563177 0.18406153846153844 0.11327617328519855
0 0.8164076923076923 0.12990974729241878 0.1753461538461538 0.11722924187725631
0 0.06941538461538461 0.24040613718411552 0.13694615384615386 0.1180234657039711
0 0.6273461538461538 0.24199458483754513 0.17933846153846145 0.12277978339350178
0 0.43902307692307696 0.245956678700361 0.18616923076923075 0.11644404332129962
0 0.8603153846153847 0.2467418772563177 0.2793692307692307 0.11485559566787003
0 0.23850000000000002 0.2526895306859206 0.19155384615384613 0.11564981949458482
0 0.2543615384615385 0.03326714801444043 0.18682307692307693 0.06495487364620939
0 0.5372076923076923 0.03406137184115523 0.3731 0.06653429602888086
0 0.822823076923077 0.03564981949458484 0.17196923076923074 0.06812274368231049
0 0.07751538461538461 0.3584296028880866 0.15314615384615385 0.11327617328519855
0 0.7330307692307693 0.3647743682310469 0.37180769230769223 0.11961191335740069
0 0.2526692307692308 0.36555956678700363 0.1874923076923077 0.12277978339350178
0 0.45285384615384616 0.367942238267148 0.18548461538461541 0.11961191335740069
0 0.8707769230769231 0.47883574007220214 0.25843846153846145 0.11168772563176896
0 0.1705076923076923 0.4820036101083032 0.3410153846153846 0.13228339350180499
0 0.531823076923077 0.48319494584837547 0.3704307692307692 0.11881768953068596
0 0.87 0.592057761732852 0.26 0.12274368231046931
0 0.08615384615384615 0.5992418772563177 0.1723 0.1053519855595668
0 0.6388307692307692 0.5992418772563177 0.17531538461538468 0.11010830324909747
0 0.4586076923076923 0.6004241877256318 0.17808461538461537 0.11406137184115533
0 0.2715692307692308 0.6024097472924188 0.1807307692307692 0.10851985559566787
0 0.8720923076923077 0.7105324909747293 0.2556692307692307 0.11089350180505406
0 0.1736769230769231 0.7129061371841156 0.34681538461538464 0.12198555956678708
0 0.5490384615384616 0.7152797833935017 0.3778461538461539 0.118817689530686
0 0.8400384615384615 0.8249909747292419 0.17670769230769223 0.11168772563176896
0 0.07683846153846154 0.8253880866425992 0.15313846153846156 0.11564981949458472
0 0.6580692307692307 0.8301444043321299 0.18137692307692305 0.1172292418772562
0 0.4677230769230769 0.8329151624548736 0.17876153846153842 0.11010830324909747
0 0.27460769230769233 0.8368772563176895 0.176 0.11327617328519855