0 0.42 0.10665258711721225 0.19923076923076924 0.12565997888067582
0 0.8438461538461538 0.1726504751847941 0.2 0.11826821541710665
0 0.6280769230769231 0.146779303062302 0.2023076923076923 0.12143611404435058
0 0.16384615384615384 0.13833157338965152 0.1 0.09926082365364308
0 0.31346153846153846 0.17423442449841606 0.2023076923076923 0.13093980992608237
0 0.9026923076923077 0.2655755015839493 0.10307692307692308 0.11087645195353749
0 0.5403846153846154 0.22439281942977823 0.19846153846153847 0.12143611404435058
0 0.745 0.2592397043294615 0.2 0.11721224920802534
0 0.21923076923076923 0.24656810982048574 0.2023076923076923 0.11932418162618796
0 0.4403846153846154 0.2925026399155227 0.20076923076923076 0.1246040126715945
0 0.85 0.35480464625131997 0.20461538461538462 0.1235480464625132
0 0.6473076923076924 0.3326293558606125 0.20153846153846153 0.11826821541710665
0 0.12423076923076923 0.00897571277719113 0.10692307692307693 0.01795142555438226
0 0.305 0.02903907074973601 0.19615384615384615 0.05807814149947202
0 0.14115384615384616 0.3342133051742344 0.11692307692307692 0.11826821541710665
0 0.3273076923076923 0.3611404435058078 0.20153846153846153 0.13093980992608237
0 0.8865384615384615 0.44667370644139387 0.10076923076923076 0.09609292502639916
0 0.5426923076923077 0.40496304118268217 0.19538461538461538 0.11510031678986272
0 0.7426923076923077 0.43400211193241817 0.19538461538461538 0.1119324181626188
0 0.8834615384615384 0.0945089757127772 0.10846153846153846 0.09714889123548047
0 0.7269230769230769 0.07180570221752904 0.2023076923076923 0.11087645195353749
0 0.5069230769230769 0.049102428722280884 0.2 0.09820485744456177
0 0.23115384615384615 0.4382259767687434 0.2023076923076923 0.11510031678986272
0 0.4296153846153846 0.4699049630411827 0.1930769230769231 0.10876451953537487
0 0.8296153846153846 0.5279831045406547 0.19692307692307692 0.11615628299894404
0 0.6369230769230769 0.5047518479408659 0.1946153846153846 0.11298838437170011
0 0.3330769230769231 0.5390707497360084 0.19923076923076924 0.11510031678986272
0 0.8865384615384615 0.6198521647307286 0.09923076923076923 0.1003167898627244
0 0.7442307692307693 0.6013727560718057 0.19230769230769232 0.11615628299894404
0 0.17846153846153845 0.5221752903907075 0.10230769230769231 0.10665258711721225
0 0.5392307692307692 0.5760295670538543 0.20307692307692307 0.12038014783526928
0 0.816923076923077 0.6985216473072862 0.19538461538461538 0.10770855332629356
0 0.21 0.6124604012671595 0.2023076923076923 0.11615628299894404
0 0.41423076923076924 0.6478352692713834 0.1946153846153846 0.11721224920802534
0 0.6211538461538462 0.6779303062302007 0.19846153846153847 0.11510031678986272
0 0.8553846153846154 0.7872228088701162 0.09538461538461539 0.09503695881731784
0 0.7092307692307692 0.7729672650475184 0.20076923076923076 0.11826821541710665
0 0.31153846153846154 0.7170010559662091 0.19615384615384615 0.11298838437170011
0 0.5107692307692308 0.7470960929250264 0.2 0.11615628299894404
0 0.16576923076923078 0.6985216473072862 0.10153846153846154 0.10454065469904963
0 0.7815384615384615 0.8695881731784583 0.19615384615384615 0.11404435058078141
0 0.39692307692307693 0.8162618796198522 0.19076923076923077 0.11298838437170011
0 0.5869230769230769 0.8442449841605069 0.1946153846153846 0.11087645195353749
0 0.20076923076923076 0.7909186906019008 0.2 0.11510031678986272
0 0.19807692307692307 0.059134107708553325 0.20076923076923076 0.11826821541710665