0 0.8678125 0.11375432525951557 0.226875 0.16608996539792387
0 0.151875 0.20198961937716264 0.253125 0.17647058823529413
0 0.644375 0.1522491349480969 0.24625 0.16695501730103807
0 0.4071875 0.18858131487889274 0.245 0.17128027681660898
0 0.8746875 0.2577854671280277 0.230625 0.1643598615916955
0 0.1715625 0.3499134948096886 0.24625 0.1695501730103806
0 0.6465625 0.29411764705882354 0.243125 0.17128027681660898
0 0.411875 0.333477508650519 0.24125 0.16782006920415224
0 0.1303125 0.0847750865051903 0.251875 0.11332179930795848
0 0.8653125 0.026816608996539794 0.213125 0.05363321799307959
0 0.8796875 0.39835640138408307 0.234375 0.16608996539792387
0 0.1753125 0.4913494809688581 0.24 0.16176470588235295
0 0.6528125 0.43555363321799306 0.238125 0.1652249134948097
0 0.4196875 0.4757785467128028 0.23625 0.16695501730103807
0 0.63875 0.04757785467128028 0.24875 0.09515570934256055
0 0.38875 0.06531141868512111 0.24625 0.13062283737024222
0 0.8834375 0.5402249134948097 0.233125 0.1704152249134948
0 0.6575 0.5752595155709342 0.234375 0.1695501730103806
0 0.19875 0.6323529411764706 0.236875 0.157439446366782
0 0.430625 0.610726643598616 0.2325 0.16349480968858132
0 0.8834375 0.6691176470588235 0.228125 0.16089965397923875
0 0.2084375 0.7599480968858131 0.2325 0.1522491349480969
0 0.6596875 0.71280276816609 0.233125 0.16003460207612458
0 0.4340625 0.7435121107266436 0.229375 0.15916955017301038
0 0.8878125 0.7988754325259516 0.224375 0.16176470588235295
0 0.44875 0.8633217993079585 0.228125 0.157439446366782
0 0.6703125 0.8386678200692042 0.22875 0.15311418685121106
0 0.21625 0.8992214532871973 0.229375 0.14100346020761245