0 0.07923076923076923 0.06694560669456066 0.10307692307692308 0.13389121338912133
0 0.845 0.17730125523012552 0.25153846153846154 0.18828451882845187
0 0.23653846153846153 0.09100418410041841 0.19923076923076924 0.16213389121338911
0 0.6238461538461538 0.16684100418410042 0.20076923076923076 0.1705020920502092
0 0.43153846153846154 0.14435146443514643 0.19230769230769232 0.16527196652719664
0 0.865 0.32426778242677823 0.27 0.20292887029288703
0 0.17461538461538462 0.22594142259414227 0.32076923076923075 0.19769874476987448
0 0.5280769230769231 0.29236401673640167 0.40692307692307694 0.20397489539748953
0 0.06384615384615384 0.3399581589958159 0.11692307692307692 0.151673640167364
0 0.8165384615384615 0.4524058577405858 0.19846153846153847 0.18514644351464435
0 0.23461538461538461 0.38127615062761505 0.16923076923076924 0.15690376569037656
0 0.61 0.4393305439330544 0.1930769230769231 0.1600418410041841
0 0.41346153846153844 0.4215481171548117 0.20461538461538462 0.17154811715481172
0 0.6303846153846154 0.06014644351464435 0.22 0.11506276150627615
0 0.435 0.045502092050209206 0.18846153846153846 0.09100418410041841
0 0.8388461538461538 0.606694560669456 0.32076923076923075 0.20711297071129708
0 0.15538461538461537 0.516213389121339 0.31076923076923074 0.19769874476987448
0 0.4946153846153846 0.5674686192468619 0.3638461538461538 0.21234309623430964
0 0.7515384615384615 0.7264644351464435 0.15153846153846154 0.14853556485355648
0 0.057692307692307696 0.6333682008368201 0.11538461538461539 0.16422594142259414
0 0.9334615384615385 0.7693514644351465 0.10538461538461538 0.13912133891213388
0 0.5961538461538461 0.7248953974895398 0.16615384615384615 0.17259414225941422
0 0.4173076923076923 0.7112970711297071 0.20153846153846153 0.17573221757322174
0 0.2453846153846154 0.7050209205020921 0.14307692307692307 0.16422594142259414
0 0.8265384615384616 0.8786610878661087 0.30230769230769233 0.18828451882845187
0 0.4776923076923077 0.8347280334728033 0.4169230769230769 0.19665271966527198
0 0.13884615384615384 0.7892259414225942 0.2776923076923077 0.1684100418410042