0 0.7480769230769231 0.13145539906103287 0.10615384615384615 0.10328638497652583
0 0.9384615384615385 0.16338028169014085 0.09923076923076923 0.08169014084507042
0 0.9911538461538462 0.17699530516431924 0.01769230769230769 0.09483568075117371
0 0.8423076923076923 0.15258215962441316 0.10461538461538461 0.10234741784037558
0 0.10230769230769231 0.10938967136150235 0.11923076923076924 0.10516431924882629
0 0.21 0.13004694835680752 0.11461538461538462 0.10234741784037558
0 0.31961538461538463 0.14929577464788732 0.11615384615384615 0.10328638497652583
0 0.42653846153846153 0.168075117370892 0.11307692307692307 0.10516431924882629
0 0.5284615384615384 0.18450704225352113 0.11153846153846154 0.10610328638497653
0 0.7338461538461538 0.2192488262910798 0.1076923076923077 0.09765258215962441
0 0.6323076923076923 0.20610328638497652 0.11153846153846154 0.10328638497652583
0 0.9861538461538462 0.2615023474178404 0.027692307692307693 0.09295774647887324
0 0.8311538461538461 0.23896713615023474 0.10384615384615385 0.09859154929577464
0 0.9284615384615384 0.2539906103286385 0.10615384615384615 0.10046948356807511
0 0.09153846153846154 0.19953051643192488 0.12076923076923077 0.10985915492957747
0 0.953076923076923 0.09201877934272301 0.09384615384615384 0.0676056338028169
0 0.20423076923076924 0.2187793427230047 0.11923076923076924 0.10892018779342723
0 0.31423076923076926 0.23708920187793428 0.1176923076923077 0.10328638497652583
0 0.41884615384615387 0.2577464788732394 0.10923076923076923 0.10328638497652583
0 0.5207692307692308 0.2746478873239437 0.10923076923076923 0.10234741784037558
0 0.7242307692307692 0.3061032863849765 0.10923076923076923 0.10610328638497653
0 0.9823076923076923 0.34694835680751174 0.03538461538461538 0.09107981220657277
0 0.6234615384615385 0.29389671361502345 0.11076923076923077 0.10046948356807511
0 0.8223076923076923 0.3244131455399061 0.10538461538461538 0.09859154929577464
0 0.9207692307692308 0.33943661971830985 0.10692307692307693 0.10046948356807511
0 0.08423076923076923 0.2906103286384977 0.11923076923076924 0.10234741784037558
0 0.1926923076923077 0.30704225352112674 0.11384615384615385 0.10234741784037558
0 0.30038461538461536 0.3248826291079812 0.11538461538461539 0.10328638497652583
0 0.4042307692307692 0.34131455399061034 0.11 0.09859154929577464
0 0.505 0.3586854460093897 0.10615384615384615 0.09577464788732394
0 0.806923076923077 0.4061032863849765 0.1076923076923077 0.09389671361502347
0 0.7073076923076923 0.3910798122065728 0.11076923076923077 0.09859154929577464
0 0.9742307692307692 0.4323943661971831 0.05153846153846154 0.09107981220657277
0 0.9038461538461539 0.42300469483568076 0.10384615384615385 0.10046948356807511
0 0.6065384615384616 0.37934272300469485 0.1076923076923077 0.09765258215962441
0 0.9730769230769231 0.5112676056338028 0.05384615384615385 0.08169014084507042
0 0.18269230769230768 0.3938967136150235 0.11538461538461539 0.10422535211267606
0 0.07807692307692307 0.37934272300469485 0.11461538461538462 0.10328638497652583
0 0.2907692307692308 0.4112676056338028 0.11461538461538462 0.10046948356807511
0 0.4980769230769231 0.4431924882629108 0.10846153846153846 0.09859154929577464
0 0.39692307692307693 0.4295774647887324 0.11153846153846154 0.10140845070422536
0 0.6 0.46150234741784035 0.10846153846153846 0.09859154929577464
0 0.9007692307692308 0.5070422535211268 0.10538461538461538 0.09483568075117371
0 0.7007692307692308 0.47699530516431926 0.11076923076923077 0.09859154929577464
0 0.801923076923077 0.4924882629107981 0.10923076923076923 0.09577464788732394
0 0.963076923076923 0.5957746478873239 0.06923076923076923 0.09201877934272301
0 0.3853846153846154 0.5117370892018779 0.10307692307692308 0.09389671361502347
0 0.4846153846153846 0.5272300469483568 0.10846153846153846 0.09765258215962441
0 0.8842307692307693 0.5877934272300469 0.10461538461538461 0.09671361502347418
0 0.2823076923076923 0.49765258215962443 0.11384615384615385 0.10234741784037558
0 0.585 0.5431924882629108 0.10538461538461538 0.09859154929577464
0 0.17576923076923076 0.48262910798122066 0.11461538461538462 0.10328638497652583
0 0.7853846153846153 0.5751173708920188 0.10384615384615385 0.09295774647887324
0 0.07076923076923076 0.468075117370892 0.1123076923076923 0.10328638497652583
0 0.6853846153846154 0.5605633802816902 0.11 0.10046948356807511
0 0.3853846153846154 0.592018779342723 0.11076923076923077 0.09671361502347418
0 0.958076923076923 0.6793427230046948 0.06230769230769231 0.08732394366197183
0 0.48730769230769233 0.6089201877934273 0.10923076923076923 0.09577464788732394
0 0.5865384615384616 0.6248826291079812 0.10692307692307693 0.09014084507042254
0 0.8826923076923077 0.6704225352112676 0.10538461538461538 0.09483568075117371
0 0.7846153846153846 0.6568075117370892 0.10615384615384615 0.09577464788732394
0 0.28115384615384614 0.5821596244131455 0.11307692307692307 0.10328638497652583
0 0.685 0.6427230046948357 0.10692307692307693 0.09201877934272301
0 0.06807692307692308 0.5530516431924882 0.11384615384615385 0.09953051643192488
0 0.17384615384615384 0.5699530516431925 0.11384615384615385 0.10046948356807511
0 0.8653846153846154 0.747887323943662 0.10076923076923076 0.09014084507042254
0 0.945 0.7591549295774648 0.07153846153846154 0.08450704225352113
0 0.7715384615384615 0.7347417840375586 0.10076923076923076 0.09201877934272301
0 0.3769230769230769 0.6779342723004694 0.10692307692307693 0.09859154929577464
0 0.275 0.6633802816901408 0.11 0.09859154929577464
0 0.4773076923076923 0.6938967136150235 0.1076923076923077 0.10046948356807511
0 0.6742307692307692 0.7234741784037558 0.10692307692307693 0.09765258215962441
0 0.5761538461538461 0.7089201877934272 0.10384615384615385 0.09201877934272301
0 0.06384615384615384 0.636150234741784 0.1123076923076923 0.09859154929577464
0 0.1696153846153846 0.6549295774647887 0.11692307692307692 0.09953051643192488
0 0.9311538461538461 0.8356807511737089 0.08461538461538462 0.09107981220657277
0 0.8465384615384616 0.827699530516432 0.10307692307692308 0.09577464788732394
0 0.7488461538461538 0.8169014084507042 0.10384615384615385 0.09295774647887324
0 0.3523076923076923 0.7586854460093897 0.10846153846153846 0.09859154929577464
0 0.45384615384615384 0.7741784037558685 0.10846153846153846 0.09765258215962441
0 0.10230769230769231 0.03615023474178404 0.12307692307692308 0.07230046948356808
0 0.25115384615384617 0.7446009389671362 0.10846153846153846 0.09953051643192488
0 0.6526923076923077 0.8056338028169014 0.10615384615384615 0.09389671361502347
0 0.5538461538461539 0.7915492957746478 0.10846153846153846 0.09859154929577464
0 0.05038461538461538 0.7183098591549296 0.10076923076923076 0.09765258215962441
0 0.14807692307692308 0.7347417840375586 0.1076923076923077 0.09389671361502347
0 0.21423076923076922 0.046009389671361506 0.1176923076923077 0.09201877934272301
0 0.6457692307692308 0.10422535211267606 0.1176923076923077 0.10892018779342723
0 0.3253846153846154 0.056338028169014086 0.12153846153846154 0.11173708920187793
0 0.9353846153846154 0.9314553990610329 0.05923076923076923 0.10985915492957747
0 0.8753846153846154 0.9262910798122066 0.07384615384615385 0.10516431924882629
0 0.8088461538461539 0.9164319248826291 0.07615384615384616 0.10516431924882629
0 0.7396153846153846 0.9065727699530517 0.07769230769230769 0.10328638497652583
0 0.67 0.896244131455399 0.07538461538461538 0.10328638497652583
0 0.4523076923076923 0.8643192488262911 0.08153846153846153 0.10140845070422536
0 0.2273076923076923 0.8309859154929577 0.0823076923076923 0.10140845070422536
0 0.5988461538461538 0.8873239436619719 0.0823076923076923 0.10328638497652583
0 0.5265384615384615 0.8774647887323944 0.08076923076923077 0.09953051643192488
0 0.15115384615384617 0.8211267605633803 0.08384615384615385 0.09953051643192488
0 0.3026923076923077 0.8450704225352113 0.0823076923076923 0.09765258215962441
0 0.019615384615384614 0.8009389671361502 0.03923076923076923 0.09389671361502347
0 0.07461538461538461 0.812206572769953 0.0823076923076923 0.09577464788732394
0 0.37846153846153846 0.8577464788732394 0.07923076923076923 0.09483568075117371
0 0.4330769230769231 0.07887323943661972 0.11 0.10516431924882629
0 0.5365384615384615 0.09436619718309859 0.11153846153846154 0.10610328638497653