0 0.605 0.14718162839248433 0.15 0.12004175365344467
0 0.7411538461538462 0.13987473903966596 0.045384615384615384 0.10020876826722339
0 0.6976923076923077 0.14457202505219208 0.04923076923076923 0.1022964509394572
0 0.7842307692307692 0.1409185803757829 0.04846153846153846 0.09812108559498957
0 0.013461538461538462 0.2197286012526096 0.026923076923076925 0.09916492693110647
0 0.46076923076923076 0.17693110647181629 0.1476923076923077 0.11899791231732777
0 0.8276923076923077 0.14509394572025053 0.05 0.1022964509394572
0 0.8719230769230769 0.1430062630480167 0.047692307692307694 0.10334029227557412
0 0.9561538461538461 0.13569937369519833 0.05076923076923077 0.10125260960334029
0 0.12884615384615383 0.2160751565762004 0.04692307692307692 0.09603340292275574
0 0.36730769230769234 0.19363256784968685 0.05 0.09916492693110647
0 0.17192307692307693 0.21242171189979123 0.04923076923076923 0.09812108559498957
0 0.21307692307692308 0.21085594989561587 0.045384615384615384 0.09603340292275574
0 0.9130769230769231 0.14509394572025053 0.046153846153846156 0.1022964509394572
0 0.04692307692307692 0.22703549060542796 0.052307692307692305 0.09812108559498957
0 0.08923076923076922 0.22494780793319416 0.047692307692307694 0.09603340292275574
0 0.32346153846153847 0.2035490605427975 0.046153846153846156 0.09707724425887265
0 0.2692307692307692 0.2348643006263048 0.07230769230769231 0.061586638830897704
0 0.27153846153846156 0.044363256784968684 0.14384615384615385 0.060542797494780795
0 0.5603846153846154 0.24373695198329853 0.04846153846153846 0.09916492693110647
0 0.6146153846153846 0.24164926931106473 0.05076923076923077 0.10020876826722339
0 0.71 0.24008350730688935 0.15 0.10855949895615867
0 0.5134615384615384 0.2609603340292276 0.046153846153846156 0.09812108559498957
0 0.46153846153846156 0.2708768267223382 0.05076923076923077 0.1022964509394572
0 0.805 0.24008350730688935 0.04846153846153846 0.09916492693110647
0 0.85 0.2406054279749478 0.047692307692307694 0.09707724425887265
0 0.9742307692307692 0.2301670146137787 0.03076923076923077 0.09603340292275574
0 0.145 0.31002087682672236 0.04846153846153846 0.09916492693110647
0 0.022692307692307692 0.3220250521920668 0.045384615384615384 0.09916492693110647
0 0.06384615384615384 0.3188935281837161 0.045384615384615384 0.09394572025052192
0 0.185 0.3089770354906054 0.04692307692307692 0.1022964509394572
0 0.3596153846153846 0.2927974947807933 0.1476923076923077 0.11586638830897704
0 0.9376923076923077 0.23903966597077245 0.04692307692307692 0.1022964509394572
0 0.8953846153846153 0.24321503131524008 0.045384615384615384 0.09498956158663883
0 0.10423076923076922 0.3188935281837161 0.043076923076923075 0.09707724425887265
0 0.22615384615384615 0.3089770354906054 0.047692307692307694 0.09603340292275574
0 0.26884615384615385 0.3094989561586639 0.046153846153846156 0.09812108559498957
0 0.6246153846153846 0.33820459290187893 0.15461538461538463 0.11586638830897704
0 0.7276923076923076 0.33507306889352817 0.04846153846153846 0.10020876826722339
0 0.7707692307692308 0.3366388308977035 0.05076923076923077 0.09916492693110647
0 0.46692307692307694 0.36795407098121086 0.14692307692307693 0.11482254697286012
0 0.8138461538461539 0.33611691022964507 0.046153846153846156 0.09707724425887265
0 0.8569230769230769 0.3355949895615866 0.04846153846153846 0.09916492693110647
0 0.03192307692307692 0.4144050104384134 0.04384615384615385 0.09290187891440502
0 0.16153846153846155 0.40396659707724425 0.04692307692307692 0.09603340292275574
0 0.07115384615384615 0.41283924843423797 0.04384615384615385 0.09707724425887265
0 0.11461538461538462 0.41075156576200417 0.043076923076923075 0.09603340292275574
0 0.9792307692307692 0.32828810020876825 0.03076923076923077 0.09707724425887265
0 0.37038461538461537 0.3883089770354906 0.047692307692307694 0.09290187891440502
0 0.9011538461538462 0.3397703549060543 0.04923076923076923 0.09916492693110647
0 0.3296153846153846 0.3935281837160752 0.046153846153846156 0.09603340292275574
0 0.20423076923076924 0.40605427974947805 0.04846153846153846 0.09394572025052192
0 0.9453846153846154 0.33611691022964507 0.04846153846153846 0.09916492693110647
0 0.245 0.4034446764091858 0.04846153846153846 0.09916492693110647
0 0.2853846153846154 0.40292275574112735 0.05 0.10020876826722339
0 0.5792307692307692 0.4331941544885177 0.04846153846153846 0.09812108559498957
0 0.6292307692307693 0.43162839248434237 0.04923076923076923 0.09707724425887265
0 0.5353846153846153 0.44780793319415446 0.05153846153846154 0.10020876826722339
0 0.7273076923076923 0.4352818371607516 0.1476923076923077 0.11691022964509394
0 0.47807692307692307 0.45981210855949894 0.04692307692307692 0.10020876826722339
0 0.013076923076923076 0.5078288100208769 0.026153846153846153 0.09707724425887265
0 0.8207692307692308 0.43162839248434237 0.05153846153846154 0.09812108559498957
0 0.16653846153846155 0.4979123173277662 0.046153846153846156 0.09707724425887265
0 0.08653846153846154 0.505741127348643 0.046153846153846156 0.09812108559498957
0 0.8669230769230769 0.43162839248434237 0.05076923076923077 0.09916492693110647
0 0.04461538461538461 0.5099164926931107 0.05 0.09707724425887265
0 0.20807692307692308 0.4968684759916493 0.047692307692307694 0.09707724425887265
0 0.9111538461538462 0.4321503131524008 0.05 0.09916492693110647
0 0.12692307692307692 0.5067849686847599 0.04461538461538461 0.09707724425887265
0 0.3873076923076923 0.48173277661795405 0.15 0.11691022964509394
0 0.24846153846153846 0.49582463465553234 0.04923076923076923 0.10334029227557412
0 0.9569230769230769 0.43162839248434237 0.052307692307692305 0.10125260960334029
0 0.2919230769230769 0.49478079331941544 0.05076923076923077 0.09707724425887265
0 0.6426923076923077 0.5276617954070981 0.15538461538461537 0.12004175365344467
0 0.7392307692307692 0.528705636743215 0.046153846153846156 0.09916492693110647
0 0.5411538461538462 0.0511482254697286 0.04230769230769231 0.09916492693110647
0 0.4876923076923077 0.5553235908141962 0.1523076923076923 0.12212943632567849
0 0.7846153846153846 0.5292275574112735 0.05076923076923077 0.10125260960334029
0 0.02 0.6022964509394572 0.036153846153846154 0.09707724425887265
0 0.8296153846153846 0.5276617954070981 0.05153846153846154 0.10125260960334029
0 0.09653846153846155 0.598643006263048 0.04923076923076923 0.09498956158663883
0 0.1819230769230769 0.5918580375782881 0.05076923076923077 0.09812108559498957
0 0.8769230769230769 0.5271398747390397 0.054615384615384614 0.09812108559498957
0 0.22423076923076923 0.5902922755741128 0.05 0.09812108559498957
0 0.055384615384615386 0.6059498956158664 0.045384615384615384 0.09812108559498957
0 0.14115384615384616 0.5996868475991649 0.04846153846153846 0.09707724425887265
0 0.3923076923076923 0.5793319415448852 0.04923076923076923 0.09916492693110647
0 0.9265384615384615 0.5292275574112735 0.052307692307692305 0.10125260960334029
0 0.26884615384615385 0.5918580375782881 0.05 0.10020876826722339
0 0.34923076923076923 0.5840292275574113 0.04692307692307692 0.09707724425887265
0 0.30846153846153845 0.5923799582463466 0.04461538461538461 0.09916492693110647
0 0.9734615384615385 0.5318371607515657 0.05307692307692308 0.10334029227557412
0 0.5861538461538461 0.05010438413361169 0.04923076923076923 0.10020876826722339
0 0.6 0.6216075156576201 0.05076923076923077 0.10334029227557412
0 0.65 0.6236951983298539 0.04846153846153846 0.1022964509394572
0 0.5338461538461539 0.6419624217118998 0.047692307692307694 0.09916492693110647
0 0.7019230769230769 0.6257828810020877 0.05307692307692308 0.1022964509394572
0 0.7507692307692307 0.6252609603340292 0.052307692307692305 0.10125260960334029
0 0.4753846153846154 0.6524008350730689 0.05307692307692308 0.09812108559498957
0 0.10153846153846154 0.6905010438413361 0.05076923076923077 0.09707724425887265
0 0.023076923076923078 0.6993736951983298 0.031538461538461536 0.09290187891440502
0 0.7976923076923077 0.627348643006263 0.04923076923076923 0.09916492693110647
0 0.8438461538461538 0.6231732776617954 0.05076923076923077 0.09812108559498957
0 0.18653846153846154 0.68580375782881 0.043076923076923075 0.09290187891440502
0 0.2273076923076923 0.6821503131524008 0.04846153846153846 0.09081419624217119
0 0.4319230769230769 0.6633611691022965 0.04692307692307692 0.09498956158663883
0 0.14423076923076922 0.691544885177453 0.05076923076923077 0.09603340292275574
0 0.8888461538461538 0.6210855949895616 0.04846153846153846 0.10334029227557412
0 0.05576923076923077 0.7019832985386222 0.046153846153846156 0.09498956158663883
0 0.3903846153846154 0.6743215031315241 0.04692307692307692 0.09916492693110647
0 0.2673076923076923 0.6873695198329853 0.04846153846153846 0.09498956158663883
0 0.34884615384615386 0.6795407098121086 0.04846153846153846 0.09916492693110647
0 0.6796153846153846 0.05167014613778706 0.14692307692307693 0.10334029227557412
0 0.9365384615384615 0.6283924843423799 0.04923076923076923 0.09603340292275574
0 0.9784615384615385 0.6268267223382046 0.043076923076923075 0.10125260960334029
0 0.3088461538461538 0.6920668058455115 0.05153846153846154 0.1022964509394572
0 0.66 0.7223382045929019 0.15076923076923077 0.12004175365344467
0 0.49961538461538463 0.07359081419624217 0.047692307692307694 0.10125260960334029
0 0.7715384615384615 0.048538622129436326 0.047692307692307694 0.09707724425887265
0 0.7530769230769231 0.7207724425887265 0.04692307692307692 0.09707724425887265
0 0.2323076923076923 0.7734864300626305 0.04384615384615385 0.09603340292275574
0 0.030384615384615385 0.7927974947807933 0.036923076923076927 0.09603340292275574
0 0.4919230769230769 0.7489561586638831 0.15384615384615385 0.12734864300626306
0 0.19153846153846155 0.778705636743215 0.04692307692307692 0.09916492693110647
0 0.7976923076923077 0.7218162839248434 0.05153846153846154 0.09916492693110647
0 0.15076923076923077 0.784446764091858 0.04384615384615385 0.0918580375782881
0 0.0673076923076923 0.7943632567849687 0.04846153846153846 0.09603340292275574
0 0.10884615384615384 0.791231732776618 0.05 0.09498956158663883
0 0.8407692307692308 0.7244258872651357 0.045384615384615384 0.09916492693110647
0 0.8873076923076924 0.7207724425887265 0.04846153846153846 0.10125260960334029
0 0.3553846153846154 0.7734864300626305 0.045384615384615384 0.09603340292275574
0 0.39692307692307693 0.7708768267223383 0.04846153846153846 0.10020876826722339
0 0.27384615384615385 0.7834029227557411 0.047692307692307694 0.09916492693110647
0 0.31423076923076926 0.7813152400835073 0.046153846153846156 0.0918580375782881
0 0.9392307692307692 0.725991649269311 0.047692307692307694 0.10125260960334029
0 0.9807692307692307 0.7233820459290188 0.038461538461538464 0.09812108559498957
0 0.45884615384615385 0.081419624217119 0.04692307692307692 0.09498956158663883
0 0.014615384615384615 0.12526096033402923 0.02923076923076923 0.0918580375782881
0 0.8188461538461539 0.0511482254697286 0.052307692307692305 0.09707724425887265
0 0.8646153846153846 0.04801670146137787 0.04923076923076923 0.09603340292275574
0 0.6184615384615385 0.8162839248434238 0.046153846153846156 0.09812108559498957
0 0.6684615384615384 0.8178496868475992 0.052307692307692305 0.10020876826722339
0 0.546923076923077 0.8366388308977035 0.04846153846153846 0.09916492693110647
0 0.48923076923076925 0.8502087682672234 0.05076923076923077 0.09812108559498957
0 0.7657692307692308 0.8241127348643006 0.15076923076923077 0.11482254697286012
0 0.175 0.8810020876826722 0.04461538461538461 0.09916492693110647
0 0.13307692307692306 0.8856993736951984 0.05076923076923077 0.10020876826722339
0 0.21615384615384614 0.8794363256784968 0.04846153846153846 0.09707724425887265
0 0.09192307692307693 0.8924843423799582 0.05 0.09916492693110647
0 0.05038461538461538 0.8966597077244259 0.05384615384615385 0.10438413361169102
0 0.8638461538461538 0.8209812108559499 0.04923076923076923 0.1022964509394572
0 0.9534615384615385 0.04540709812108559 0.04846153846153846 0.09081419624217119
0 0.3953846153846154 0.8669102296450939 0.14923076923076922 0.11169102296450939
0 0.30153846153846153 0.8757828810020877 0.052307692307692305 0.1022964509394572
0 0.2573076923076923 0.8815240083507306 0.04692307692307692 0.10020876826722339
0 0.9861538461538462 0.8126304801670147 0.027692307692307693 0.09707724425887265
0 0.9526923076923077 0.8215031315240083 0.05 0.08977035490605428
0 0.91 0.8293319415448852 0.04846153846153846 0.081419624217119
0 0.3696153846153846 0.09916492693110647 0.14615384615384616 0.11691022964509394
0 0.9073076923076923 0.048538622129436326 0.05 0.09707724425887265
0 0.12923076923076923 0.12265135699373696 0.04461538461538461 0.09394572025052192
0 0.08730769230769231 0.1289144050104384 0.046153846153846156 0.09394572025052192
0 0.04730769230769231 0.13569937369519833 0.04153846153846154 0.0918580375782881
0 0.22807692307692307 0.12108559498956159 0.14461538461538462 0.11169102296450939