0 0.04346153846153846 0.14330543933054393 0.08692307692307692 0.1401673640167364
0 0.8088461538461539 0.11506276150627615 0.24461538461538462 0.16631799163179917
0 0.1973076923076923 0.1448744769874477 0.1930769230769231 0.14539748953974896
0 0.5884615384615385 0.14644351464435146 0.1946153846153846 0.15271966527196654
0 0.39576923076923076 0.16056485355648537 0.1853846153846154 0.14853556485355648
0 0.8542307692307692 0.2557531380753138 0.28384615384615386 0.17677824267782427
0 0.15307692307692308 0.2897489539748954 0.30615384615384617 0.1694560669456067
0 0.5069230769230769 0.28922594142259417 0.40076923076923077 0.16631799163179917
0 0.05346153846153846 0.4236401673640167 0.10692307692307693 0.14225941422594143
0 0.8088461538461539 0.39330543933054396 0.19153846153846155 0.1684100418410042
0 0.225 0.4325313807531381 0.16307692307692306 0.14225941422594143
0 0.6030769230769231 0.4189330543933054 0.18692307692307691 0.14330543933054393
0 0.4065384615384615 0.4382845188284519 0.19846153846153847 0.15376569037656904
0 0.5838461538461538 0.043410041841004186 0.2169230769230769 0.08682008368200837
0 0.38769230769230767 0.0502092050209205 0.18461538461538463 0.09937238493723849
0 0.8446153846153847 0.5413179916317992 0.31076923076923074 0.1788702928870293
0 0.15692307692307692 0.5821129707112971 0.3123076923076923 0.1694560669456067
0 0.5015384615384615 0.5679916317991632 0.3569230769230769 0.1799163179916318
0 0.7723076923076924 0.676255230125523 0.1453846153846154 0.13598326359832635
0 0.0673076923076923 0.7175732217573222 0.12538461538461537 0.15376569037656904
0 0.9534615384615385 0.6846234309623431 0.09307692307692307 0.1307531380753138
0 0.6180769230769231 0.7044979079497908 0.15923076923076923 0.1589958158995816
0 0.43961538461538463 0.7248953974895398 0.19538461538461538 0.1579497907949791
0 0.26884615384615385 0.7510460251046025 0.13692307692307693 0.151673640167364
0 0.8569230769230769 0.8132845188284519 0.28615384615384615 0.16213389121338911
0 0.5119230769230769 0.8357740585774058 0.4115384615384615 0.1579497907949791
0 0.15846153846153846 0.8572175732217573 0.3007692307692308 0.1401673640167364