0 0.6433333333333333 0.5953226761397277 0.18666666666666668 0.023682652457075192
0 0.15388888888888888 0.5864416814683244 0.1688888888888889 0.04203670811130847
0 0.9016666666666666 0.603611604499704 0.09 0.023682652457075192
0 0.365 0.5956187092954411 0.12555555555555556 0.03078744819419775
0 0.4905555555555556 0.6006512729425696 0.12111111111111111 0.03019538188277087
0 0.8055555555555556 0.6074600355239786 0.09333333333333334 0.02545885139135583
0 0.4911111111111111 0.06098283007696862 0.29444444444444445 0.037892243931320305
0 0.6405555555555555 0.6157489638839551 0.1811111111111111 0.02605091770278271
0 0.9744444444444444 0.07104795737122557 0.051111111111111114 0.02486678507992895
0 0.43277777777777776 0.6213735938425103 0.25222222222222224 0.03315571343990527
0 0.14277777777777778 0.6231497927767911 0.16777777777777778 0.04085257548845471
0 0.6405555555555555 0.6376554174067496 0.17777777777777778 0.02486678507992895
0 0.42388888888888887 0.6494967436352872 0.25666666666666665 0.03078744819419775
0 0.6372222222222222 0.6577856719952635 0.18 0.02605091770278271
0 0.6833333333333333 0.07015985790408526 0.09444444444444444 0.03019538188277087
0 0.1388888888888889 0.65748963883955 0.16555555555555557 0.036708111308466546
0 0.6272222222222222 0.6758436944937833 0.16777777777777778 0.022498519834221433
0 0.415 0.6767317939609236 0.2588888888888889 0.03078744819419775
0 0.12444444444444444 0.6850207223208999 0.24888888888888888 0.03315571343990527
0 0.7866666666666666 0.07548845470692718 0.11 0.02901124925991711
0 0.41333333333333333 0.7033747779751333 0.25666666666666665 0.03315571343990527
0 0.12833333333333333 0.7146240378922439 0.25666666666666665 0.036708111308466546
0 0.4088888888888889 0.7323860272350503 0.24555555555555555 0.02960331557134399
0 0.12277777777777778 0.7477797513321492 0.24555555555555555 0.037892243931320305
0 0.12111111111111111 0.7809354647720544 0.24222222222222223 0.036708111308466546
0 0.11833333333333333 0.8132030787448195 0.23666666666666666 0.036116044997039666
0 0.8894444444444445 0.08999407933688573 0.10444444444444445 0.02545885139135583
0 0.9711111111111111 0.09591474245115453 0.057777777777777775 0.023682652457075192
0 0.18444444444444444 0.08584961515689757 0.18555555555555556 0.0497335701598579
0 0.68 0.09561870929544108 0.09333333333333334 0.02901124925991711
0 0.4872222222222222 0.09295441089402014 0.2966666666666667 0.04203670811130847
0 0.7805555555555556 0.10361160449970397 0.1111111111111111 0.03256364712847839
0 0.8877777777777778 0.11693309650680876 0.10111111111111111 0.02545885139135583
0 0.9705555555555555 0.12107756068679693 0.058888888888888886 0.02427471876850207
0 0.7272222222222222 0.1275902901124926 0.1988888888888889 0.037300177619893425
0 0.4855555555555556 0.12551805802249852 0.28888888888888886 0.03966844286560095
0 0.925 0.021018354055654234 0.15 0.02664298401420959
0 0.8872222222222222 0.14120781527531084 0.09555555555555556 0.02664298401420959
0 0.9727777777777777 0.14416814683244522 0.05444444444444444 0.02427471876850207
0 0.17833333333333334 0.13291888691533452 0.18666666666666668 0.0497335701598579
0 0.7205555555555555 0.15156897572528122 0.1988888888888889 0.03907637655417407
0 0.48277777777777775 0.1566015393724097 0.28 0.04026050917702783
0 0.9083333333333333 0.167554766133807 0.18333333333333332 0.028419182948490232
0 0.6922222222222222 0.020130254588513915 0.09555555555555556 0.027827116637063352
0 0.7144444444444444 0.17702782711663706 0.19333333333333333 0.03966844286560095
0 0.17333333333333334 0.17584369449378331 0.18555555555555556 0.047957371225577264
0 0.9077777777777778 0.19330965068087627 0.18444444444444444 0.027827116637063352
0 0.41388888888888886 0.1862048549437537 0.13444444444444445 0.037892243931320305
0 0.5527777777777778 0.19419775014801657 0.13444444444444445 0.03374777975133215
0 0.7161111111111111 0.2039668442865601 0.19777777777777777 0.03848431024274719
0 0.9072222222222223 0.21847246891651864 0.18555555555555556 0.02960331557134399
0 0.7955555555555556 0.026939017169923033 0.11 0.03019538188277087
0 0.4083333333333333 0.21580817051509768 0.13666666666666666 0.037300177619893425
0 0.17555555555555555 0.020130254588513915 0.2911111111111111 0.04026050917702783
0 0.16555555555555557 0.21521610420367082 0.18333333333333332 0.045589105979869746
0 0.5466666666666666 0.22350503256364712 0.13444444444444445 0.03433984606275903
0 0.71 0.2276494967436353 0.19777777777777777 0.036708111308466546
0 0.9044444444444445 0.24422735346358793 0.19111111111111112 0.02901124925991711
0 0.6466666666666666 0.24837181764357608 0.08555555555555555 0.02664298401420959
0 0.3983333333333333 0.2468916518650089 0.13333333333333333 0.03256364712847839
0 0.7438888888888889 0.2566607460035524 0.10444444444444445 0.03078744819419775
0 0.5383333333333333 0.2566607460035524 0.1322222222222222 0.03433984606275903
0 0.9072222222222223 0.2676139727649497 0.18555555555555556 0.02960331557134399
0 0.16055555555555556 0.25754884547069273 0.17888888888888888 0.044997039668442866
0 0.6394444444444445 0.27116637063351096 0.09111111111111111 0.028419182948490232
0 0.7405555555555555 0.27856719952634695 0.10555555555555556 0.027235050325636473
0 0.39055555555555554 0.27767910005920665 0.1322222222222222 0.03197158081705151
0 0.9516666666666667 0.2912966252220249 0.09666666666666666 0.023682652457075192
0 0.8488888888888889 0.2915926583777383 0.1 0.027235050325636473
0 0.5288888888888889 0.28656009473060984 0.13 0.03315571343990527
0 0.6355555555555555 0.2963291888691533 0.08888888888888889 0.027235050325636473
0 0.495 0.02960331557134399 0.2877777777777778 0.036116044997039666
0 0.7355555555555555 0.30313795145056244 0.10555555555555556 0.02664298401420959
0 0.9527777777777777 0.31468324452338664 0.09444444444444444 0.02427471876850207
0 0.8411111111111111 0.31557134399052694 0.10444444444444445 0.02664298401420959
0 0.38222222222222224 0.30817051509769094 0.13333333333333333 0.03137951450562463
0 0.6311111111111111 0.32001184132622856 0.09222222222222222 0.027235050325636473
0 0.5222222222222223 0.3182356423919479 0.12666666666666668 0.035523978685612786
0 0.1322222222222222 0.3137951450562463 0.24222222222222223 0.047365304914150384
0 0.7355555555555555 0.3268206039076377 0.10222222222222223 0.02486678507992895
0 0.9538888888888889 0.3383658969804618 0.09222222222222222 0.02427471876850207
0 0.85 0.33777383066903494 0.1 0.02605091770278271
0 0.8983333333333333 0.04085257548845471 0.10222222222222223 0.02664298401420959
0 0.6294444444444445 0.3463587921847247 0.08888888888888889 0.02664298401420959
0 0.7272222222222222 0.3493191237418591 0.09888888888888889 0.02545885139135583
0 0.45444444444444443 0.34458259325044405 0.2688888888888889 0.04262877442273535
0 0.9544444444444444 0.36086441681468323 0.09111111111111111 0.023090586145648313
0 0.8533333333333334 0.3614564831261101 0.1 0.023090586145648313
0 0.14055555555555554 0.3540556542332741 0.26 0.046773238602723505
0 0.6811111111111111 0.37211367673179396 0.20555555555555555 0.027827116637063352
0 0.9761111111111112 0.04588513913558318 0.04777777777777778 0.02545885139135583
0 0.44333333333333336 0.37418590882178804 0.2688888888888889 0.04085257548845471
0 0.9527777777777777 0.3851391355831853 0.09444444444444444 0.023090586145648313
0 0.8494444444444444 0.3845470692717584 0.09888888888888889 0.02427471876850207
0 0.6722222222222223 0.39579632918886914 0.1988888888888889 0.027827116637063352
0 0.13444444444444445 0.3922439313203079 0.25666666666666665 0.046181172291296625
0 0.8694444444444445 0.4073416222616933 0.20444444444444446 0.02545885139135583
0 0.6905555555555556 0.04410894020130254 0.10444444444444445 0.02901124925991711
0 0.44222222222222224 0.40230905861456484 0.26555555555555554 0.03848431024274719
0 0.67 0.4177027827116637 0.19111111111111112 0.02427471876850207
0 0.8755555555555555 0.43132030787448195 0.19555555555555557 0.02545885139135583
0 0.44222222222222224 0.42924807578448787 0.2644444444444444 0.03433984606275903
0 0.13111111111111112 0.4295441089402013 0.2544444444444444 0.04085257548845471
0 0.6672222222222223 0.44020130254588513 0.19 0.02545885139135583
0 0.7916666666666666 0.0497335701598579 0.10666666666666667 0.02545885139135583
0 0.8655555555555555 0.45263469508584964 0.20555555555555555 0.02545885139135583
0 0.4388888888888889 0.458259325044405 0.26555555555555554 0.035523978685612786
0 0.6661111111111111 0.4638839550029603 0.1922222222222222 0.027235050325636473
0 0.8583333333333333 0.47542924807578446 0.20444444444444446 0.02486678507992895
0 0.12944444444444445 0.46684428656009475 0.25666666666666665 0.04144464179988159
0 0.6038888888888889 0.48697454114860866 0.0811111111111111 0.02486678507992895
0 0.6983333333333334 0.4911190053285968 0.10111111111111111 0.027827116637063352
0 0.375 0.4863824748371818 0.12555555555555556 0.03197158081705151
0 0.5033333333333333 0.4896388395500296 0.12111111111111111 0.03197158081705151
0 0.8588888888888889 0.49674363528715215 0.1988888888888889 0.02486678507992895
0 0.6016666666666667 0.5100651272942569 0.08222222222222222 0.022498519834221433
0 0.6977777777777778 0.5130254588513914 0.1 0.027235050325636473
0 0.81 0.5183540556542333 0.09444444444444444 0.018354055654233273
0 0.9133333333333333 0.5213143872113677 0.09 0.018946121965660152
0 0.17277777777777778 0.045589105979869746 0.29 0.06275902901124926
0 0.37 0.5150976909413855 0.12222222222222222 0.03374777975133215
0 0.5033333333333333 0.5174659561870929 0.12666666666666668 0.028419182948490232
0 0.14944444444444444 0.5127294256956779 0.1711111111111111 0.04381290704558911
0 0.5983333333333334 0.5313795145056246 0.08555555555555555 0.02427471876850207
0 0.69 0.5331557134399053 0.09444444444444444 0.02664298401420959
0 0.9088888888888889 0.5408525754884547 0.09111111111111111 0.02427471876850207
0 0.8094444444444444 0.5420367081113084 0.08888888888888889 0.022498519834221433
0 0.49444444444444446 0.5447010065127295 0.12444444444444444 0.03078744819419775
0 0.36777777777777776 0.5426287744227354 0.12333333333333334 0.03078744819419775
0 0.69 0.5550621669626998 0.09444444444444444 0.023682652457075192
0 0.5972222222222222 0.5535820011841326 0.08555555555555555 0.023090586145648313
0 0.9061111111111111 0.5627590290112493 0.09 0.021906453522794554
0 0.15722222222222224 0.5488454706927176 0.1688888888888889 0.04381290704558911
0 0.805 0.5639431616341031 0.09333333333333334 0.02427471876850207
0 0.3688888888888889 0.568679692125518 0.12555555555555556 0.02960331557134399
0 0.49166666666666664 0.5716400236826524 0.11888888888888889 0.03019538188277087
0 0.6883333333333334 0.5757844878626406 0.09555555555555556 0.023090586145648313
0 0.5944444444444444 0.5748963883955003 0.09111111111111111 0.021906453522794554
0 0.9044444444444445 0.5825932504440497 0.08777777777777777 0.021906453522794554
0 0.8961111111111111 0.06571936056838366 0.10444444444444445 0.02486678507992895
0 0.8055555555555556 0.5864416814683244 0.09 0.02486678507992895