0 0.8688461538461538 0.15569487983281086 0.2623076923076923 0.1400208986415883
0 0.5634615384615385 0.12695924764890282 0.3507692307692308 0.1536050156739812
0 0.22038461538461537 0.09299895506792058 0.34 0.13688610240334378
0 0.6276923076923077 0.23563218390804597 0.16692307692307692 0.12121212121212122
0 0.7973076923076923 0.25966562173458724 0.1723076923076923 0.12957157784743992
0 0.27615384615384614 0.19905956112852666 0.17076923076923076 0.11389759665621735
0 0.12153846153846154 0.18704284221525602 0.1646153846153846 0.12748171368861025
0 0.9396153846153846 0.28683385579937304 0.12076923076923077 0.11598746081504702
0 0.46384615384615385 0.23249738766980146 0.16384615384615384 0.12748171368861025
0 0.7942307692307692 0.05903866248693835 0.16615384615384615 0.07105538140020899
0 0.9384615384615385 0.07993730407523511 0.12307692307692308 0.0741901776384535
0 0.225 0.29258098223615464 0.33615384615384614 0.15673981191222572
0 0.561923076923077 0.3396029258098224 0.34384615384615386 0.14733542319749215
0 0.8661538461538462 0.38035527690700105 0.2676923076923077 0.12121212121212122
0 0.6234615384615385 0.048589341692789965 0.17153846153846153 0.09090909090909091
0 0.46 0.03918495297805643 0.16307692307692306 0.07836990595611286
0 0.275 0.03082549634273772 0.15923076923076923 0.06165099268547544
0 0.30615384615384617 0.40334378265412746 0.16692307692307692 0.1180773249738767
0 0.11576923076923076 0.024555903866248695 0.16384615384615384 0.04911180773249739
0 0.6242307692307693 0.4561128526645768 0.17076923076923076 0.11912225705329153
0 0.14423076923076922 0.4007314524555904 0.16153846153846155 0.11912225705329153
0 0.4623076923076923 0.438871473354232 0.16923076923076924 0.1180773249738767
0 0.9457692307692308 0.5219435736677116 0.10846153846153846 0.09926854754440961
0 0.8076923076923077 0.5104493207941484 0.1776923076923077 0.11912225705329153
0 0.21 0.49686520376175547 0.33384615384615385 0.148380355276907
0 0.5480769230769231 0.5412748171368861 0.35 0.14942528735632185
0 0.8584615384615385 0.6086729362591432 0.27692307692307694 0.12643678160919541
0 0.2623076923076923 0.609717868338558 0.16615384615384615 0.12330198537095088
0 0.6080769230769231 0.6551724137931034 0.1676923076923077 0.12852664576802508
0 0.10115384615384615 0.5950888192267503 0.16230769230769232 0.11598746081504702
0 0.44884615384615384 0.6363636363636364 0.16307692307692306 0.12016718913270637
0 0.938076923076923 0.7335423197492164 0.10384615384615385 0.1180773249738767
0 0.7780769230769231 0.7183908045977011 0.16846153846153847 0.12225705329153605
0 0.19692307692307692 0.6959247648902821 0.3292307692307692 0.13061650992685475
0 0.5296153846153846 0.7497387669801463 0.34307692307692306 0.13061650992685475
0 0.8419230769230769 0.8113897596656218 0.28307692307692306 0.11494252873563218
0 0.1026923076923077 0.7810867293625914 0.15076923076923077 0.1013584117032393
0 0.2580769230769231 0.800417972831766 0.16153846153846155 0.11180773249738767
0 0.42538461538461536 0.841692789968652 0.16692307692307692 0.12330198537095088
0 0.6019230769230769 0.8631138975966562 0.15923076923076923 0.12957157784743992
0 0.921923076923077 0.9205851619644723 0.11 0.08881922675026123
0 0.7776923076923077 0.9049111807732497 0.16923076923076924 0.09090909090909091