0 0.21026153846153844 0.11244058500914078 0.04779999999999999 0.13454296160877513
0 0.04033846153846154 0.11639853747714808 0.04704615384615384 0.13157221206581352
0 0.09302307692307693 0.11739488117001828 0.05659999999999999 0.13553016453382083
0 0.26253076923076923 0.12258683729433274 0.05319230769230768 0.1320658135283364
0 0.3329692307692308 0.12260511882998171 0.08075384615384616 0.13703839122486286
0 0.15528461538461538 0.12308043875685558 0.058653846153846154 0.13503656307129797
0 0.4143923076923077 0.12606946983546616 0.06031538461538463 0.12912248628884826
0 0.4573307692307692 0.14387568555758684 0.03454615384615391 0.09147166361974406
0 0.5458307692307692 0.14436928702010968 0.04658461538461534 0.08850091407678244
0 0.4969 0.14461608775137114 0.04535384615384618 0.09096892138939669
0 0.5976846153846154 0.1456032906764168 0.047815384615384676 0.07909506398537479
0 0.6426999999999999 0.14832723948811702 0.04953076923076931 0.08850091407678244
0 0.6912230769230769 0.14882084095063985 0.05576153846153847 0.09047531992687387
0 0.8803384615384616 0.15281535648994515 0.054899999999999914 0.08361060329067643
0 0.7841 0.15376599634369287 0.053215384615384664 0.09146252285191957
0 0.8259846153846153 0.15478976234003658 0.05033846153846158 0.076672760511883
0 0.7439076923076924 0.15673674588665448 0.04782307692307698 0.08750457038391227
0 0.926776923076923 0.1570201096892139 0.04363076923076908 0.0930073126142596
0 0.9686307692307693 0.1637020109689214 0.059023076923076935 0.08755941499085924
0 0.9744538461538461 0.021819012797074957 0.03981538461538478 0.04362888482632541
0 0.016938461538461534 0.23694698354661795 0.03386923076923077 0.1271297989031079
0 0.1888076923076923 0.24510968921389395 0.0582153846153846 0.13553930530164532
0 0.5904230769230769 0.24734003656307127 0.06410769230769224 0.1271297989031079
0 0.13008461538461538 0.25055758683729434 0.0549076923076923 0.12266910420475322
0 0.5351769230769231 0.2507769652650823 0.05693076923076922 0.12410420475319925
0 0.36274615384615383 0.2512705667276051 0.06200000000000002 0.12807129798903108
0 0.47582307692307696 0.2520201096892139 0.04903846153846154 0.12262340036563069
0 0.4225153846153846 0.253254113345521 0.054892307692307615 0.11817184643510052
0 0.07490000000000001 0.25352833638025596 0.05451538461538462 0.12365630712979887
0 0.2529461538461538 0.2537751371115174 0.05652307692307694 0.12414990859232172
0 0.30464615384615384 0.25448811700182816 0.05744615384615381 0.12955210237659964
0 0.648523076923077 0.25476234003656306 0.061169230769230754 0.1271297989031079
0 0.8213615384615385 0.2579798903107861 0.06692307692307692 0.12662705667276047
0 0.8819999999999999 0.2592047531992687 0.07655384615384614 0.1290859232175503
0 0.7626384615384615 0.2607038391224863 0.067776923076923 0.12811700182815353
0 0.7035 0.26144424131627053 0.06113846153846155 0.12266910420475322
0 0.9382307692307693 0.2656398537477148 0.0648692307692307 0.12413162705667274
0 0.9816384615384616 0.27010054844606946 0.03671538461538463 0.12214808043875686
0 0.06576923076923077 0.027422303473491772 0.13153846153846155 0.054844606946983544
0 0.23442307692307693 0.02905850091407678 0.05029999999999999 0.05786106032906764
0 0.9361692307692308 0.029332723948811704 0.03789230769230786 0.05866544789762341
0 0.1854846153846154 0.029488117001828153 0.04406923076923076 0.05897623400365631
0 0.28694615384615385 0.03202010968921389 0.04703076923076922 0.06380255941499087
0 0.33754615384615383 0.036727605118829984 0.04576153846153847 0.07319926873857403
0 0.015892307692307688 0.3715904936014625 0.03177692307692308 0.13208409506398539
0 0.5729076923076923 0.3725959780621572 0.05573846153846156 0.11527422303473493
0 0.5183461538461539 0.3733363802559415 0.0549307692307693 0.1197257769652651
0 0.18547692307692307 0.3745612431444241 0.056546153846153836 0.11723034734917732
0 0.4100076923076923 0.3745703839122486 0.04821538461538462 0.12121572212065815
0 0.24607692307692305 0.37629798903107864 0.059430769230769225 0.11673674588665452
0 0.46103076923076924 0.37630712979890313 0.051938461538461524 0.1197257769652651
0 0.12674615384615384 0.37753199268738574 0.06406923076923078 0.1301005484460695
0 0.6743230769230769 0.37927787934186474 0.04944615384615383 0.10982632541133452
0 0.35649230769230766 0.3807586837294333 0.05281538461538459 0.1197257769652651
0 0.058653846153846154 0.3819835466179159 0.06284615384615384 0.12317184643510055
0 0.3031846153846154 0.3819926873857404 0.05450769230769232 0.12021937842778792
0 0.6216307692307692 0.3829890310786106 0.056546153846153836 0.12120658135283366
0 0.7218538461538462 0.3844698354661792 0.06535384615384618 0.12318098720292504
0 0.8295153846153845 0.38545703839122486 0.05989999999999992 0.12515539305301643
0 0.8859461538461538 0.38941499085923215 0.06861538461538448 0.1271389396709324
0 0.7764153846153847 0.3906489945155393 0.06200000000000002 0.12070383912248625
0 0.9569307692307693 0.43415904936014627 0.08613846153846155 0.09202925045703846
0 0.38253076923076923 0.04464351005484461 0.04324615384615382 0.08903107861060329
0 0.4277230769230769 0.04860146252285192 0.04197692307692303 0.09497257769652652
0 0.5652 0.049040219378427785 0.04532307692307698 0.09807129798903108
0 0.5437538461538461 0.4906215722120658 0.056584615384615344 0.1167001828153565
0 0.23357692307692307 0.49138939670932363 0.04860769230769235 0.11030164533820842
0 0.8988538461538461 0.049424131627056674 0.04050000000000007 0.09170932358318098
0 0.4720769230769231 0.049588665447897626 0.04736923076923071 0.09893053016453383
0 0.5198076923076923 0.05002742230347349 0.04701538461538453 0.10005484460694698
0 0.6122615384615385 0.05002742230347349 0.04946923076923073 0.10005484460694698
0 0.38793846153846157 0.49434186471663616 0.05405384615384618 0.11620658135283368
0 0.17423076923076924 0.49436014625228525 0.0573769230769231 0.11327239488117004
0 0.49064615384615384 0.4958226691042047 0.054523076923076834 0.11719378427787938
0 0.2823538461538462 0.49705667276051185 0.05285384615384618 0.10977148080438755
0 0.44124615384615384 0.49854661791590493 0.05486153846153841 0.11967093235831812
0 0.12154615384615385 0.49955210237659964 0.051992307692307706 0.11276965265082262
0 0.06698461538461538 0.500292504570384 0.05117692307692308 0.1093053016453382
0 0.3362923076923077 0.5010146252285193 0.0649076923076923 0.12560329067641685
0 0.5987307692307693 0.5017641681901279 0.05239230769230761 0.11521023765996341
0 0.712223076923077 0.5069561243144425 0.0477615384615384 0.12263254113345523
0 0.822223076923077 0.5079433272394882 0.05615384615384615 0.11272394881170013
0 0.8703307692307692 0.508436928702011 0.05321538461538449 0.11371115173674592
0 0.6562 0.5084460694698355 0.05320000000000006 0.1147074954296161
0 0.6643615384615384 0.051325411334552096 0.05285384615384618 0.10240402193784277
0 0.7672461538461538 0.5190767824497258 0.06200769230769223 0.11420475319926879
0 0.7151846153846154 0.0530073126142596 0.05705384615384621 0.10461608775137111
0 0.8549076923076924 0.053985374771480805 0.05402307692307694 0.10797074954296161
0 0.9507384615384615 0.5429250457038391 0.09852307692307687 0.17790676416819018
0 0.807423076923077 0.05850091407678245 0.0573769230769231 0.10882998171846435
0 0.7586923076923077 0.058747714808043874 0.05656153846153844 0.11427787934186473
0 0.5079923076923076 0.7101919561243145 0.06711538461538462 0.13645338208409505
0 0.8476307692307693 0.7131352833638025 0.07571538461538449 0.11300731261425949
0 0.6418923076923078 0.7164990859232175 0.06529230769230777 0.13645338208409505
0 0.5778153846153846 0.7201736745886654 0.07238461538461531 0.14275137111517375
0 0.7755307692307692 0.7205850091407678 0.06947692307692312 0.14009140767824496
0 0.923623076923077 0.7230621572212066 0.06564615384615395 0.11912248628884821
0 0.43923076923076926 0.7233272394881171 0.07191538461538462 0.1490585009140767
0 0.709276923076923 0.7238482632541133 0.07100769230769227 0.14694698354661792
0 0.9739076923076923 0.7277970749542962 0.052176923076923024 0.1464442413162706
0 0.2222 0.7369744058500914 0.07190769230769233 0.14904936014625222
0 0.021538461538461538 0.7385740402193784 0.043076923076923075 0.12431444241316271
0 0.9673076923076923 0.07358318098720293 0.06538461538461539 0.06855575868372943
0 0.36123076923076924 0.7432815356489945 0.06532307692307694 0.14799817184643518
0 0.15016923076923078 0.7461700182815356 0.08343076923076921 0.13906764168190117
0 0.29273846153846156 0.7461700182815356 0.07065384615384618 0.14222120658135276
0 0.0746 0.7477422303473491 0.07993076923076922 0.13591407678244977