0 0.5813153846153847 0.09642661804922516 0.22034615384615389 0.07796718322698269
0 0.8095153846153845 0.10395624430264358 0.2254384615384616 0.07933454876937102
0 0.9632384615384616 0.10463992707383775 0.07351538461538475 0.07386508659981769
0 0.11443846153846154 0.10702825888787602 0.2284153846153846 0.08138559708295352
0 0.3533076923076923 0.11044667274384685 0.2248538461538462 0.08958979033728351
0 0.6393153846153846 0.17541476754785781 0.11357692307692314 0.08412032816773014
0 0.5216153846153846 0.17679124886052872 0.11362307692307695 0.08001823154056516
0 0.7558692307692307 0.18054694621695533 0.11237692307692301 0.07933454876937099
0 0.9678538461538462 0.18191431175934367 0.06428461538461551 0.07386508659981766
0 0.8744384615384615 0.18362807657247038 0.11867692307692324 0.07865086599817682
0 0.4020769230769231 0.1853327256153145 0.1100153846153846 0.07933454876937099
0 0.051561538461538464 0.18636280765724703 0.10266153846153844 0.07454876937101182
0 0.16522307692307692 0.1890975387420237 0.11415384615384618 0.07591613491340016
0 0.2823538461538462 0.19183226982680035 0.11526153846153848 0.08275296262534182
0 0.5772769230769231 0.2564630811303555 0.2272692307692308 0.07796718322698265
0 0.9664153846153846 0.2588514129443938 0.0671692307692309 0.07591613491340016
0 0.8092230769230769 0.2629535095715588 0.23178461538461542 0.08275296262534182
0 0.10924615384615385 0.26535095715587964 0.21803076923076922 0.08070191431175931
0 0.33542307692307693 0.2694530537830446 0.2202461538461539 0.08343664539653599
0 0.6323076923076923 0.027347310847766638 0.1123076923076923 0.054694621695533276
0 0.5195923076923077 0.030774840474020054 0.1072769230769231 0.06154968094804011
0 0.054615384615384614 0.03190519598906107 0.10923076923076923 0.06381039197812215
0 0.9592307692307692 0.032816773017319965 0.08153846153846153 0.06563354603463993
0 0.7463461538461539 0.03317228805834093 0.11180000000000002 0.06496809480401095
0 0.8612153846153846 0.03350957155879672 0.11185384615384604 0.06701914311759344
0 0.5097769230769231 0.33134913400182314 0.11535384615384618 0.08412032816773014
0 0.9603538461538462 0.33578851412944394 0.07929230769230763 0.07523245214220599
0 0.6289230769230769 0.3361349134001823 0.1124153846153847 0.07591613491340016
0 0.17329999999999998 0.03419325432999088 0.11761538461538464 0.06838650865998176
0 0.7446076923076923 0.3385323609845032 0.11871538461538456 0.08343664539653599
0 0.05076923076923077 0.34092980856882404 0.10153846153846154 0.07839562443026436
0 0.8605846153846154 0.34263445761166816 0.1175153846153846 0.07523245214220599
0 0.38823076923076927 0.34365542388331816 0.11580000000000001 0.0772835004557885
0 0.1580153846153846 0.3446855059252507 0.10781538461538463 0.07386508659981766
0 0.27053076923076924 0.3481039197812215 0.1123846153846154 0.07386508659981766
0 0.40813846153846156 0.03556061987237921 0.11174615384615383 0.07112123974475842
0 0.2924538461538462 0.03897903372835005 0.1146769230769231 0.07659981768459435
0 0.5648692307692308 0.41273473108477665 0.22553076923076928 0.08275296262534182
0 0.9586230769230769 0.41410209662716496 0.0827538461538461 0.07317228805834092
0 0.792776923076923 0.41683682771194164 0.2254384615384616 0.07454876937101182
0 0.3313846153846154 0.42059252506836825 0.22371538461538465 0.08206927985414765
0 0.1057923076923077 0.422306289881495 0.2111153846153846 0.08001823154056516
0 0.9557384615384615 0.48762078395624425 0.08852307692307687 0.07112123974475841
0 0.6145 0.49069279854147674 0.11588461538461546 0.07043755697356426
0 0.49881538461538466 0.49137648131267087 0.11650769230769234 0.07317228805834092
0 0.14792307692307693 0.49342752962625336 0.10955384615384613 0.07180492251595258
0 0.7319153846153846 0.49342752962625336 0.11295384615384618 0.0772835004557885
0 0.3772692307692308 0.4944576116681859 0.11464615384615386 0.07523245214220599
0 0.045792307692307695 0.4944576116681859 0.09113076923076922 0.07659981768459433
0 0.8458692307692308 0.4958249772105743 0.11233076923076939 0.07523245214220599
0 0.26216153846153845 0.501640838650866 0.11180769230769233 0.07865086599817682
0 0.9492307692307692 0.5615314494074749 0.10153846153846154 0.08021877848678213
0 0.5977692307692308 0.5676298997265269 0.11243076923076929 0.08070191431175931
0 0.4858307692307693 0.5686599817684594 0.11363076923076926 0.08138559708295348
0 0.35996153846153844 0.5693436645396537 0.11003846153846158 0.07591613491340016
0 0.7154692307692307 0.5707110300820419 0.11352307692307687 0.08412032816773014
0 0.8282692307692308 0.5734457611668187 0.10943846153846153 0.07591613491340016
0 0.12974615384615384 0.5734457611668187 0.12052307692307693 0.08548769371011848
0 0.033392307692307686 0.5768641750227894 0.06632307692307693 0.07591613491340016
0 0.2488923076923077 0.5795989061075661 0.10950769230769232 0.08001823154056516
0 0.9503846153846154 0.6412944393801276 0.09923076923076923 0.07566089334548769
0 0.5443769230769231 0.6483318140382862 0.22726153846153851 0.07523245214220599
0 0.7763307692307693 0.6531175934366454 0.2202384615384615 0.08070191431175931
0 0.30773076923076925 0.6534639927073838 0.2248769230769231 0.08001823154056516
0 0.09453846153846154 0.6565360072926163 0.1886153846153846 0.08206927985414765
0 0.9430384615384616 0.7215132178669098 0.11391538461538472 0.08070191431175931
0 0.5928615384615384 0.7273199635369189 0.11646153846153853 0.07454876937101182
0 0.47313076923076924 0.7276663628076573 0.11362307692307695 0.08070191431175931
0 0.7108538461538462 0.7276663628076573 0.11814615384615379 0.07659981768459433
0 0.8256692307692307 0.7300546946216956 0.11232307692307691 0.07180492251595258
0 0.35880769230769227 0.7314220601640838 0.10888461538461544 0.07180492251595258
0 0.13378461538461536 0.7324521422060164 0.11474615384615386 0.07796718322698265
0 0.24773846153846155 0.7327985414767548 0.11066153846153848 0.07591613491340016
0 0.038007692307692305 0.7389516864175023 0.0744 0.08138559708295348
0 0.9416 0.8015223336371923 0.11680000000000011 0.08480401093892431
0 0.7653615384615385 0.8066545123062898 0.22832307692307696 0.0868550592525068
0 0.5267846153846154 0.8097356426618049 0.22438461538461543 0.08206927985414765
0 0.30080769230769233 0.811440291704649 0.2225692307692308 0.08548769371011848
0 0.09223076923076924 0.8169097538742024 0.184 0.08958979033728348
0 0.9342076923076923 0.8808568824065633 0.11701538461538454 0.07386508659981766
0 0.8126923076923077 0.88257064721969 0.117523076923077 0.06907019143117592
0 0.35823076923076924 0.8829079307201458 0.11350000000000006 0.06975387420237009
0 0.6935384615384615 0.8829079307201458 0.11237692307692301 0.06975387420237009
0 0.24485384615384614 0.88359161349134 0.11296923076923078 0.06975387420237009
0 0.5827615384615384 0.88359161349134 0.10896153846153853 0.06838650865998175
0 0.4696769230769231 0.8856426618049225 0.10785384615384618 0.06291704649042842
0 0.12887692307692308 0.886672743846855 0.11647692307692309 0.060865998176845924
0 0.03540769230769231 0.8883773928896992 0.07036153846153846 0.05881494986326343