0 0.24805691854759568 0.7761538461538462 0.0802649656526006 0.03590769230769227
0 0.41236506378802745 0.7770692307692308 0.07958783120706578 0.03564615384615387
0 0.0741216879293425 0.7770692307692308 0.08025515210991167 0.03668461538461543
0 0.1617369970559372 0.7790153846153847 0.08088321884200197 0.03590769230769227
0 0.33022571148184493 0.7790153846153847 0.07928361138370948 0.0322615384615385
0 0.5016388616290481 0.7792769230769231 0.07954857703631017 0.034346153846153915
0 0.24922473012757604 0.8116769230769231 0.07861629048086358 0.034084615384615345
0 0.33601570166830225 0.8127153846153846 0.08023552502453385 0.03512307692307681
0 0.07544651619234544 0.813623076923077 0.08092247301275758 0.03643076923076933
0 0.5152502453385672 0.814146153846154 0.08088321884200197 0.03590769230769218
0 0.4173209028459274 0.8145384615384617 0.08153091265947011 0.03512307692307681
0 0.1627379784102061 0.8153153846153847 0.08089303238469088 0.03668461538461543
0 0.06732090284592737 0.8448461538461538 0.08059862610402355 0.03643076923076933
0 0.33070657507360157 0.8479692307692307 0.0822276741903827 0.03590769230769218
0 0.5042983316977429 0.8487538461538462 0.08022571148184494 0.03590769230769218
0 0.24491658488714424 0.8491384615384616 0.08127576054955842 0.03929230769230763
0 0.4216683022571148 0.8491384615384616 0.0822473012757606 0.03616923076923075
0 0.15842001962708538 0.8495307692307693 0.08156035328753682 0.0327846153846153
0 0.06682041216879293 0.8775 0.07296368989205103 0.03096153846153846
0 0.2331305201177625 0.8844000000000001 0.08160942100098133 0.034346153846153915
0 0.14780176643768403 0.8854384615384615 0.08554465161923457 0.034346153846153915
0 0.33469087340529935 0.8855692307692308 0.08023552502453385 0.03460769230769214
0 0.41984298331697745 0.8855692307692308 0.08125613346418052 0.03564615384615396
0 0.5039744847890087 0.8862153846153845 0.08155053974484786 0.03643076923076933
0 0.07760549558390578 0.9096384615384615 0.07727183513248281 0.034869230769230715
0 0.1546025515210991 0.9158846153846154 0.07392541707556426 0.028100000000000153
0 0.32655544651619234 0.9199153846153847 0.08322865554465157 0.03564615384615396
0 0.23296368989205102 0.9206923076923078 0.07994111874386654 0.03616923076923075
0 0.41052011776251224 0.9213461538461538 0.08385672227674194 0.036946153846154
0 0.49600588812561336 0.9233 0.07890088321884198 0.03668461538461543
0 0.2231992149165849 0.4520153846153846 0.07794896957801764 0.036523076923076936
0 0.08740922473012756 0.45611538461538464 0.07961727183513248 0.037469230769230796
0 0.1711776251226693 0.4879384615384616 0.07175662414131502 0.037138461538461516
0 0.26318940137389596 0.48869999999999997 0.08181550539744849 0.0350076923076923
0 0.3456133464180569 0.49126153846153847 0.08152109911678121 0.04233846153846151
0 0.08740922473012756 0.4928076923076923 0.08028459273797842 0.03694615384615382
0 0.5042688910696762 0.4952 0.07846908734052997 0.03328461538461537
0 0.4245632973503435 0.4973923076923077 0.08074582924435719 0.03533076923076928
0 0.25425907752698723 0.5227923076923077 0.08026496565260058 0.03683076923076931
0 0.16864573110893033 0.5247692307692308 0.08457311089303239 0.034699999999999925
0 0.33648675171736997 0.5273230769230769 0.07965652600588809 0.038538461538461466
0 0.0861432777232581 0.528723076923077 0.08111874386653584 0.03835384615384608
0 0.50053974484789 0.5292230769230769 0.0769872423945044 0.0347461538461539
0 0.42233562315996076 0.5314076923076924 0.07701668302257117 0.03620769230769226
0 0.2666241413150147 0.5587692307692308 0.07953876349362118 0.034084615384615345
0 0.17917566241413152 0.5594153846153846 0.08190382728164866 0.03694615384615382
0 0.09139352306182531 0.5633153846153846 0.08094210009813545 0.035907692307692356
0 0.3519430814524043 0.5639692307692308 0.08300294406280671 0.03357692307692315
0 0.4983120706575073 0.5651307692307692 0.07624141315014726 0.03533076923076928
0 0.42270853778213935 0.5652769230769231 0.05392541707556432 0.03386923076923075
0 0.2561629048086359 0.5922000000000001 0.07921491658488718 0.034869230769230715
0 0.42530912659470066 0.598423076923077 0.07552502453385676 0.03416153846153853
0 0.17021589793915604 0.5993538461538461 0.08522080471050052 0.03460769230769231
0 0.34096172718351325 0.5997307692307692 0.08189401373895981 0.03562307692307688
0 0.08243375858684986 0.6001384615384615 0.08360157016683023 0.035646153846153786
0 0.509106967615309 0.6004615384615385 0.07846908734052997 0.03357692307692315
0 0.2564965652600589 0.6285 0.08053974484789006 0.03616923076923075
0 0.42754661432777236 0.6337461538461538 0.08073601570166829 0.03650000000000003
0 0.17269872423945043 0.6342230769230769 0.08090284592737979 0.03460769230769231
0 0.5152502453385672 0.6343307692307693 0.07958783120706572 0.035915384615384655
0 0.34263984298331696 0.6350615384615385 0.07853778213935228 0.032115384615384615
0 0.0819332679097154 0.6361692307692307 0.08194308145240432 0.034869230769230715
0 0.2571638861629048 0.6646615384615384 0.08319921491658486 0.035123076923076986
0 0.42497546614327775 0.6690846153846154 0.07891069676153088 0.03460769230769231
0 0.511432777232581 0.6697384615384615 0.07987242394504421 0.03538461538461538
0 0.3418449460255152 0.670776923076923 0.0826005888125613 0.037469230769230796
0 0.08142296368989205 0.6711692307692307 0.08423945044160942 0.03460769230769231
0 0.16921491658488716 0.6731230769230769 0.08322865554465163 0.037469230769230796
0 0.25436702649656523 0.7009615384615384 0.0862315996074583 0.038507692307692264
0 0.4244847890088322 0.7046076923076923 0.07924435721295388 0.03538461538461538
0 0.5096074582924436 0.7062923076923077 0.0782139352306183 0.03668461538461543
0 0.3403532875368008 0.7066846153846155 0.08160942100098133 0.03538461538461538
0 0.07727183513248283 0.7070769230769232 0.08124631992149164 0.034084615384615345
0 0.16737978410206084 0.7091538461538461 0.08088321884200197 0.03668461538461543
0 0.24922473012757607 0.7376461538461538 0.08324828263002942 0.036430769230769156
0 0.42050049067713446 0.7402538461538462 0.08057899901864575 0.035907692307692356
0 0.06432777232580962 0.7412923076923077 0.07727183513248281 0.03382307692307694
0 0.5046319921491659 0.7419384615384615 0.08087340529931307 0.035123076923076986
0 0.3358684985279686 0.7424615384615385 0.08393523061825316 0.035646153846153786
0 0.16538763493621197 0.7431153846153846 0.07889106967615307 0.034346153846153915