0 0.4403846153846154 0.08169014084507042 0.08153846153846153 0.05539906103286385
0 0.8561538461538462 0.15586854460093896 0.08307692307692308 0.06103286384976526
0 0.2946153846153846 0.061971830985915494 0.06923076923076923 0.054460093896713614
0 0.22423076923076923 0.056338028169014086 0.07307692307692308 0.05352112676056338
0 0.9334615384615385 0.17887323943661973 0.08615384615384615 0.06572769953051644
0 0.9907692307692307 0.19436619718309858 0.018461538461538463 0.06009389671361502
0 0.7603846153846154 0.15492957746478872 0.0823076923076923 0.05821596244131456
0 0.6792307692307692 0.14272300469483568 0.08 0.056338028169014086
0 0.10923076923076923 0.046009389671361506 0.12692307692307692 0.07417840375586854
0 0.5642307692307692 0.12769953051643193 0.15 0.06572769953051644
0 0.405 0.11549295774647887 0.15615384615384614 0.07981220657276995
0 0.8503846153846154 0.20140845070422536 0.08384615384615385 0.06103286384976526
0 0.24769230769230768 0.10328638497652583 0.15615384615384614 0.07605633802816901
0 0.9265384615384615 0.22347417840375586 0.0823076923076923 0.05821596244131456
0 0.9811538461538462 0.24131455399061033 0.03769230769230769 0.056338028169014086
0 0.5234615384615384 0.160093896713615 0.07769230769230769 0.05070422535211268
0 0.7338461538461538 0.19671361502347418 0.15615384615384614 0.07230046948356808
0 0.5980769230769231 0.1755868544600939 0.08153846153846153 0.056338028169014086
0 0.065 0.084037558685446 0.04846153846153846 0.05352112676056338
0 0.12384615384615384 0.10093896713615023 0.08153846153846153 0.06572769953051644
0 0.35307692307692307 0.14694835680751173 0.07923076923076923 0.061971830985915494
0 0.5438461538461539 0.022535211267605635 0.08 0.04507042253521127
0 0.8969230769230769 0.08169014084507042 0.16153846153846155 0.06384976525821597
0 0.42346153846153844 0.015492957746478873 0.15153846153846154 0.030985915492957747
0 0.4307692307692308 0.16854460093896714 0.08153846153846153 0.06291079812206572
0 0.20115384615384616 0.13615023474178403 0.08 0.06009389671361502
0 0.89 0.2605633802816901 0.1646153846153846 0.08450704225352113
0 0.9873076923076923 0.1028169014084507 0.025384615384615384 0.051643192488262914
0 0.2776923076923077 0.1572769953051643 0.07307692307692308 0.05352112676056338
0 0.5484615384615384 0.2084507042253521 0.16307692307692306 0.07230046948356808
0 0.9842307692307692 0.28779342723004697 0.031538461538461536 0.05539906103286385
0 0.7665384615384615 0.24788732394366197 0.0876923076923077 0.061971830985915494
0 0.6826923076923077 0.23661971830985915 0.08538461538461538 0.06009389671361502
0 0.057692307692307696 0.1352112676056338 0.04384615384615385 0.05258215962441314
0 0.11346153846153846 0.14553990610328638 0.07461538461538461 0.06103286384976526
0 0.62 0.038028169014084505 0.08076923076923077 0.056338028169014086
0 0.3792307692307692 0.20093896713615023 0.16384615384615384 0.08732394366197183
0 0.22076923076923077 0.18779342723004694 0.13615384615384615 0.0676056338028169
0 0.5392307692307692 0.24835680751173708 0.16153846153846155 0.07511737089201878
0 0.8846153846153846 0.307981220657277 0.16615384615384615 0.08262910798122065
0 0.9807692307692307 0.33380281690140845 0.038461538461538464 0.05727699530516432
0 0.7119230769230769 0.28826291079812205 0.16230769230769232 0.07230046948356808
0 0.08692307692307692 0.18732394366197183 0.11384615384615385 0.06854460093896714
0 0.3723076923076923 0.2460093896713615 0.16615384615384615 0.0892018779342723
0 0.7365384615384616 0.06338028169014084 0.15923076923076923 0.07230046948356808
0 0.21807692307692308 0.23051643192488264 0.14923076923076922 0.07605633802816901
0 0.4980769230769231 0.2863849765258216 0.07769230769230769 0.05539906103286385
0 0.8834615384615384 0.35539906103286384 0.16 0.07981220657276995
0 0.9784615384615385 0.3779342723004695 0.043076923076923075 0.05352112676056338
0 0.5711538461538461 0.3103286384976526 0.07846153846153846 0.056338028169014086
0 0.08038461538461539 0.22629107981220659 0.11 0.06666666666666667
0 0.7003846153846154 0.3342723004694836 0.1676923076923077 0.07699530516431925
0 0.3334615384615385 0.28779342723004697 0.08 0.06384976525821597
0 0.16653846153846155 0.2624413145539906 0.07538461538461538 0.059154929577464786
0 0.41 0.3061032863849765 0.0823076923076923 0.06291079812206572
0 0.24307692307692308 0.2821596244131455 0.07230769230769231 0.048826291079812206
0 0.49230769230769234 0.3295774647887324 0.08 0.056338028169014086
0 0.8173076923076923 0.3863849765258216 0.08923076923076922 0.0647887323943662
0 0.9111538461538462 0.4089201877934272 0.08307692307692308 0.06103286384976526
0 0.03923076923076923 0.26103286384976526 0.036153846153846154 0.046948356807511735
0 0.9803846153846154 0.423943661971831 0.03923076923076923 0.05539906103286385
0 0.5646153846153846 0.35492957746478876 0.07846153846153846 0.054460093896713614
0 0.7315384615384616 0.3854460093896714 0.08 0.059154929577464786
0 0.08884615384615385 0.27605633802816903 0.07307692307692308 0.054460093896713614
0 0.6457692307692308 0.3727699530516432 0.08538461538461538 0.05821596244131456
0 0.32153846153846155 0.33192488262910796 0.08153846153846153 0.061971830985915494
0 0.165 0.307981220657277 0.08307692307692308 0.06009389671361502
0 0.24153846153846154 0.3244131455399061 0.07692307692307693 0.054460093896713614
0 0.40307692307692305 0.3539906103286385 0.08307692307692308 0.06103286384976526
0 0.8103846153846154 0.4323943661971831 0.09 0.06572769953051644
0 0.3680769230769231 0.01971830985915493 0.08076923076923077 0.03943661971830986
0 0.9073076923076923 0.4539906103286385 0.0823076923076923 0.059154929577464786
0 0.9776923076923076 0.4676056338028169 0.04461538461538461 0.05821596244131456
0 0.03461538461538462 0.30704225352112674 0.038461538461538464 0.05070422535211268
0 0.5207692307692308 0.39061032863849765 0.16307692307692306 0.06948356807511737
0 0.09307692307692307 0.32065727699530516 0.06461538461538462 0.05070422535211268
0 0.7238461538461538 0.4328638497652582 0.08076923076923077 0.06291079812206572
0 0.6407692307692308 0.4197183098591549 0.0823076923076923 0.05821596244131456
0 0.3596153846153846 0.38967136150234744 0.16 0.07887323943661972
0 0.2 0.3624413145539906 0.1676923076923077 0.07887323943661972
0 0.85 0.48826291079812206 0.15846153846153846 0.07699530516431925
0 0.06653846153846153 0.355868544600939 0.1123076923076923 0.06384976525821597
0 0.963076923076923 0.5126760563380282 0.07384615384615385 0.06009389671361502
0 0.5161538461538462 0.43615023474178405 0.1646153846153846 0.07417840375586854
0 0.6823076923076923 0.4765258215962441 0.16538461538461538 0.07605633802816901
0 0.3523076923076923 0.43380281690140843 0.16230769230769232 0.07981220657276995
0 0.19423076923076923 0.4070422535211268 0.16 0.07230046948356808
0 0.06230769230769231 0.39530516431924884 0.1123076923076923 0.06572769953051644
0 0.8384615384615385 0.5333333333333333 0.16307692307692306 0.07699530516431925
0 0.48115384615384615 0.476056338028169 0.07692307692307693 0.05539906103286385
0 0.9588461538461538 0.5586854460093896 0.0823076923076923 0.059154929577464786
0 0.5538461538461539 0.492018779342723 0.08 0.056338028169014086
0 0.6753846153846154 0.5201877934272301 0.16615384615384615 0.07511737089201878
0 0.1503846153846154 0.4394366197183099 0.08076923076923077 0.05727699530516432
0 0.22576923076923078 0.45586854460093895 0.07923076923076923 0.05539906103286385
0 0.3 0.46854460093896716 0.07923076923076923 0.05821596244131456
0 0.38653846153846155 0.4892018779342723 0.07923076923076923 0.05821596244131456
0 0.021538461538461538 0.4291079812206573 0.04 0.04976525821596244
0 0.07807692307692307 0.44178403755868545 0.07 0.05539906103286385
0 0.7923076923076923 0.568075117370892 0.08307692307692308 0.05821596244131456
0 0.8738461538461538 0.5868544600938967 0.0823076923076923 0.059154929577464786
0 0.4773076923076923 0.5206572769953052 0.07769230769230769 0.056338028169014086
0 0.9592307692307692 0.6032863849765259 0.07230769230769231 0.061971830985915494
0 0.555 0.5384976525821596 0.07923076923076923 0.05727699530516432
0 0.6365384615384615 0.5582159624413146 0.08538461538461538 0.061971830985915494
0 0.7161538461538461 0.5751173708920188 0.08307692307692308 0.059154929577464786
0 0.44653846153846155 0.04084507042253521 0.07846153846153846 0.061971830985915494
0 0.2169230769230769 0.49671361502347416 0.07769230769230769 0.05727699530516432
0 0.1373076923076923 0.48544600938967136 0.07692307692307693 0.06009389671361502
0 0.3038461538461538 0.5173708920187794 0.07615384615384616 0.054460093896713614
0 0.3830769230769231 0.531924882629108 0.07769230769230769 0.056338028169014086
0 0.8965384615384615 0.11971830985915492 0.1576923076923077 0.07699530516431925
0 0.065 0.48450704225352115 0.07538461538461538 0.054460093896713614
0 0.7938461538461539 0.6145539906103287 0.07692307692307693 0.056338028169014086
0 0.9569230769230769 0.6469483568075117 0.06692307692307692 0.06384976525821597
0 0.8661538461538462 0.631924882629108 0.08076923076923077 0.056338028169014086
0 0.49230769230769234 0.5685446009389671 0.1523076923076923 0.0676056338028169
0 0.6261538461538462 0.6004694835680752 0.08307692307692308 0.06009389671361502
0 0.708076923076923 0.6197183098591549 0.08153846153846153 0.056338028169014086
0 0.29846153846153844 0.023004694835680753 0.06461538461538462 0.046009389671361506
0 0.15730769230769232 0.5375586854460094 0.14846153846153845 0.07136150234741784
0 0.3123076923076923 0.568075117370892 0.15692307692307692 0.08075117370892018
0 0.5311538461538462 0.06150234741784037 0.08 0.06103286384976526
0 0.040769230769230766 0.5258215962441315 0.08153846153846153 0.06384976525821597
0 0.23153846153846153 0.018779342723004695 0.07692307692307693 0.03755868544600939
0 0.8273076923076923 0.6694835680751173 0.15384615384615385 0.07511737089201878
0 0.4857692307692308 0.6107981220657277 0.14846153846153845 0.06666666666666667
0 0.948076923076923 0.6924882629107981 0.07384615384615385 0.06291079812206572
0 0.9857692307692307 0.14507042253521127 0.02846153846153846 0.06666666666666667
0 0.6438461538461538 0.6525821596244131 0.16307692307692306 0.07793427230046948
0 0.6061538461538462 0.0784037558685446 0.08153846153846153 0.06103286384976526
0 0.15384615384615385 0.5807511737089202 0.1476923076923077 0.07230046948356808
0 0.31076923076923074 0.612206572769953 0.15461538461538463 0.07887323943661972
0 0.03923076923076923 0.5694835680751174 0.07769230769230769 0.05352112676056338
0 0.5092307692307693 0.6582159624413145 0.07615384615384616 0.054460093896713614
0 0.821923076923077 0.7126760563380282 0.15307692307692308 0.07417840375586854
0 0.4369230769230769 0.6469483568075117 0.07615384615384616 0.05727699530516432
0 0.9423076923076923 0.7370892018779343 0.07538461538461538 0.06103286384976526
0 0.7657692307692308 0.10845070422535211 0.08153846153846153 0.056338028169014086
0 0.6 0.687793427230047 0.08 0.056338028169014086
0 0.6807692307692308 0.7061032863849765 0.0823076923076923 0.05727699530516432
0 0.11153846153846154 0.615962441314554 0.0823076923076923 0.05821596244131456
0 0.2673076923076923 0.6431924882629108 0.08615384615384615 0.05539906103286385
0 0.18615384615384614 0.6314553990610329 0.07461538461538461 0.056338028169014086
0 0.031538461538461536 0.6065727699530516 0.06307692307692307 0.06384976525821597
0 0.34307692307692306 0.6657276995305165 0.07923076923076923 0.05821596244131456
0 0.815 0.7525821596244131 0.1476923076923077 0.07042253521126761
0 0.5038461538461538 0.7014084507042253 0.07538461538461538 0.05539906103286385
0 0.935 0.7755868544600939 0.08 0.06009389671361502
0 0.4288461538461538 0.6901408450704225 0.07615384615384616 0.05821596244131456
0 0.6746153846153846 0.7455399061032864 0.08076923076923077 0.05727699530516432
0 0.6876923076923077 0.1 0.07846153846153846 0.05352112676056338
0 0.5938461538461538 0.7319248826291079 0.07923076923076923 0.05727699530516432
0 0.105 0.6605633802816901 0.08153846153846153 0.056338028169014086
0 0.18115384615384617 0.6755868544600939 0.07692307692307693 0.05821596244131456
0 0.023846153846153847 0.647887323943662 0.047692307692307694 0.054460093896713614
0 0.25653846153846155 0.6929577464788732 0.08307692307692308 0.05821596244131456
0 0.33807692307692305 0.7126760563380282 0.08 0.056338028169014086
0 0.838076923076923 0.7990610328638498 0.07538461538461538 0.05258215962441314
0 0.7530769230769231 0.7859154929577464 0.07923076923076923 0.05539906103286385
0 0.921923076923077 0.815962441314554 0.09692307692307692 0.06291079812206572
0 0.4642307692307692 0.7431924882629108 0.16307692307692306 0.07323943661971831
0 0.6311538461538462 0.7826291079812207 0.15 0.06666666666666667
0 0.11653846153846154 0.023004694835680753 0.13307692307692306 0.046009389671361506
0 0.13692307692307693 0.7075117370892019 0.14923076923076922 0.06666666666666667
0 0.02346153846153846 0.6915492957746479 0.04692307692307692 0.04976525821596244
0 0.2876923076923077 0.7474178403755869 0.15307692307692308 0.06948356807511737
0 0.7426923076923077 0.8286384976525821 0.08153846153846153 0.061971830985915494
0 0.9207692307692308 0.860093896713615 0.08923076923076922 0.06291079812206572
0 0.8323076923076923 0.8455399061032863 0.07538461538461538 0.05258215962441314
0 0.4596153846153846 0.7915492957746478 0.16307692307692306 0.07511737089201878
0 0.6246153846153846 0.8234741784037559 0.14846153846153845 0.06854460093896714
0 0.12576923076923077 0.7460093896713615 0.1576923076923077 0.07417840375586854
0 0.01769230769230769 0.7291079812206572 0.03538461538461538 0.051643192488262914
0 0.7769230769230769 0.8765258215962441 0.15076923076923077 0.06291079812206572
0 0.2746153846153846 0.7910798122065728 0.14923076923076922 0.07323943661971831
0 0.9103846153846153 0.9004694835680751 0.07461538461538461 0.054460093896713614
0 0.3626923076923077 0.056338028169014086 0.08153846153846153 0.061971830985915494
0 0.39384615384615385 0.823943661971831 0.07846153846153846 0.061971830985915494
0 0.66 0.8723004694835681 0.07692307692307693 0.05352112676056338
0 0.49115384615384616 0.8436619718309859 0.08 0.054460093896713614
0 0.5853846153846154 0.8629107981220657 0.07692307692307693 0.05258215962441314
0 0.08307692307692308 0.7835680751173709 0.08076923076923077 0.056338028169014086
0 0.15846153846153846 0.7967136150234742 0.07538461538461538 0.051643192488262914
0 0.010769230769230769 0.7704225352112676 0.021538461538461538 0.051643192488262914
0 0.7811538461538462 0.9169014084507042 0.14076923076923076 0.06384976525821597
0 0.9030769230769231 0.9394366197183098 0.07615384615384616 0.05539906103286385
0 0.23384615384615384 0.8253521126760563 0.07615384615384616 0.04976525821596244
0 0.3057692307692308 0.8460093896713615 0.07461538461538461 0.05539906103286385
0 0.6569230769230769 0.9145539906103286 0.07615384615384616 0.05352112676056338
0 0.585 0.9028169014084507 0.07230769230769231 0.046948356807511735
0 0.48653846153846153 0.887793427230047 0.07923076923076923 0.056338028169014086
0 0.38384615384615384 0.8708920187793427 0.07769230769230769 0.06291079812206572
0 0.07230769230769231 0.823943661971831 0.08 0.05539906103286385
0 0.007307692307692308 0.8112676056338028 0.014615384615384615 0.048826291079812206
0 0.14846153846153845 0.8403755868544601 0.07769230769230769 0.048826291079812206
0 0.91 0.9741784037558685 0.08307692307692308 0.04507042253521127
0 0.7376923076923076 0.9460093896713615 0.07538461538461538 0.04037558685446009
0 0.22884615384615384 0.85962441314554 0.07230769230769231 0.036619718309859155
0 0.8173076923076923 0.9624413145539906 0.08384615384615385 0.03755868544600939
0 0.29846153846153844 0.8760563380281691 0.07 0.02910798122065728