0 0.7753846153846153 0.14211076280041798 0.046153846153846156 0.03239289446185998
0 0.7088461538461538 0.16614420062695925 0.10692307692307693 0.030303030303030304
0 0.7711538461538462 0.180773249738767 0.027692307692307693 0.06374085684430512
0 0.71 0.19278996865203762 0.11076923076923077 0.022988505747126436
0 0.7111538461538461 0.21630094043887146 0.10538461538461538 0.02612330198537095
0 0.72 0.24242424242424243 0.09076923076923077 0.027168234064785787
0 0.8434615384615385 0.2664576802507837 0.12076923076923077 0.03657262277951933
0 0.7246153846153847 0.26750261233019856 0.10230769230769231 0.02612330198537095
0 0.5407692307692308 0.27377220480668757 0.016923076923076923 0.05329153605015674
0 0.5234615384615384 0.274294670846395 0.016923076923076923 0.0522466039707419
0 0.5073076923076923 0.274294670846395 0.015384615384615385 0.050156739811912224
0 0.6019230769230769 0.274294670846395 0.10384615384615385 0.05747126436781609
0 0.4896153846153846 0.2836990595611285 0.01769230769230769 0.06896551724137931
0 0.09038461538461538 0.28422152560083597 0.016153846153846154 0.07105538140020899
0 0.10807692307692307 0.28474399164054337 0.018461538461538463 0.07001044932079414
0 0.02846153846153846 0.28474399164054337 0.016923076923076923 0.06687565308254964
0 0.05846153846153846 0.2852664576802508 0.013076923076923076 0.06896551724137931
0 0.07346153846153847 0.2852664576802508 0.016923076923076923 0.07001044932079414
0 0.4726923076923077 0.2852664576802508 0.018461538461538463 0.07001044932079414
0 0.04576923076923077 0.2852664576802508 0.016153846153846154 0.06896551724137931
0 0.22653846153846155 0.2852664576802508 0.015384615384615385 0.07001044932079414
0 0.3719230769230769 0.2852664576802508 0.016923076923076923 0.07210031347962383
0 0.011538461538461539 0.2857889237199582 0.016923076923076923 0.06896551724137931
0 0.32384615384615384 0.2857889237199582 0.015384615384615385 0.07001044932079414
0 0.12576923076923077 0.2857889237199582 0.016923076923076923 0.06896551724137931
0 0.2753846153846154 0.2857889237199582 0.015384615384615385 0.07105538140020899
0 0.21 0.2857889237199582 0.016923076923076923 0.07001044932079414
0 0.2915384615384615 0.2857889237199582 0.016923076923076923 0.07105538140020899
0 0.1426923076923077 0.2857889237199582 0.016153846153846154 0.07105538140020899
0 0.40692307692307694 0.2857889237199582 0.015384615384615385 0.07105538140020899
0 0.43923076923076926 0.28631138975966564 0.01769230769230769 0.07105538140020899
0 0.30846153846153845 0.28631138975966564 0.016923076923076923 0.07210031347962383
0 0.8461538461538461 0.28631138975966564 0.12153846153846154 0.027168234064785787
0 0.39 0.28631138975966564 0.016923076923076923 0.07105538140020899
0 0.4230769230769231 0.28683385579937304 0.014615384615384615 0.07210031347962383
0 0.16038461538461538 0.28683385579937304 0.01769230769230769 0.07001044932079414
0 0.1926923076923077 0.28683385579937304 0.016153846153846154 0.06896551724137931
0 0.25846153846153846 0.28683385579937304 0.015384615384615385 0.07001044932079414
0 0.45615384615384613 0.28683385579937304 0.01769230769230769 0.07210031347962383
0 0.17692307692307693 0.28683385579937304 0.015384615384615385 0.07001044932079414
0 0.3553846153846154 0.2878787878787879 0.016153846153846154 0.07001044932079414
0 0.3396153846153846 0.2878787878787879 0.015384615384615385 0.07210031347962383
0 0.24269230769230768 0.2884012539184953 0.015384615384615385 0.06792058516196448
0 0.7338461538461538 0.28996865203761757 0.07615384615384616 0.02089864158829676
0 0.5838461538461538 0.3401253918495298 0.02076923076923077 0.0877742946708464
0 0.4453846153846154 0.3406478578892372 0.01769230769230769 0.035527690700104496
0 0.5019230769230769 0.3406478578892372 0.02076923076923077 0.08463949843260188
0 0.9165384615384615 0.3406478578892372 0.019230769230769232 0.08359456635318704
0 0.9353846153846154 0.34117032392894464 0.018461538461538463 0.08150470219435736
0 0.4626923076923077 0.34169278996865204 0.016923076923076923 0.03343782654127482
0 0.47846153846153844 0.34169278996865204 0.016923076923076923 0.03761755485893417
0 0.7769230769230769 0.34221525600835945 0.021538461538461538 0.08568443051201671
0 0.5242307692307693 0.34221525600835945 0.018461538461538463 0.08254963427377221
0 0.8580769230769231 0.34221525600835945 0.021538461538461538 0.08568443051201671
0 0.5438461538461539 0.34273772204806685 0.018461538461538463 0.08254963427377221
0 0.6453846153846153 0.34273772204806685 0.02 0.08463949843260188
0 0.796923076923077 0.34273772204806685 0.01769230769230769 0.08359456635318704
0 0.8334615384615385 0.34273772204806685 0.018461538461538463 0.08150470219435736
0 0.8969230769230769 0.34273772204806685 0.02076923076923077 0.08254963427377221
0 0.563076923076923 0.34273772204806685 0.02 0.08463949843260188
0 0.75 0.34273772204806685 0.02 0.08359456635318704
0 0.9592307692307692 0.34273772204806685 0.01769230769230769 0.08254963427377221
0 0.7253846153846154 0.34273772204806685 0.02 0.08359456635318704
0 0.7046153846153846 0.34273772204806685 0.02076923076923077 0.08359456635318704
0 0.6842307692307692 0.3432601880877743 0.02076923076923077 0.08359456635318704
0 0.8765384615384615 0.3432601880877743 0.016153846153846154 0.08359456635318704
0 0.815 0.3432601880877743 0.016153846153846154 0.08463949843260188
0 0.6653846153846154 0.3443051201671891 0.02 0.08672936259143156
0 0.9803846153846154 0.3448275862068966 0.023076923076923078 0.08254963427377221
0 0.6246153846153846 0.3448275862068966 0.02076923076923077 0.08463949843260188
0 0.6042307692307692 0.345350052246604 0.02 0.08359456635318704
0 0.11115384615384616 0.3552769070010449 0.016153846153846154 0.06896551724137931
0 0.04423076923076923 0.3552769070010449 0.016923076923076923 0.07001044932079414
0 0.027307692307692307 0.3552769070010449 0.016923076923076923 0.06896551724137931
0 0.2103846153846154 0.3552769070010449 0.014615384615384615 0.06896551724137931
0 0.061153846153846156 0.3557993730407524 0.016923076923076923 0.06896551724137931
0 0.010769230769230769 0.3557993730407524 0.016153846153846154 0.06896551724137931
0 0.1276923076923077 0.3557993730407524 0.014615384615384615 0.06896551724137931
0 0.095 0.3557993730407524 0.016153846153846154 0.06896551724137931
0 0.1946153846153846 0.3557993730407524 0.013846153846153847 0.06792058516196448
0 0.31 0.3557993730407524 0.015384615384615385 0.06792058516196448
0 0.07807692307692307 0.3563218390804598 0.016153846153846154 0.07001044932079414
0 0.22615384615384615 0.3563218390804598 0.014615384615384615 0.06792058516196448
0 0.145 0.3563218390804598 0.018461538461538463 0.06896551724137931
0 0.27576923076923077 0.3563218390804598 0.016923076923076923 0.07001044932079414
0 0.29384615384615387 0.3573667711598746 0.016153846153846154 0.06792058516196448
0 0.4276923076923077 0.3573667711598746 0.016923076923076923 0.07001044932079414
0 0.3776923076923077 0.3573667711598746 0.018461538461538463 0.07001044932079414
0 0.16153846153846155 0.35788923719958204 0.016923076923076923 0.07001044932079414
0 0.2423076923076923 0.35788923719958204 0.016153846153846154 0.07001044932079414
0 0.17884615384615385 0.35788923719958204 0.015384615384615385 0.06896551724137931
0 0.39576923076923076 0.35788923719958204 0.01769230769230769 0.07105538140020899
0 0.4123076923076923 0.35788923719958204 0.013076923076923076 0.06687565308254964
0 0.25846153846153846 0.35841170323928945 0.016923076923076923 0.07105538140020899
0 0.35923076923076924 0.35893416927899685 0.016153846153846154 0.06896551724137931
0 0.32576923076923076 0.3594566353187043 0.016153846153846154 0.07105538140020899
0 0.3423076923076923 0.3605015673981191 0.016153846153846154 0.07105538140020899
0 0.44884615384615384 0.3714733542319749 0.05 0.024033437826541274
0 0.916923076923077 0.4200626959247649 0.02076923076923077 0.07210031347962383
0 0.43961538461538463 0.42424242424242425 0.01769230769230769 0.08254963427377221
0 0.5057692307692307 0.42528735632183906 0.02076923076923077 0.08150470219435736
0 0.009230769230769232 0.42528735632183906 0.01769230769230769 0.06792058516196448
0 0.9365384615384615 0.42528735632183906 0.018461538461538463 0.08254963427377221
0 0.06 0.42528735632183906 0.016923076923076923 0.06896551724137931
0 0.48384615384615387 0.4258098223615465 0.018461538461538463 0.08463949843260188
0 0.026153846153846153 0.4258098223615465 0.014615384615384615 0.06792058516196448
0 0.12692307692307692 0.4263322884012539 0.016153846153846154 0.06896551724137931
0 0.07653846153846154 0.4263322884012539 0.015384615384615385 0.06896551724137931
0 0.11038461538461539 0.4263322884012539 0.01769230769230769 0.06896551724137931
0 0.04269230769230769 0.4263322884012539 0.016153846153846154 0.06896551724137931
0 0.8384615384615385 0.4263322884012539 0.01769230769230769 0.08150470219435736
0 0.30846153846153845 0.4263322884012539 0.016923076923076923 0.07001044932079414
0 0.09307692307692307 0.4268547544409613 0.016923076923076923 0.06792058516196448
0 0.525 0.4268547544409613 0.019230769230769232 0.08150470219435736
0 0.5457692307692308 0.4268547544409613 0.019230769230769232 0.08463949843260188
0 0.14307692307692307 0.4268547544409613 0.014615384615384615 0.06792058516196448
0 0.9561538461538461 0.4268547544409613 0.021538461538461538 0.08150470219435736
0 0.2076923076923077 0.4268547544409613 0.016923076923076923 0.07001044932079414
0 0.8961538461538462 0.42737722048066873 0.02076923076923077 0.07836990595611286
0 0.2915384615384615 0.42737722048066873 0.016923076923076923 0.07105538140020899
0 0.8561538461538462 0.42737722048066873 0.018461538461538463 0.08254963427377221
0 0.8757692307692307 0.42737722048066873 0.02 0.08150470219435736
0 0.19153846153846155 0.42737722048066873 0.015384615384615385 0.07001044932079414
0 0.7465384615384615 0.42737722048066873 0.11461538461538462 0.08254963427377221
0 0.2246153846153846 0.42737722048066873 0.019230769230769232 0.07105538140020899
0 0.17461538461538462 0.42737722048066873 0.015384615384615385 0.07001044932079414
0 0.4634615384615385 0.4278996865203762 0.02 0.08463949843260188
0 0.9938461538461538 0.4278996865203762 0.012307692307692308 0.08150470219435736
0 0.24192307692307694 0.4284221525600836 0.016923076923076923 0.06896551724137931
0 0.2746153846153846 0.4284221525600836 0.016153846153846154 0.06896551724137931
0 0.37615384615384617 0.4284221525600836 0.018461538461538463 0.07105538140020899
0 0.1596153846153846 0.4284221525600836 0.015384615384615385 0.06792058516196448
0 0.41 0.4284221525600836 0.016153846153846154 0.07105538140020899
0 0.8188461538461539 0.428944618599791 0.025384615384615384 0.08359456635318704
0 0.9773076923076923 0.428944618599791 0.019230769230769232 0.08254963427377221
0 0.3923076923076923 0.42946708463949845 0.01769230769230769 0.07001044932079414
0 0.25846153846153846 0.42946708463949845 0.015384615384615385 0.06792058516196448
0 0.6192307692307693 0.42946708463949845 0.12692307692307692 0.08568443051201671
0 0.4246153846153846 0.43051201671891326 0.013076923076923076 0.07105538140020899
0 0.35884615384615387 0.43051201671891326 0.016923076923076923 0.06896551724137931
0 0.3253846153846154 0.43103448275862066 0.016923076923076923 0.06687565308254964
0 0.3423076923076923 0.4320794148380355 0.016923076923076923 0.07001044932079414
0 0.010384615384615384 0.4952978056426332 0.015384615384615385 0.06792058516196448
0 0.06153846153846154 0.49582027168234066 0.014615384615384615 0.06792058516196448
0 0.095 0.49582027168234066 0.01769230769230769 0.06792058516196448
0 0.045 0.49634273772204807 0.01769230769230769 0.06896551724137931
0 0.07769230769230769 0.49634273772204807 0.015384615384615385 0.06896551724137931
0 0.026923076923076925 0.49634273772204807 0.016923076923076923 0.07105538140020899
0 0.1453846153846154 0.49634273772204807 0.014615384615384615 0.06792058516196448
0 0.2923076923076923 0.49791013584117033 0.016153846153846154 0.06896551724137931
0 0.21076923076923076 0.49791013584117033 0.015384615384615385 0.06896551724137931
0 0.3080769230769231 0.49791013584117033 0.016153846153846154 0.07001044932079414
0 0.17846153846153845 0.49843260188087773 0.015384615384615385 0.06896551724137931
0 0.22615384615384615 0.49843260188087773 0.014615384615384615 0.06896551724137931
0 0.2592307692307692 0.49843260188087773 0.01769230769230769 0.06896551724137931
0 0.195 0.49843260188087773 0.016153846153846154 0.06896551724137931
0 0.24192307692307694 0.49843260188087773 0.016153846153846154 0.07001044932079414
0 0.27576923076923077 0.49843260188087773 0.015384615384615385 0.06896551724137931
0 0.16192307692307692 0.49843260188087773 0.015384615384615385 0.06687565308254964
0 0.3726923076923077 0.5005224660397074 0.016923076923076923 0.07105538140020899
0 0.3569230769230769 0.5010449320794148 0.016153846153846154 0.07001044932079414
0 0.39 0.5010449320794148 0.016153846153846154 0.06896551724137931
0 0.32384615384615384 0.5010449320794148 0.015384615384615385 0.07001044932079414
0 0.34076923076923077 0.5010449320794148 0.016153846153846154 0.07001044932079414
0 0.4238461538461539 0.5083594566353187 0.019230769230769232 0.08359456635318704
0 0.89 0.5083594566353187 0.02 0.08045977011494253
0 0.93 0.5088819226750261 0.02076923076923077 0.08150470219435736
0 0.44346153846153846 0.5088819226750261 0.02 0.08254963427377221
0 0.91 0.5088819226750261 0.021538461538461538 0.08045977011494253
0 0.4053846153846154 0.5088819226750261 0.01769230769230769 0.08359456635318704
0 0.5234615384615384 0.509926854754441 0.018461538461538463 0.08254963427377221
0 0.7392307692307692 0.509926854754441 0.12307692307692308 0.08568443051201671
0 0.87 0.509926854754441 0.02 0.08150470219435736
0 0.5030769230769231 0.5104493207941484 0.019230769230769232 0.08254963427377221
0 0.5642307692307692 0.5109717868338558 0.02076923076923077 0.08359456635318704
0 0.85 0.5109717868338558 0.018461538461538463 0.08150470219435736
0 0.9496153846153846 0.5109717868338558 0.02076923076923077 0.08045977011494253
0 0.46307692307692305 0.5114942528735632 0.019230769230769232 0.08150470219435736
0 0.5434615384615384 0.5114942528735632 0.019230769230769232 0.08150470219435736
0 0.5838461538461538 0.5114942528735632 0.018461538461538463 0.08150470219435736
0 0.6030769230769231 0.5114942528735632 0.019230769230769232 0.08150470219435736
0 0.9692307692307692 0.5120167189132706 0.02 0.07732497387669801
0 0.8307692307692308 0.5120167189132706 0.02 0.08045977011494253
0 0.8103846153846154 0.5120167189132706 0.02 0.08150470219435736
0 0.9896153846153846 0.5120167189132706 0.02076923076923077 0.08045977011494253
0 0.48307692307692307 0.512539184952978 0.018461538461538463 0.08150470219435736
0 0.6230769230769231 0.5135841170323929 0.02 0.08254963427377221
0 0.6438461538461538 0.5141065830721003 0.019230769230769232 0.08359456635318704
0 0.6646153846153846 0.5151515151515151 0.02076923076923077 0.08463949843260188
0 0.12653846153846154 0.5642633228840125 0.014615384615384615 0.06792058516196448
0 0.010384615384615384 0.5642633228840125 0.015384615384615385 0.06583072100313479
0 0.08961538461538461 0.56478578892372 0.013846153846153847 0.06792058516196448
0 0.05846153846153846 0.56478578892372 0.015384615384615385 0.06478578892371996
0 0.11 0.56478578892372 0.016923076923076923 0.06896551724137931
0 0.025384615384615384 0.5653082549634274 0.012307692307692308 0.06583072100313479
0 0.04038461538461539 0.5653082549634274 0.016923076923076923 0.06792058516196448
0 0.07346153846153847 0.5653082549634274 0.014615384615384615 0.06792058516196448
0 0.1423076923076923 0.5658307210031348 0.014615384615384615 0.06896551724137931
0 0.22192307692307692 0.5663531870428422 0.014615384615384615 0.06792058516196448
0 0.20653846153846153 0.5668756530825496 0.015384615384615385 0.06687565308254964
0 0.1580769230769231 0.567398119122257 0.015384615384615385 0.06896551724137931
0 0.19038461538461537 0.567398119122257 0.016153846153846154 0.06687565308254964
0 0.3057692307692308 0.567398119122257 0.016153846153846154 0.07001044932079414
0 0.17423076923076924 0.5679205851619644 0.015384615384615385 0.06792058516196448
0 0.2742307692307692 0.5679205851619644 0.015384615384615385 0.06792058516196448
0 0.29 0.5684430512016719 0.016153846153846154 0.07001044932079414
0 0.23923076923076922 0.5684430512016719 0.01769230769230769 0.06896551724137931
0 0.2561538461538462 0.5689655172413793 0.016923076923076923 0.06896551724137931
0 0.3573076923076923 0.571055381400209 0.015384615384615385 0.06896551724137931
0 0.32269230769230767 0.5721003134796239 0.016923076923076923 0.07105538140020899
0 0.3396153846153846 0.5726227795193313 0.016153846153846154 0.07001044932079414
0 0.9261538461538461 0.5914315569487983 0.022307692307692306 0.08150470219435736
0 0.4026923076923077 0.5914315569487983 0.01769230769230769 0.0794148380355277
0 0.9069230769230769 0.5919540229885057 0.02076923076923077 0.07732497387669801
0 0.38384615384615384 0.5919540229885057 0.019230769230769232 0.08045977011494253
0 0.8865384615384615 0.5919540229885057 0.02 0.08254963427377221
0 0.4230769230769231 0.5924764890282131 0.019230769230769232 0.08150470219435736
0 0.4430769230769231 0.5924764890282131 0.019230769230769232 0.08254963427377221
0 0.7484615384615385 0.5924764890282131 0.02 0.08150470219435736
0 0.8673076923076923 0.5929989550679206 0.019230769230769232 0.08150470219435736
0 0.5242307692307693 0.5929989550679206 0.019230769230769232 0.08045977011494253
0 0.946923076923077 0.593521421107628 0.018461538461538463 0.0794148380355277
0 0.7096153846153846 0.593521421107628 0.02076923076923077 0.08359456635318704
0 0.5034615384615385 0.593521421107628 0.018461538461538463 0.08150470219435736
0 0.965 0.5940438871473355 0.02076923076923077 0.08045977011494253
0 0.7288461538461538 0.5940438871473355 0.02 0.08150470219435736
0 0.8465384615384616 0.5940438871473355 0.02 0.08254963427377221
0 0.6911538461538461 0.5940438871473355 0.02 0.08359456635318704
0 0.7880769230769231 0.5945663531870429 0.018461538461538463 0.0794148380355277
0 0.8065384615384615 0.5945663531870429 0.02076923076923077 0.08150470219435736
0 0.4634615384615385 0.5945663531870429 0.02 0.08150470219435736
0 0.48307692307692307 0.5945663531870429 0.019230769230769232 0.08150470219435736
0 0.545 0.5945663531870429 0.019230769230769232 0.0794148380355277
0 0.7692307692307693 0.5945663531870429 0.019230769230769232 0.08254963427377221
0 0.9857692307692307 0.5950888192267503 0.02076923076923077 0.0794148380355277
0 0.6188461538461538 0.5950888192267503 0.12615384615384614 0.08463949843260188
0 0.8261538461538461 0.5956112852664577 0.02 0.08150470219435736
0 0.30846153846153845 0.6295715778474399 0.016153846153846154 0.051201671891327065
0 0.2915384615384615 0.6300940438871473 0.015384615384615385 0.050156739811912224
0 0.32461538461538464 0.6311389759665622 0.015384615384615385 0.04493207941483804
0 0.016923076923076923 0.6327063740856844 0.013076923076923076 0.06792058516196448
0 0.031538461538461536 0.6342737722048067 0.014615384615384615 0.07001044932079414
0 0.0973076923076923 0.6347962382445141 0.016923076923076923 0.06792058516196448
0 0.07961538461538462 0.6353187042842215 0.016153846153846154 0.06896551724137931
0 0.11384615384615385 0.6353187042842215 0.014615384615384615 0.06896551724137931
0 0.04730769230769231 0.6353187042842215 0.014615384615384615 0.06687565308254964
0 0.1296153846153846 0.635841170323929 0.015384615384615385 0.07001044932079414
0 0.06307692307692307 0.635841170323929 0.015384615384615385 0.07001044932079414
0 0.27576923076923077 0.635841170323929 0.015384615384615385 0.06374085684430512
0 0.2103846153846154 0.6368861024033438 0.016153846153846154 0.06896551724137931
0 0.14461538461538462 0.6368861024033438 0.016153846153846154 0.06896551724137931
0 0.16 0.6374085684430512 0.015384615384615385 0.06792058516196448
0 0.19384615384615383 0.6379310344827587 0.016923076923076923 0.06896551724137931
0 0.22615384615384615 0.6379310344827587 0.014615384615384615 0.07001044932079414
0 0.17615384615384616 0.6379310344827587 0.01769230769230769 0.06896551724137931
0 0.24192307692307694 0.6384535005224661 0.016153846153846154 0.06896551724137931
0 0.25846153846153846 0.6384535005224661 0.018461538461538463 0.06792058516196448
0 0.915 0.6593521421107628 0.018461538461538463 0.04911180773249739
0 0.8953846153846153 0.6598746081504702 0.018461538461538463 0.05329153605015674
0 0.3638461538461538 0.6734587251828631 0.019230769230769232 0.0794148380355277
0 0.9538461538461539 0.6739811912225705 0.018461538461538463 0.0794148380355277
0 0.4023076923076923 0.6745036572622779 0.018461538461538463 0.08254963427377221
0 0.9715384615384616 0.6745036572622779 0.019230769230769232 0.0794148380355277
0 0.38346153846153846 0.6750261233019854 0.02076923076923077 0.08359456635318704
0 0.5788461538461539 0.6750261233019854 0.018461538461538463 0.08359456635318704
0 0.34423076923076923 0.6755485893416928 0.01769230769230769 0.08254963427377221
0 0.52 0.6755485893416928 0.019230769230769232 0.08463949843260188
0 0.9342307692307692 0.6755485893416928 0.022307692307692306 0.08150470219435736
0 0.7369230769230769 0.6755485893416928 0.02076923076923077 0.0794148380355277
0 0.9907692307692307 0.6750261233019854 0.018461538461538463 0.08150470219435736
0 0.4423076923076923 0.6755485893416928 0.02 0.08359456635318704
0 0.7180769230769231 0.6755485893416928 0.021538461538461538 0.08045977011494253
0 0.696923076923077 0.6760710553814002 0.019230769230769232 0.08045977011494253
0 0.5 0.6760710553814002 0.019230769230769232 0.08254963427377221
0 0.875 0.6760710553814002 0.02076923076923077 0.08150470219435736
0 0.7769230769230769 0.6760710553814002 0.02 0.08150470219435736
0 0.4219230769230769 0.6760710553814002 0.02 0.08359456635318704
0 0.4815384615384615 0.6760710553814002 0.01769230769230769 0.0794148380355277
0 0.8561538461538462 0.6760710553814002 0.019230769230769232 0.08150470219435736
0 0.5403846153846154 0.6765935214211076 0.018461538461538463 0.08359456635318704
0 0.5988461538461538 0.6765935214211076 0.02 0.08359456635318704
0 0.7569230769230769 0.677115987460815 0.021538461538461538 0.08463949843260188
0 0.5592307692307692 0.677115987460815 0.01769230769230769 0.08150470219435736
0 0.796923076923077 0.677115987460815 0.02076923076923077 0.08463949843260188
0 0.46192307692307694 0.677115987460815 0.018461538461538463 0.08045977011494253
0 0.815 0.6776384535005224 0.019230769230769232 0.08254963427377221
0 0.8353846153846154 0.6786833855799373 0.021538461538461538 0.08254963427377221
0 0.6176923076923077 0.6786833855799373 0.018461538461538463 0.08150470219435736
0 0.6776923076923077 0.6797283176593522 0.018461538461538463 0.08150470219435736
0 0.6373076923076924 0.6797283176593522 0.02 0.08150470219435736
0 0.6576923076923077 0.6802507836990596 0.02 0.08150470219435736
0 0.011153846153846153 0.7016718913270638 0.015384615384615385 0.06896551724137931
0 0.27576923076923077 0.7021943573667712 0.05846153846153846 0.02612330198537095
0 0.061153846153846156 0.703239289446186 0.015384615384615385 0.06478578892371996
0 0.09423076923076923 0.7042842215256009 0.013846153846153847 0.06896551724137931
0 0.026923076923076925 0.7042842215256009 0.016153846153846154 0.06896551724137931
0 0.04384615384615385 0.7042842215256009 0.013846153846153847 0.06792058516196448
0 0.23923076923076922 0.7042842215256009 0.015384615384615385 0.06060606060606061
0 0.12730769230769232 0.7053291536050157 0.015384615384615385 0.06792058516196448
0 0.07807692307692307 0.7058516196447231 0.016153846153846154 0.06792058516196448
0 0.11 0.7058516196447231 0.016153846153846154 0.07001044932079414
0 0.15846153846153846 0.7063740856844305 0.016153846153846154 0.06792058516196448
0 0.14307692307692307 0.7068965517241379 0.016153846153846154 0.06687565308254964
0 0.2053846153846154 0.7074190177638453 0.015384615384615385 0.07001044932079414
0 0.1896153846153846 0.7079414838035528 0.015384615384615385 0.06792058516196448
0 0.2230769230769231 0.7079414838035528 0.016923076923076923 0.06896551724137931
0 0.17461538461538462 0.7084639498432602 0.015384615384615385 0.06792058516196448
0 0.36615384615384616 0.7554858934169278 0.02 0.08254963427377221
0 0.40692307692307694 0.7565308254963428 0.018461538461538463 0.0794148380355277
0 0.3869230769230769 0.7570532915360502 0.02076923076923077 0.0794148380355277
0 0.26653846153846156 0.7570532915360502 0.02 0.08150470219435736
0 0.99 0.7565308254963428 0.02 0.08150470219435736
0 0.6961538461538461 0.7570532915360502 0.021538461538461538 0.08150470219435736
0 0.9515384615384616 0.7575757575757576 0.018461538461538463 0.08045977011494253
0 0.2873076923076923 0.7575757575757576 0.02076923076923077 0.08045977011494253
0 0.3476923076923077 0.7575757575757576 0.016923076923076923 0.08150470219435736
0 0.5053846153846154 0.7575757575757576 0.01769230769230769 0.0794148380355277
0 0.4257692307692308 0.7575757575757576 0.018461538461538463 0.08045977011494253
0 0.7161538461538461 0.7575757575757576 0.02076923076923077 0.08045977011494253
0 0.9703846153846154 0.758098223615465 0.02 0.08150470219435736
0 0.5246153846153846 0.758098223615465 0.01769230769230769 0.07836990595611286
0 0.3080769230769231 0.758098223615465 0.016923076923076923 0.08045977011494253
0 0.32846153846153847 0.758098223615465 0.019230769230769232 0.0794148380355277
0 0.7357692307692307 0.758098223615465 0.02076923076923077 0.08150470219435736
0 0.6234615384615385 0.758098223615465 0.12307692307692308 0.0794148380355277
0 0.7557692307692307 0.7586206896551724 0.021538461538461538 0.07732497387669801
0 0.9111538461538462 0.7586206896551724 0.02076923076923077 0.08254963427377221
0 0.44576923076923075 0.7586206896551724 0.02076923076923077 0.08045977011494253
0 0.48653846153846153 0.7586206896551724 0.019230769230769232 0.08150470219435736
0 0.8734615384615385 0.7591431556948798 0.02076923076923077 0.0794148380355277
0 0.8926923076923077 0.7591431556948798 0.02076923076923077 0.08150470219435736
0 0.7753846153846153 0.7591431556948798 0.021538461538461538 0.08045977011494253
0 0.8534615384615385 0.7591431556948798 0.02 0.08254963427377221
0 0.933076923076923 0.7591431556948798 0.02076923076923077 0.08254963427377221
0 0.8138461538461539 0.7591431556948798 0.021538461538461538 0.0794148380355277
0 0.5442307692307692 0.7596656217345873 0.019230769230769232 0.08045977011494253
0 0.46576923076923077 0.7596656217345873 0.02 0.08150470219435736
0 0.7942307692307692 0.7596656217345873 0.019230769230769232 0.08045977011494253
0 0.833076923076923 0.7617554858934169 0.022307692307692306 0.08150470219435736
0 0.009230769230769232 0.7722048066875653 0.016923076923076923 0.06792058516196448
0 0.06 0.7737722048066875 0.015384615384615385 0.06896551724137931
0 0.043076923076923075 0.7737722048066875 0.016923076923076923 0.06583072100313479
0 0.026153846153846153 0.774294670846395 0.016153846153846154 0.06792058516196448
0 0.12730769230769232 0.774294670846395 0.015384615384615385 0.06792058516196448
0 0.07615384615384616 0.7753396029258098 0.015384615384615385 0.06896551724137931
0 0.09307692307692307 0.7753396029258098 0.015384615384615385 0.07105538140020899
0 0.11038461538461539 0.7763845350052246 0.016153846153846154 0.06792058516196448
0 0.22346153846153846 0.7863113897596656 0.05923076923076923 0.025078369905956112
0 0.1976923076923077 0.8364681295715779 0.038461538461538464 0.08045977011494253
0 0.9846153846153847 0.8369905956112853 0.019230769230769232 0.0741901776384535
0 0.28307692307692306 0.8369905956112853 0.014615384615384615 0.07836990595611286
0 0.22615384615384615 0.8369905956112853 0.019230769230769232 0.07523510971786834
0 0.9492307692307692 0.8369905956112853 0.01769230769230769 0.07836990595611286
0 0.38076923076923075 0.8375130616509927 0.02 0.08045977011494253
0 0.3992307692307692 0.8380355276907001 0.016923076923076923 0.0794148380355277
0 0.24576923076923077 0.8380355276907001 0.018461538461538463 0.07732497387669801
0 0.9657692307692308 0.8380355276907001 0.01769230769230769 0.07732497387669801
0 0.265 0.8385579937304075 0.02 0.07836990595611286
0 0.6726923076923077 0.8385579937304075 0.02076923076923077 0.07836990595611286
0 0.573076923076923 0.8385579937304075 0.019230769230769232 0.08045977011494253
0 0.7523076923076923 0.8390804597701149 0.02 0.08254963427377221
0 0.5161538461538462 0.8390804597701149 0.018461538461538463 0.08254963427377221
0 0.6119230769230769 0.8390804597701149 0.01769230769230769 0.07836990595611286
0 0.6926923076923077 0.8396029258098223 0.02076923076923077 0.08150470219435736
0 0.6530769230769231 0.8396029258098223 0.02076923076923077 0.0794148380355277
0 0.3607692307692308 0.8396029258098223 0.02 0.08150470219435736
0 0.30153846153846153 0.8396029258098223 0.019230769230769232 0.08045977011494253
0 0.34115384615384614 0.8401253918495298 0.018461538461538463 0.08045977011494253
0 0.5923076923076923 0.8401253918495298 0.019230769230769232 0.08045977011494253
0 0.89 0.8401253918495298 0.018461538461538463 0.07732497387669801
0 0.7707692307692308 0.8406478578892372 0.02076923076923077 0.08045977011494253
0 0.6319230769230769 0.8406478578892372 0.019230769230769232 0.08254963427377221
0 0.713076923076923 0.8406478578892372 0.021538461538461538 0.08254963427377221
0 0.9303846153846154 0.8406478578892372 0.02 0.07628004179728318
0 0.8096153846153846 0.8406478578892372 0.02 0.08045977011494253
0 0.32153846153846155 0.8406478578892372 0.02 0.08359456635318704
0 0.49653846153846154 0.8406478578892372 0.019230769230769232 0.08359456635318704
0 0.7330769230769231 0.8406478578892372 0.022307692307692306 0.08254963427377221
0 0.79 0.8406478578892372 0.021538461538461538 0.08045977011494253
0 0.535 0.8406478578892372 0.02 0.08045977011494253
0 0.5538461538461539 0.8411703239289446 0.018461538461538463 0.0794148380355277
0 0.8723076923076923 0.8411703239289446 0.019230769230769232 0.0794148380355277
0 0.8307692307692308 0.841692789968652 0.021538461538461538 0.08150470219435736
0 0.91 0.841692789968652 0.019230769230769232 0.08045977011494253
0 0.47692307692307695 0.841692789968652 0.018461538461538463 0.08150470219435736
0 0.4176923076923077 0.841692789968652 0.02 0.08254963427377221
0 0.4373076923076923 0.8432601880877743 0.01769230769230769 0.08254963427377221
0 0.8519230769230769 0.8432601880877743 0.022307692307692306 0.08254963427377221
0 0.45692307692307693 0.8437826541274818 0.019230769230769232 0.08359456635318704
0 0.1453846153846154 0.8495297805642633 0.06307692307692307 0.0219435736677116