0 0.8667711598746082 0.09769230769230769 0.16300940438871472 0.09615384615384616
0 0.1536050156739812 0.061153846153846156 0.07628004179728318 0.0876923076923077
0 0.22466039707419017 0.06538461538461539 0.07732497387669801 0.09076923076923077
0 0.61337513061651 0.08576923076923076 0.07628004179728318 0.08923076923076922
0 0.45454545454545453 0.07769230769230769 0.2560083594566353 0.10153846153846154
0 0.680773249738767 0.08961538461538461 0.07732497387669801 0.09
0 0.7502612330198537 0.09384615384615384 0.07732497387669801 0.09076923076923077
0 0.07993730407523511 0.05961538461538462 0.08463949843260188 0.09615384615384616
0 0.29519331243469177 0.07115384615384615 0.07732497387669801 0.09076923076923077
0 0.017241379310344827 0.808076923076923 0.034482758620689655 0.08538461538461538
0 0.4341692789968652 0.8319230769230769 0.07001044932079414 0.08384615384615385
0 0.06478578892371996 0.813076923076923 0.07105538140020899 0.08384615384615385
0 0.49895506792058514 0.8357692307692308 0.07210031347962383 0.08538461538461538
0 0.809299895506792 0.8523076923076923 0.07210031347962383 0.0823076923076923
0 0.21630094043887146 0.8223076923076923 0.24242424242424243 0.09384615384615384
0 0.36886102403343785 0.83 0.07105538140020899 0.08692307692307692
0 0.6562173458725182 0.845 0.2476489028213166 0.09538461538461539
0 0.4169278996865204 0.9126923076923077 0.2413793103448276 0.09538461538461539
0 0.632183908045977 0.9242307692307692 0.0741901776384535 0.08384615384615385
0 0.56478578892372 0.9211538461538461 0.07001044932079414 0.0823076923076923
0 0.8009404388714734 0.9334615384615385 0.13584117032392895 0.09
0 0.699582027168234 0.9284615384615384 0.0741901776384535 0.0823076923076923
0 0.050156739811912224 0.8942307692307693 0.10031347962382445 0.09461538461538462
0 0.19696969696969696 0.9038461538461539 0.07210031347962383 0.08846153846153847
0 0.26280041797283177 0.9084615384615384 0.07314524555903866 0.08615384615384615
0 0.13009404388714735 0.9023076923076923 0.07523510971786834 0.08692307692307692
0 0.49791013584117033 0.9773076923076923 0.07001044932079414 0.045384615384615384
0 0.6489028213166145 0.9792307692307692 0.23824451410658307 0.04153846153846154
0 0.43103448275862066 0.9761538461538461 0.06583072100313479 0.046153846153846156
0 0.36468129571577845 0.9726923076923077 0.06896551724137931 0.04461538461538461
0 0.8040752351097179 0.9865384615384616 0.07001044932079414 0.026923076923076925
0 0.21212121212121213 0.9653846153846154 0.2392894461859979 0.052307692307692305
0 0.011494252873563218 0.9538461538461539 0.022988505747126436 0.04461538461538461
0 0.054858934169279 0.9592307692307692 0.07105538140020899 0.04153846153846154
0 0.23510971786833856 0.1523076923076923 0.258098223615465 0.10153846153846154
0 0.5412748171368861 0.16923076923076924 0.0794148380355277 0.09076923076923077
0 0.46812957157784746 0.16576923076923078 0.07523510971786834 0.08923076923076922
0 0.85423197492163 0.18615384615384614 0.07732497387669801 0.09076923076923077
0 0.3960292580982236 0.1626923076923077 0.0741901776384535 0.09076923076923077
0 0.912748171368861 0.1896153846153846 0.05329153605015674 0.0876923076923077
0 0.8688610240334378 0.03538461538461538 0.0741901776384535 0.038461538461538464
0 0.9284221525600836 0.03807692307692308 0.04806687565308255 0.036923076923076927
0 0.6974921630094044 0.17884615384615385 0.2507836990595611 0.10076923076923076
0 0.07575757575757576 0.14846153846153845 0.08045977011494253 0.08846153846153847
0 0.7084639498432602 0.027307692307692307 0.2507836990595611 0.04846153846153846
0 0.40229885057471265 0.015769230769230768 0.07314524555903866 0.031538461538461536
0 0.47439916405433646 0.01769230769230769 0.07105538140020899 0.03538461538461538
0 0.5517241379310345 0.02 0.07210031347962383 0.04
0 0.07836990595611286 0.008076923076923077 0.06687565308254964 0.016153846153846154
0 0.2392894461859979 0.014615384615384615 0.2549634273772205 0.02923076923076923
0 0.1426332288401254 0.2323076923076923 0.07836990595611286 0.0876923076923077
0 0.21473354231974923 0.23846153846153847 0.07732497387669801 0.08538461538461538
0 0.6039707419017764 0.2592307692307692 0.07836990595611286 0.08846153846153847
0 0.4446185997910136 0.25153846153846154 0.25391849529780564 0.09846153846153846
0 0.2836990595611285 0.24346153846153845 0.07732497387669801 0.0876923076923077
0 0.06635318704284221 0.2326923076923077 0.09195402298850575 0.09230769230769231
0 0.6724137931034483 0.2642307692307692 0.07836990595611286 0.08692307692307692
0 0.8526645768025078 0.2734615384615385 0.15778474399164055 0.09076923076923077
0 0.741901776384535 0.26884615384615385 0.07523510971786834 0.0876923076923077
0 0.22988505747126436 0.325 0.2549634273772205 0.10076923076923076
0 0.896551724137931 0.3607692307692308 0.054336468129571575 0.08615384615384615
0 0.07157784743991641 0.31846153846153846 0.07523510971786834 0.08538461538461538
0 0.5297805642633229 0.3423076923076923 0.07523510971786834 0.08923076923076922
0 0.45768025078369906 0.3384615384615385 0.0741901776384535 0.0876923076923077
0 0.3892371995820272 0.3353846153846154 0.07523510971786834 0.08846153846153847
0 0.687042842215256 0.3507692307692308 0.2507836990595611 0.10230769230769231
0 0.8396029258098223 0.35884615384615387 0.0741901776384535 0.0876923076923077
0 0.14054336468129572 0.4026923076923077 0.07523510971786834 0.08615384615384615
0 0.055381400208986416 0.3992307692307692 0.1013584117032393 0.09
0 0.21212121212121213 0.4076923076923077 0.07628004179728318 0.08615384615384615
0 0.28160919540229884 0.4123076923076923 0.07523510971786834 0.08615384615384615
0 0.5940438871473355 0.42923076923076925 0.07523510971786834 0.0876923076923077
0 0.7262277951933125 0.4369230769230769 0.07210031347962383 0.08384615384615385
0 0.4367816091954023 0.42230769230769233 0.24869383490073146 0.09615384615384616
0 0.8364681295715779 0.44346153846153846 0.15778474399164055 0.09
0 0.6588296760710554 0.4346153846153846 0.07210031347962383 0.08461538461538462
0 0.05851619644723093 0.48346153846153844 0.07732497387669801 0.08692307692307692
0 0.2142110762800418 0.49230769230769234 0.24869383490073146 0.09923076923076923
0 0.5041797283176593 0.5076923076923077 0.07523510971786834 0.08615384615384615
0 0.4367816091954023 0.5053846153846154 0.07001044932079414 0.08384615384615385
0 0.658307210031348 0.5173076923076924 0.2476489028213166 0.09538461538461539
0 0.8108672936259144 0.5253846153846153 0.07314524555903866 0.08461538461538462
0 0.8756530825496343 0.5296153846153846 0.06478578892371996 0.08384615384615385
0 0.3683385579937304 0.5034615384615385 0.0741901776384535 0.08307692307692308
0 0.0522466039707419 0.5646153846153846 0.1044932079414838 0.09076923076923077
0 0.13688610240334378 0.5707692307692308 0.07628004179728318 0.0823076923076923
0 0.648380355276907 0.5973076923076923 0.0741901776384535 0.08538461538461538
0 0.4258098223615465 0.5865384615384616 0.2445141065830721 0.09538461538461539
0 0.5794148380355277 0.5946153846153847 0.07523510971786834 0.08615384615384615
0 0.20428422152560083 0.5753846153846154 0.0741901776384535 0.08461538461538462
0 0.7168234064785789 0.6019230769230769 0.0741901776384535 0.08615384615384615
0 0.8239289446185998 0.6092307692307692 0.15151515151515152 0.08692307692307692
0 0.2716823406478579 0.5811538461538461 0.07314524555903866 0.08153846153846153
0 0.018808777429467086 0.6446153846153846 0.03761755485893417 0.08461538461538462
0 0.06896551724137931 0.6492307692307693 0.07523510971786834 0.08538461538461538
0 0.5104493207941484 0.6734615384615384 0.0741901776384535 0.08538461538461538
0 0.4430512016718913 0.6703846153846154 0.07210031347962383 0.08538461538461538
0 0.6630094043887147 0.6823076923076923 0.24555903866248693 0.09384615384615384
0 0.22152560083594566 0.66 0.2445141065830721 0.09538461538461539
0 0.37460815047021945 0.6680769230769231 0.0741901776384535 0.08615384615384615
0 0.8176593521421107 0.691923076923077 0.07628004179728318 0.08461538461538462
0 0.05276907001044932 0.7284615384615385 0.10553814002089865 0.0876923076923077
0 0.4205851619644723 0.7503846153846154 0.2445141065830721 0.09307692307692307
0 0.8098223615464994 0.7723076923076924 0.14629049111807732 0.08615384615384615
0 0.13531870428422152 0.7380769230769231 0.07105538140020899 0.08461538461538462
0 0.5726227795193313 0.7607692307692308 0.07210031347962383 0.08384615384615385
0 0.20167189132706373 0.7415384615384616 0.07105538140020899 0.08615384615384615
0 0.6405433646812957 0.7646153846153846 0.07001044932079414 0.0823076923076923
0 0.7063740856844305 0.7680769230769231 0.07314524555903866 0.08153846153846153
0 0.26750261233019856 0.7457692307692307 0.07314524555903866 0.08538461538461538