0 0.36311389759665624 0.7653846153846153 0.1974921630094044 0.08538461538461538
0 0.5705329153605015 0.7765384615384615 0.19644723092998956 0.08846153846153847
0 0.7648902821316614 0.7861538461538462 0.19435736677115986 0.08615384615384615
0 0.15726227795193312 0.7692307692307693 0.20167189132706373 0.09
0 0.5522466039707419 0.8530769230769231 0.1974921630094044 0.08461538461538462
0 0.768025078369906 0.8623076923076923 0.18495297805642633 0.08538461538461538
0 0.3510971786833856 0.8496153846153847 0.19853709508881923 0.09692307692307692
0 0.1452455590386625 0.845 0.20167189132706373 0.08
0 0.32027168234064785 0.925 0.2006269592476489 0.08076923076923077
0 0.5590386624869383 0.9353846153846154 0.19331243469174503 0.08307692307692308
0 0.7601880877742947 0.9438461538461539 0.19017763845350052 0.08153846153846153
0 0.11703239289446186 0.9207692307692308 0.2089864158829676 0.08153846153846153
0 0.20376175548589343 0.10846153846153846 0.20794148380355276 0.09692307692307692
0 0.4090909090909091 0.12038461538461538 0.19958202716823406 0.09230769230769231
0 0.6086729362591432 0.13576923076923078 0.19958202716823406 0.09538461538461539
0 0.8113897596656218 0.15307692307692308 0.1922675026123302 0.08307692307692308
0 0.22361546499477533 0.19 0.20376175548589343 0.09538461538461539
0 0.4373040752351097 0.2 0.1974921630094044 0.08461538461538462
0 0.6410658307210031 0.22153846153846155 0.2027168234064786 0.08692307692307692
0 0.799373040752351 0.23653846153846153 0.13061650992685475 0.08307692307692308
0 0.4059561128526646 0.2776923076923077 0.19540229885057472 0.08692307692307692
0 0.19644723092998956 0.2803846153846154 0.2142110762800418 0.08538461538461538
0 0.6170323928944619 0.2988461538461539 0.2089864158829676 0.09615384615384616
0 0.8035527690700105 0.3119230769230769 0.18286311389759666 0.08307692307692308
0 0.40334378265412746 0.35884615384615387 0.2006269592476489 0.09153846153846154
0 0.6081504702194357 0.3780769230769231 0.20376175548589343 0.08538461538461538
0 0.2001044932079415 0.36230769230769233 0.2006269592476489 0.08615384615384615
0 0.8077324973876698 0.38846153846153847 0.19853709508881923 0.09
0 0.2142110762800418 0.03538461538461538 0.1839080459770115 0.07076923076923076
0 0.40177638453500525 0.43846153846153846 0.20794148380355276 0.09076923076923077
0 0.8019853709508882 0.4646153846153846 0.19540229885057472 0.08615384615384615
0 0.6091954022988506 0.46115384615384614 0.2058516196447231 0.08846153846153847
0 0.18599791013584116 0.44846153846153847 0.20480668756530826 0.09076923076923077
0 0.4320794148380355 0.04576923076923077 0.19331243469174503 0.09153846153846154
0 0.6353187042842215 0.05384615384615385 0.19958202716823406 0.09692307692307692
0 0.39237199582027166 0.5203846153846153 0.21212121212121213 0.09538461538461539
0 0.7910135841170324 0.5446153846153846 0.1922675026123302 0.0876923076923077
0 0.5961337513061651 0.54 0.20376175548589343 0.0876923076923077
0 0.17972831765935215 0.5307692307692308 0.20480668756530826 0.09
0 0.37565308254963425 0.6019230769230769 0.21003134796238246 0.08923076923076922
0 0.776907001044932 0.6219230769230769 0.19644723092998956 0.08692307692307692
0 0.5825496342737722 0.6211538461538462 0.20689655172413793 0.08615384615384615
0 0.17189132706374086 0.6080769230769231 0.19958202716823406 0.08615384615384615
0 0.3667711598746082 0.6884615384615385 0.19958202716823406 0.08692307692307692
0 0.7586206896551724 0.7042307692307692 0.19122257053291536 0.08153846153846153
0 0.5637408568443051 0.7011538461538461 0.19540229885057472 0.0823076923076923
0 0.1588296760710554 0.6876923076923077 0.2027168234064786 0.08692307692307692
0 0.8207941483803552 0.08346153846153846 0.19540229885057472 0.08307692307692308