0 0.4088538461538461 0.11954926624737944 0.07823846153846156 0.20277777777777778
0 0.03268461538461538 0.16091194968553457 0.06536153846153846 0.22094339622641507
0 0.10647692307692307 0.1679769392033543 0.08354615384615385 0.2229559748427673
0 0.49101538461538463 0.18209643605870024 0.0722769230769231 0.194706498951782
0 0.9356076923076923 0.18361635220125785 0.07453076923076914 0.2037945492662474
0 0.6372923076923077 0.18361635220125785 0.062776923076923 0.20783018867924533
0 0.7834769230769231 0.18815513626834382 0.07826153846153838 0.20480083857442347
0 0.3340923076923077 0.1911844863731656 0.07234615384615381 0.20076519916142554
0 0.8626846153846154 0.1926939203354298 0.07230769230769231 0.20177148846960172
0 0.2619230769230769 0.19723270440251572 0.0671923076923077 0.2007651991614256
0 0.5677153846153846 0.20277777777777778 0.06872307692307686 0.2058071278825996
0 0.18938461538461537 0.20580712788259958 0.07758461538461539 0.1876519916142558
0 0.7057615384615384 0.20833333333333334 0.06940769230769232 0.20076519916142554
0 0.41403076923076926 0.35209643605870017 0.07379230769230774 0.2118658280922432
0 0.4893230769230769 0.03755765199161425 0.06966153846153841 0.07276729559748427
0 0.8032384615384616 0.038731656184486374 0.06964615384615382 0.07628930817610063
0 0.05392307692307692 0.3823584905660377 0.07468461538461539 0.20379454926624735
0 0.9394230769230769 0.39137316561844865 0.07692307692307693 0.19549266247379454
0 0.12387692307692307 0.3929559748427673 0.07835384615384616 0.19470649895178196
0 0.4907846153846154 0.39444444444444443 0.06969230769230762 0.19396226415094336
0 0.3414923076923077 0.39850104821802934 0.06938461538461542 0.19168763102725367
0 0.7905923076923077 0.40019916142557654 0.07294615384615379 0.18859538784067081
0 0.2719153846153846 0.4035429769392034 0.0723692307692308 0.1957232704402516
0 0.8654538461538461 0.40479035639412997 0.07413846153846163 0.17480083857442347
0 0.19715384615384615 0.4060691823899371 0.07684615384615383 0.19067085953878404
0 0.6420923076923077 0.40747379454926624 0.07187692307692312 0.1924318658280923
0 0.7146538461538461 0.4097798742138365 0.06960000000000001 0.1893605870020964
0 0.5692461538461538 0.4128406708595388 0.07922307692307692 0.19856394129979044
0 0.8734153846153847 0.04225366876310273 0.0722000000000001 0.08449685534591196
0 0.33671538461538464 0.042882599580712784 0.0726923076923077 0.08576519916142557
0 0.26300769230769233 0.04407756813417191 0.06515384615384619 0.08815513626834381
0 0.5646615384615384 0.04489517819706499 0.07049230769230777 0.08977987421383649
0 0.721223076923077 0.047243186582809224 0.07183076923076914 0.09330188679245284
0 0.18522307692307693 0.048050314465408805 0.07509230769230772 0.09291404612159328
0 0.4173692307692308 0.5720230607966458 0.06713846153846152 0.18765199161425575
0 0.9682000000000001 0.5841928721174005 0.06359999999999988 0.19166666666666662
0 0.0531923076923077 0.5846331236897274 0.06876923076923078 0.1886582809224319
0 0.4876846153846154 0.5871593291404612 0.06563076923076919 0.18361635220125788
0 0.8364307692307692 0.5884067085953879 0.07011538461538469 0.18475890985324947
0 0.12128461538461538 0.594727463312369 0.08058461538461538 0.1886582809224319
0 0.9053923076923077 0.5953039832285115 0.06624615384615376 0.17862683438155139
0 0.3344692307692308 0.5987631027253669 0.0775384615384615 0.19269392033542976
0 0.2560076923076923 0.600272536687631 0.07313076923076926 0.18966457023060804
0 0.19346153846153846 0.6007756813417191 0.0650153846153846 0.1825995807127883
0 0.5650307692307692 0.6014360587002097 0.08091538461538465 0.1678930817610063
0 0.7672461538461539 0.6022117400419287 0.06563846153846158 0.18475890985324947
0 0.7011538461538461 0.6037421383647799 0.07410769230769225 0.19090146750524103
0 0.6336538461538461 0.6056603773584905 0.08200769230769223 0.19166666666666662
0 0.43106153846153844 0.769769392033543 0.08416153846153848 0.2118658280922433
0 0.021923076923076924 0.7772536687631028 0.04384615384615385 0.1792452830188679
0 0.9211153846153847 0.7789203354297695 0.06844615384615386 0.17940251572327054
0 0.9780461538461539 0.779308176100629 0.04390769230769225 0.17862683438155144
0 0.5091538461538462 0.779853249475891 0.07302307692307697 0.17958071278825988
0 0.1457153846153846 0.7823794549266248 0.07465384615384617 0.17857442348008376
0 0.2164076923076923 0.783888888888889 0.07092307692307694 0.17958071278825988
0 0.07095384615384615 0.784895178197065 0.06876153846153847 0.17150943396226404
0 0.3662923076923077 0.7869182389937107 0.08048461538461538 0.1755450733752621
0 0.8544615384615384 0.7881236897274633 0.07129230769230757 0.17019916142557664
0 0.29375384615384614 0.789433962264151 0.07311538461538458 0.17857442348008376
0 0.7909 0.7908071278825995 0.06343846153846147 0.1801677148846959
0 0.6651846153846154 0.7919601677148846 0.06630769230769235 0.17480083857442347
0 0.7301538461538462 0.7927253668763102 0.05559230769230768 0.17480083857442347
0 0.5993769230769231 0.8026834381551362 0.0652076923076923 0.18093291404612172