0 0.6057692307692307 0.15244536940686784 0.04461538461538461 0.10613943808532779
0 0.25961538461538464 0.10457856399583768 0.047692307692307694 0.10718002081165452
0 0.6442307692307693 0.16024973985431842 0.04461538461538461 0.10613943808532779
0 0.10615384615384615 0.0837669094693028 0.04384615384615385 0.10509885535900104
0 0.22038461538461537 0.1004162330905307 0.04461538461538461 0.10718002081165452
0 0.5676923076923077 0.15036420395421435 0.047692307692307694 0.10718002081165452
0 0.30038461538461536 0.11290322580645161 0.047692307692307694 0.11030176899063475
0 0.1823076923076923 0.09625390218522373 0.04692307692307692 0.11238293444328824
0 0.14307692307692307 0.09157127991675339 0.046153846153846156 0.10613943808532779
0 0.0673076923076923 0.08064516129032258 0.047692307692307694 0.10822060353798127
0 0.3392307692307692 0.12018730489073881 0.045384615384615384 0.10926118626430802
0 0.5273076923076923 0.14828303850156088 0.046153846153846156 0.10613943808532779
0 0.4492307692307692 0.13735691987513007 0.047692307692307694 0.10822060353798127
0 0.038461538461538464 0.07908428720083246 0.025384615384615384 0.10613943808532779
0 0.3769230769230769 0.12747138397502603 0.045384615384615384 0.10718002081165452
0 0.4880769230769231 0.14464099895941726 0.047692307692307694 0.10926118626430802
0 0.7592307692307693 0.18314255983350677 0.04384615384615385 0.10613943808532779
0 0.41346153846153844 0.13423517169614985 0.045384615384615384 0.11030176899063475
0 0.7215384615384616 0.17845993756503642 0.04923076923076923 0.1113423517169615
0 0.9557692307692308 0.21279916753381894 0.046153846153846156 0.10926118626430802
0 0.6811538461538461 0.17429760665972946 0.045384615384615384 0.10509885535900104
0 0.7973076923076923 0.1914672216441207 0.04692307692307692 0.10926118626430802
0 0.8773076923076923 0.20343392299687826 0.04923076923076923 0.1040582726326743
0 0.9153846153846154 0.20915712799167535 0.046153846153846156 0.10613943808532779
0 0.9842307692307692 0.22008324661810613 0.031538461538461536 0.10509885535900104
0 0.8361538461538461 0.19823100936524454 0.046153846153846156 0.10509885535900104
0 0.6003846153846154 0.25494276795005205 0.04461538461538461 0.10822060353798127
0 0.255 0.2081165452653486 0.04846153846153846 0.10926118626430802
0 0.09807692307692308 0.18574401664932363 0.05153846153846154 0.11030176899063475
0 0.1396153846153846 0.19302809573361082 0.047692307692307694 0.10613943808532779
0 0.6388461538461538 0.26378772112382937 0.046153846153846156 0.10718002081165452
0 0.21576923076923077 0.20395421436004163 0.04461538461538461 0.10822060353798127
0 0.5611538461538461 0.2533818938605619 0.046153846153846156 0.10613943808532779
0 0.058076923076923075 0.18262226847034338 0.04923076923076923 0.1113423517169615
0 0.17884615384615385 0.19979188345473464 0.043076923076923075 0.10509885535900104
0 0.295 0.21644120707596254 0.04461538461538461 0.10613943808532779
0 0.33153846153846156 0.22372528616024975 0.04461538461538461 0.10613943808532779
0 0.36923076923076925 0.23048907388137357 0.04692307692307692 0.10718002081165452
0 0.6765384615384615 0.27419354838709675 0.046153846153846156 0.10613943808532779
0 0.5219230769230769 0.25286160249739853 0.04692307692307692 0.10926118626430802
0 0.7538461538461538 0.28563995837669093 0.047692307692307694 0.10926118626430802
0 0.48423076923076924 0.2481789802289282 0.046153846153846156 0.10718002081165452
0 0.8365384615384616 0.29812695109261184 0.046153846153846156 0.10301768990634755
0 0.7938461538461539 0.2924037460978148 0.047692307692307694 0.10197710718002082
0 0.4469230769230769 0.24401664932362122 0.045384615384615384 0.10822060353798127
0 0.7153846153846154 0.28199791883454733 0.04846153846153846 0.10926118626430802
0 0.9507692307692308 0.3158168574401665 0.04461538461538461 0.10822060353798127
0 0.9823076923076923 0.3210197710718002 0.03538461538461538 0.10718002081165452
0 0.4076923076923077 0.2393340270551509 0.045384615384615384 0.10613943808532779
0 0.8761538461538462 0.3059313215400624 0.046153846153846156 0.10822060353798127
0 0.9142307692307692 0.31165452653485953 0.04384615384615385 0.10822060353798127
0 0.583076923076923 0.3590010405827263 0.045384615384615384 0.11030176899063475
0 0.62 0.3647242455775234 0.043076923076923075 0.10613943808532779
0 0.15538461538461537 0.29968782518210196 0.04923076923076923 0.10926118626430802
0 0.19576923076923078 0.3054110301768991 0.045384615384615384 0.10822060353798127
0 0.06923076923076923 0.2892819979188345 0.04461538461538461 0.10822060353798127
0 0.5438461538461539 0.35744016649323623 0.04692307692307692 0.10926118626430802
0 0.23346153846153847 0.31321540062434966 0.04384615384615385 0.10822060353798127
0 0.27115384615384613 0.3184183142559833 0.046153846153846156 0.11030176899063475
0 0.31038461538461537 0.32466181061394384 0.04692307692307692 0.11030176899063475
0 0.03346153846153846 0.2851196670135276 0.043076923076923075 0.10926118626430802
0 0.10653846153846154 0.29604578563995837 0.046153846153846156 0.11238293444328824
0 0.34807692307692306 0.3309053069719043 0.045384615384615384 0.10926118626430802
0 0.7330769230769231 0.38657648283038504 0.043076923076923075 0.10613943808532779
0 0.6580769230769231 0.37669094693028093 0.047692307692307694 0.11030176899063475
0 0.8138461538461539 0.39906347554630595 0.047692307692307694 0.11030176899063475
0 0.4257692307692308 0.34443288241415193 0.04846153846153846 0.10509885535900104
0 0.7703846153846153 0.39334027055150883 0.04692307692307692 0.1113423517169615
0 0.9657692307692308 0.4219562955254943 0.045384615384615384 0.10822060353798127
0 0.6965384615384616 0.3834547346514048 0.04692307692307692 0.10718002081165452
0 0.3861538461538462 0.3397502601456816 0.045384615384615384 0.10613943808532779
0 0.926923076923077 0.4167533818938606 0.04461538461538461 0.10718002081165452
0 0.99 0.4266389177939646 0.02 0.10613943808532779
0 0.4673076923076923 0.3517169614984391 0.04692307692307692 0.11030176899063475
0 0.5061538461538462 0.35744016649323623 0.04461538461538461 0.10822060353798127
0 0.8903846153846153 0.413111342351717 0.04461538461538461 0.10822060353798127
0 0.8519230769230769 0.4084287200832466 0.045384615384615384 0.11030176899063475
0 0.21 0.022892819979188347 0.046153846153846156 0.045785639958376693
0 0.6092307692307692 0.05723204994797086 0.046153846153846156 0.09365244536940687
0 0.25038461538461537 0.026534859521331947 0.05153846153846154 0.053069719042663895
0 0.5688461538461539 0.05202913631633715 0.04461538461538461 0.09365244536940687
0 0.2953846153846154 0.030176899063475548 0.04923076923076923 0.060353798126951096
0 0.33884615384615385 0.03329864724245578 0.04692307692307692 0.06659729448491156
0 0.6488461538461539 0.0639958376690947 0.046153846153846156 0.09573361082206035
0 0.13038461538461538 0.019250780437044746 0.04230769230769231 0.03850156087408949
0 0.16884615384615384 0.021852237252861603 0.04846153846153846 0.043704474505723206
0 0.5538461538461539 0.4614984391259105 0.04461538461538461 0.10613943808532779
0 0.12692307692307692 0.4016649323621228 0.047692307692307694 0.11030176899063475
0 0.5919230769230769 0.46774193548387094 0.04846153846153846 0.11030176899063475
0 0.7530769230769231 0.4906347554630593 0.04461538461538461 0.10197710718002082
0 0.16615384615384615 0.40738813735691987 0.047692307692307694 0.11030176899063475
0 0.6307692307692307 0.47398543184183145 0.047692307692307694 0.10613943808532779
0 0.205 0.413111342351717 0.045384615384615384 0.10926118626430802
0 0.7923076923076923 0.49687825182101975 0.045384615384615384 0.10093652445369407
0 0.7138461538461538 0.48595213319458896 0.05 0.10093652445369407
0 0.24269230769230768 0.41935483870967744 0.04692307692307692 0.1113423517169615
0 0.08653846153846154 0.3975026014568158 0.04846153846153846 0.10926118626430802
0 0.04692307692307692 0.3917793964620187 0.05 0.10926118626430802
0 0.936923076923077 0.5187304890738814 0.04 0.10093652445369407
0 0.9030769230769231 0.5145681581685744 0.040769230769230766 0.10093652445369407
0 0.09461538461538462 0.01716961498439126 0.04153846153846154 0.03433922996878252
0 0.058076923076923075 0.014568158168574402 0.04384615384615385 0.029136316337148804
0 0.7307692307692307 0.0764828303850156 0.046153846153846156 0.09781477627471384
0 0.6711538461538461 0.481789802289282 0.04923076923076923 0.10301768990634755
0 0.8307692307692308 0.5052029136316337 0.04923076923076923 0.10093652445369407
0 0.01730769230769231 0.38969823100936524 0.031538461538461536 0.10822060353798127
0 0.97 0.5249739854318418 0.04153846153846154 0.10301768990634755
0 0.28115384615384614 0.427159209157128 0.045384615384615384 0.11238293444328824
0 0.3992307692307692 0.44432882414151925 0.047692307692307694 0.10822060353798127
0 0.8676923076923077 0.5114464099895941 0.046153846153846156 0.10093652445369407
0 0.5173076923076924 0.4620187304890739 0.04461538461538461 0.10613943808532779
0 0.32 0.4344432882414152 0.04923076923076923 0.11238293444328824
0 0.36038461538461536 0.44016649323621226 0.045384615384615384 0.10613943808532779
0 0.7730769230769231 0.49895941727367327 0.0007692307692307692 0.001040582726326743
0 0.43846153846153846 0.45265348595213317 0.046153846153846156 0.10613943808532779
0 0.47807692307692307 0.4583766909469303 0.047692307692307694 0.10926118626430802
0 0.5303846153846153 0.04890738813735692 0.04692307692307692 0.09781477627471384
0 0.37538461538461537 0.037460978147762745 0.043076923076923075 0.07492195629552549
0 0.4907692307692308 0.046826222684703434 0.04461538461538461 0.09365244536940687
0 0.4523076923076923 0.043704474505723206 0.046153846153846156 0.08740894901144641
0 0.688076923076923 0.07232049947970863 0.04846153846153846 0.10197710718002082
0 0.7673076923076924 0.0837669094693028 0.047692307692307694 0.10093652445369407
0 0.9634615384615385 0.11186264308012488 0.04461538461538461 0.10197710718002082
0 0.41346153846153844 0.04214360041623309 0.045384615384615384 0.08428720083246619
0 0.9265384615384615 0.1077003121748179 0.04923076923076923 0.1040582726326743
0 0.9896153846153846 0.1186264308012487 0.02076923076923077 0.1040582726326743
0 0.8076923076923077 0.09053069719042664 0.04846153846153846 0.1040582726326743
0 0.8880769230769231 0.10301768990634755 0.04692307692307692 0.10509885535900104
0 0.8480769230769231 0.09781477627471384 0.047692307692307694 0.10718002081165452
0 0.7911538461538462 0.5978147762747138 0.04461538461538461 0.10613943808532779
0 0.8273076923076923 0.6040582726326743 0.04230769230769231 0.1040582726326743
0 0.678076923076923 0.5832466181061394 0.04461538461538461 0.1040582726326743
0 0.715 0.5884495317377731 0.045384615384615384 0.10926118626430802
0 0.568076923076923 0.5681581685744017 0.047692307692307694 0.10718002081165452
0 0.7538461538461538 0.5946930280957337 0.045384615384615384 0.10718002081165452
0 0.8638461538461538 0.6108220603537982 0.045384615384615384 0.10613943808532779
0 0.6042307692307692 0.5744016649323621 0.04384615384615385 0.10718002081165452
0 0.9065384615384615 0.617585848074922 0.047692307692307694 0.1113423517169615
0 0.6415384615384615 0.5801248699271592 0.045384615384615384 0.10822060353798127
0 0.17846153846153845 0.5150884495317378 0.046153846153846156 0.10822060353798127
0 0.05846153846153846 0.4984391259105099 0.04923076923076923 0.1113423517169615
0 0.5257692307692308 0.5655567117585848 0.04846153846153846 0.1113423517169615
0 0.09923076923076923 0.5046826222684704 0.045384615384615384 0.10822060353798127
0 0.14 0.5104058272632674 0.04692307692307692 0.10926118626430802
0 0.9461538461538461 0.6253902185223725 0.04692307692307692 0.11238293444328824
0 0.9792307692307692 0.6300728407908429 0.03461538461538462 0.10613943808532779
0 0.21576923076923077 0.5218522372528616 0.04230769230769231 0.10926118626430802
0 0.25346153846153846 0.5291363163371487 0.05076923076923077 0.11654526534859522
0 0.4876923076923077 0.562955254942768 0.045384615384615384 0.11030176899063475
0 0.33192307692307693 0.5416233090530698 0.04384615384615385 0.10822060353798127
0 0.02076923076923077 0.49739854318418314 0.04153846153846154 0.10822060353798127
0 0.4115384615384615 0.5535900104058272 0.04846153846153846 0.11342351716961499
0 0.4492307692307692 0.558792924037461 0.046153846153846156 0.10822060353798127
0 0.2946153846153846 0.5369406867845994 0.04384615384615385 0.1113423517169615
0 0.36923076923076925 0.5473465140478668 0.04692307692307692 0.11342351716961499
0 0.7761538461538462 0.6997918834547346 0.04846153846153846 0.10926118626430802
0 0.6553846153846153 0.6847034339229969 0.046153846153846156 0.11030176899063475
0 0.9288461538461539 0.7237252861602498 0.045384615384615384 0.10301768990634755
0 0.9638461538461538 0.7289281997918835 0.04846153846153846 0.10197710718002082
0 0.8161538461538461 0.708636836628512 0.04846153846153846 0.1113423517169615
0 0.8919230769230769 0.7195629552549427 0.04461538461538461 0.10301768990634755
0 0.691923076923077 0.6909469302809573 0.045384615384615384 0.11238293444328824
0 0.7353846153846154 0.6971904266389178 0.05076923076923077 0.10926118626430802
0 0.5765384615384616 0.6748178980228928 0.04692307692307692 0.11342351716961499
0 0.6161538461538462 0.6810613943808532 0.04461538461538461 0.11030176899063475
0 0.8546153846153847 0.7154006243496358 0.04461538461538461 0.10718002081165452
0 0.5380769230769231 0.6716961498439126 0.04384615384615385 0.10926118626430802
0 0.14846153846153845 0.6170655567117586 0.047692307692307694 0.11030176899063475
0 0.5019230769230769 0.6675338189386056 0.04461538461538461 0.10613943808532779
0 0.10961538461538461 0.6123829344432883 0.046153846153846156 0.10926118626430802
0 0.18730769230769231 0.6233090530697191 0.05 0.10926118626430802
0 0.2273076923076923 0.6290322580645161 0.045384615384615384 0.10613943808532779
0 0.4219230769230769 0.6576482830385015 0.045384615384615384 0.10509885535900104
0 0.02576923076923077 0.6014568158168574 0.04846153846153846 0.11030176899063475
0 0.385 0.6524453694068678 0.045384615384615384 0.10301768990634755
0 0.4626923076923077 0.6633714880332986 0.045384615384615384 0.10613943808532779
0 0.3457692307692308 0.6472424557752341 0.04692307692307692 0.10718002081165452
0 0.265 0.6363163371488033 0.045384615384615384 0.1040582726326743
0 0.07076923076923076 0.6087408949011447 0.04923076923076923 0.11342351716961499
0 0.3038461538461538 0.6425598335067638 0.04846153846153846 0.10718002081165452
0 0.9634615384615385 0.8309053069719042 0.03461538461538462 0.1040582726326743
0 0.7369230769230769 0.7991675338189386 0.045384615384615384 0.10822060353798127
0 0.9315384615384615 0.8283038501560874 0.04461538461538461 0.10926118626430802
0 0.6234615384615385 0.7845993756503642 0.04384615384615385 0.1040582726326743
0 0.6607692307692308 0.7903225806451613 0.046153846153846156 0.10822060353798127
0 0.8946153846153846 0.8241415192507804 0.04692307692307692 0.1113423517169615
0 0.698076923076923 0.7965660770031218 0.04461538461538461 0.10822060353798127
0 0.7807692307692308 0.8085327783558793 0.05 0.10926118626430802
0 0.8565384615384616 0.8199791883454735 0.045384615384615384 0.10718002081165452
0 0.5853846153846154 0.7819979188345474 0.047692307692307694 0.11238293444328824
0 0.35 0.7497398543184183 0.04692307692307692 0.10718002081165452
0 0.22923076923076924 0.7325702393340271 0.047692307692307694 0.10926118626430802
0 0.3873076923076923 0.7554630593132154 0.04461538461538461 0.10718002081165452
0 0.8188461538461539 0.8168574401664932 0.04461538461538461 0.10718002081165452
0 0.14961538461538462 0.7216441207075962 0.04692307692307692 0.11030176899063475
0 0.03807692307692308 0.7060353798126952 0.04846153846153846 0.10718002081165452
0 0.07538461538461538 0.7117585848074922 0.04153846153846154 0.10197710718002082
0 0.1896153846153846 0.7278876170655567 0.04846153846153846 0.11030176899063475
0 0.4280769230769231 0.7617065556711758 0.046153846153846156 0.10926118626430802
0 0.010769230769230769 0.700312174817898 0.021538461538461538 0.11030176899063475
0 0.5019230769230769 0.7726326742976066 0.04692307692307692 0.1113423517169615
0 0.11076923076923077 0.7169614984391259 0.045384615384615384 0.10926118626430802
0 0.30846153846153845 0.7455775234131113 0.04846153846153846 0.10718002081165452
0 0.4642307692307692 0.7679500520291364 0.04461538461538461 0.1113423517169615
0 0.5430769230769231 0.7788761706555671 0.05076923076923077 0.1113423517169615
0 0.2680769230769231 0.740894901144641 0.04846153846153846 0.10926118626430802
0 0.9411538461538461 0.9240374609781478 0.04461538461538461 0.09781477627471384
0 0.6473076923076924 0.8839750260145681 0.04384615384615385 0.09365244536940687
0 0.7215384615384616 0.894901144640999 0.045384615384615384 0.09469302809573361
0 0.7580769230769231 0.9001040582726326 0.043076923076923075 0.09261186264308012
0 0.6096153846153847 0.8792924037460979 0.04461538461538461 0.09261186264308012
0 0.9003846153846153 0.9209157127991675 0.04153846153846154 0.09261186264308012
0 0.8665384615384616 0.9167533818938606 0.03923076923076923 0.09053069719042664
0 0.8307692307692308 0.9120707596253902 0.045384615384615384 0.09157127991675339
0 0.6834615384615385 0.8912591050988553 0.04230769230769231 0.08949011446409989
0 0.7942307692307692 0.9073881373569199 0.043076923076923075 0.09157127991675339
0 0.3819230769230769 0.8491155046826223 0.04384615384615385 0.08949011446409989
0 0.5723076923076923 0.8761706555671176 0.046153846153846156 0.08949011446409989
0 0.1396153846153846 0.8147762747138397 0.05 0.08844953173777315
0 0.345 0.8444328824141519 0.043076923076923075 0.09053069719042664
0 0.06192307692307692 0.8043704474505723 0.045384615384615384 0.08949011446409989
0 0.026923076923076925 0.7991675338189386 0.038461538461538464 0.08740894901144641
0 0.18115384615384617 0.8210197710718002 0.045384615384615384 0.08844953173777315
0 0.49615384615384617 0.8657648283038502 0.04461538461538461 0.08740894901144641
0 0.2230769230769231 0.8272632674297606 0.04153846153846154 0.08844953173777315
0 0.30538461538461537 0.8392299687825182 0.04384615384615385 0.08949011446409989
0 0.41884615384615387 0.8553590010405827 0.04384615384615385 0.08740894901144641
0 0.2676923076923077 0.8340270551508845 0.04692307692307692 0.08844953173777315
0 0.10076923076923076 0.8106139438085328 0.045384615384615384 0.08636836628511967
0 0.006538461538461538 0.7944849115504683 0.013076923076923076 0.08636836628511967
0 0.5330769230769231 0.872528616024974 0.04461538461538461 0.08636836628511967
0 0.4584615384615385 0.8626430801248699 0.040769230769230766 0.08532778355879292