0 0.8669230769230769 0.14629049111807732 0.26615384615384613 0.13375130616509928
0 0.5584615384615385 0.12539184952978055 0.35 0.1452455590386625
0 0.2153846153846154 0.09979101358411703 0.3392307692307692 0.12957157784743992
0 0.6242307692307693 0.23249738766980146 0.16615384615384615 0.11703239289446186
0 0.7942307692307692 0.25287356321839083 0.17076923076923076 0.12539184952978055
0 0.2723076923076923 0.20428422152560083 0.17 0.109717868338558
0 0.1176923076923077 0.19592476489028213 0.16384615384615384 0.12434691745036573
0 0.9384615384615385 0.2769070010449321 0.12307692307692308 0.11285266457680251
0 0.4603846153846154 0.2335423197492163 0.16307692307692306 0.12434691745036573
0 0.7884615384615384 0.0522466039707419 0.16538461538461538 0.06792058516196448
0 0.9357692307692308 0.06896551724137931 0.12846153846153846 0.07105538140020899
0 0.22230769230769232 0.2993730407523511 0.3346153846153846 0.14942528735632185
0 0.5596153846153846 0.3385579937304075 0.34307692307692306 0.1400208986415883
0 0.8657692307692307 0.3719958202716823 0.2684615384615385 0.11494252873563218
0 0.6176923076923077 0.04597701149425287 0.17076923076923076 0.08672936259143156
0 0.4542307692307692 0.03918495297805643 0.16230769230769232 0.07836990595611286
0 0.2684615384615385 0.032915360501567396 0.15846153846153846 0.06583072100313479
0 0.305 0.40752351097178685 0.16615384615384615 0.11494252873563218
0 0.11 0.027690700104493208 0.16307692307692306 0.055381400208986416
0 0.6234615384615385 0.45297805642633227 0.16923076923076924 0.11598746081504702
0 0.14307692307692307 0.4090909090909091 0.16 0.11598746081504702
0 0.46153846153846156 0.4393939393939394 0.1676923076923077 0.11494252873563218
0 0.9461538461538461 0.5114942528735632 0.1076923076923077 0.09717868338557993
0 0.8076923076923077 0.5031347962382445 0.17692307692307693 0.11598746081504702
0 0.21 0.5036572622779519 0.3330769230769231 0.14106583072100312
0 0.5484615384615384 0.5402298850574713 0.34923076923076923 0.14106583072100312
0 0.86 0.6003134796238244 0.2753846153846154 0.12016718913270637
0 0.26346153846153847 0.6154649947753396 0.16538461538461538 0.11912225705329153
0 0.61 0.6525600835945663 0.16615384615384615 0.12539184952978055
0 0.10230769230769231 0.6044932079414838 0.16076923076923078 0.11285266457680251
0 0.45076923076923076 0.6374085684430512 0.16153846153846155 0.11703239289446186
0 0.9411538461538461 0.723092998955068 0.10230769230769231 0.11598746081504702
0 0.7807692307692308 0.7115987460815048 0.1676923076923077 0.1180773249738767
0 0.1996153846153846 0.703239289446186 0.32846153846153847 0.12330198537095088
0 0.5326923076923077 0.7492163009404389 0.3423076923076923 0.12225705329153605
0 0.8461538461538461 0.803030303030303 0.2823076923076923 0.10867293625914315
0 0.10615384615384615 0.790491118077325 0.15 0.09822361546499478
0 0.2619230769230769 0.8061650992685475 0.16076923076923078 0.10762800417972831
0 0.4296153846153846 0.8432601880877743 0.16615384615384615 0.11912225705329153
0 0.6065384615384616 0.8605015673981191 0.15846153846153846 0.12643678160919541
0 0.9273076923076923 0.9106583072100314 0.10923076923076923 0.08568443051201671
0 0.7830769230769231 0.8981191222570533 0.16846153846153847 0.0877742946708464