0 0.9253846153846154 0.11703239289446186 0.14 0.09299895506792058
0 0.4907692307692308 0.12852664576802508 0.24 0.09299895506792058
0 0.7311538461538462 0.12277951933124347 0.24307692307692308 0.09717868338557993
0 0.06615384615384616 0.13897596656217345 0.13230769230769232 0.08986415882967608
0 0.2526923076923077 0.13688610240334378 0.23846153846153847 0.1013584117032393
0 0.4757692307692308 0.21316614420062696 0.11461538461538462 0.08881922675026123
0 0.12538461538461537 0.22152560083594566 0.11692307692307692 0.09404388714733543
0 0.03307692307692308 0.2251828631138976 0.06615384615384616 0.09090909090909091
0 0.35884615384615387 0.21891327063740856 0.11461538461538462 0.09822361546499478
0 0.24192307692307694 0.22361546499477533 0.11538461538461539 0.08986415882967608
0 0.7111538461538461 0.21264367816091953 0.11461538461538462 0.0877742946708464
0 0.8276923076923077 0.2110762800417973 0.11846153846153847 0.09090909090909091
0 0.5934615384615385 0.2168234064785789 0.11692307692307692 0.09508881922675026
0 0.9438461538461539 0.21368861024033436 0.10615384615384615 0.0877742946708464
0 0.5073076923076923 0.30616509926854757 0.24 0.09926854754440961
0 0.07461538461538461 0.31713688610240337 0.14923076923076922 0.08254963427377221
0 0.2684615384615385 0.31400208986415884 0.23615384615384616 0.09299895506792058
0 0.9357692307692308 0.2998955067920585 0.12461538461538461 0.09195402298850575
0 0.7480769230769231 0.3077324973876698 0.23692307692307693 0.0961337513061651
0 0.963076923076923 0.029258098223615466 0.06307692307692307 0.05851619644723093
0 0.75 0.03239289446185998 0.12 0.06478578892371996
0 0.8688461538461538 0.032915360501567396 0.1176923076923077 0.06583072100313479
0 0.05307692307692308 0.04754440961337513 0.10615384615384615 0.07628004179728318
0 0.2846153846153846 0.04336468129571578 0.11384615384615385 0.07836990595611286
0 0.6315384615384615 0.03761755485893417 0.1123076923076923 0.07523510971786834
0 0.10653846153846154 0.40334378265412746 0.12307692307692308 0.09404388714733543
0 0.4646153846153846 0.3955067920585162 0.11461538461538462 0.09195402298850575
0 0.5826923076923077 0.3934169278996865 0.11692307692307692 0.09299895506792058
0 0.3434615384615385 0.4007314524555904 0.11076923076923077 0.09508881922675026
0 0.4034615384615385 0.04231974921630094 0.11153846153846154 0.08254963427377221
0 0.1676923076923077 0.04806687565308255 0.11692307692307692 0.08150470219435736
0 0.5165384615384615 0.040229885057471264 0.11153846153846154 0.08045977011494253
0 0.22846153846153847 0.4038662486938349 0.11538461538461539 0.09404388714733543
0 0.9392307692307692 0.3892371995820272 0.12 0.09195402298850575
0 0.8223076923076923 0.3944618599791014 0.11846153846153847 0.09404388714733543
0 0.7026923076923077 0.39759665621734586 0.11615384615384615 0.09090909090909091
0 0.07230769230769231 0.49791013584117033 0.14461538461538462 0.10344827586206896
0 0.5065384615384615 0.4885057471264368 0.24 0.10240334378265413
0 0.26615384615384613 0.49686520376175547 0.24076923076923076 0.09195402298850575
0 0.935 0.4827586206896552 0.13 0.09404388714733543
0 0.7461538461538462 0.49111807732497387 0.2376923076923077 0.09404388714733543
0 0.03076923076923077 0.5888192267502612 0.05923076923076923 0.08881922675026123
0 0.35807692307692307 0.5830721003134797 0.11538461538461539 0.09926854754440961
0 0.47923076923076924 0.5804597701149425 0.11538461538461539 0.09195402298850575
0 0.12461538461538461 0.5903866248693835 0.11692307692307692 0.09299895506792058
0 0.24115384615384616 0.5903866248693835 0.11615384615384615 0.09508881922675026
0 0.5957692307692307 0.5830721003134797 0.11615384615384615 0.10031347962382445
0 0.945 0.5752351097178683 0.11 0.09717868338557993
0 0.8319230769230769 0.58098223615465 0.11846153846153847 0.0961337513061651
0 0.7123076923076923 0.5851619644723093 0.11307692307692307 0.09508881922675026
0 0.08076923076923077 0.6828631138975967 0.15846153846153846 0.09822361546499478
0 0.5157692307692308 0.6755485893416928 0.24153846153846154 0.1044932079414838
0 0.27807692307692305 0.6818181818181818 0.2353846153846154 0.09508881922675026
0 0.9415384615384615 0.6677115987460815 0.11692307692307692 0.08986415882967608
0 0.7596153846153846 0.6729362591431557 0.23461538461538461 0.08881922675026123
0 0.8296153846153846 0.7601880877742947 0.12076923076923077 0.09404388714733543
0 0.10423076923076922 0.777951933124347 0.11692307692307692 0.0961337513061651
0 0.23615384615384616 0.7758620689655172 0.11461538461538462 0.09717868338557993
0 0.35115384615384615 0.7732497387669801 0.1123076923076923 0.0961337513061651
0 0.46692307692307694 0.7706374085684431 0.11538461538461539 0.09404388714733543
0 0.945 0.7591431556948798 0.11 0.09508881922675026
0 0.708076923076923 0.7664576802507836 0.11846153846153847 0.09822361546499478
0 0.585 0.7701149425287356 0.11692307692307692 0.09508881922675026
0 0.2773076923076923 0.864158829676071 0.23692307692307693 0.09926854754440961
0 0.07923076923076923 0.8693834900731452 0.15 0.09090909090909091
0 0.755 0.8547544409613375 0.23846153846153847 0.0961337513061651
0 0.5146153846153846 0.8610240334378265 0.2376923076923077 0.09508881922675026
0 0.9384615384615385 0.851619644723093 0.12307692307692308 0.09195402298850575