0 0.21626297577854672 0.6040625 0.15570934256055363 0.074375
0 0.0726643598615917 0.598125 0.1453287197231834 0.07375
0 0.5333044982698962 0.06375 0.28546712802768165 0.09625
0 0.6907439446366782 0.6746875 0.2430795847750865 0.081875
0 0.5082179930795848 0.6725 0.13408304498269896 0.07125
0 0.37067474048442905 0.6709375 0.14619377162629757 0.075625
0 0.14186851211072665 0.658125 0.2837370242214533 0.09625
0 0.745674740484429 0.7275 0.1245674740484429 0.06625
0 0.625 0.724375 0.12716262975778547 0.065625
0 0.4225778546712803 0.7228125 0.2811418685121107 0.099375
0 0.18209342560553632 0.7203125 0.1583044982698962 0.07625
0 0.053200692041522495 0.714375 0.10640138408304499 0.075
0 0.6665224913494809 0.7734375 0.2491349480968858 0.081875
0 0.46929065743944637 0.7775 0.13494809688581316 0.073125
0 0.32569204152249137 0.7778125 0.1453287197231834 0.073125
0 0.125 0.7725 0.25 0.08875
0 0.7283737024221453 0.8290625 0.12024221453287197 0.065625
0 0.6020761245674741 0.829375 0.12975778546712802 0.069375
0 0.3905709342560554 0.8296875 0.2837370242214533 0.101875
0 0.17214532871972318 0.815625 0.1522491349480969 0.075
0 0.6457612456747405 0.874375 0.2569204152249135 0.089375
0 0.04930795847750865 0.8215625 0.0986159169550173 0.080625
0 0.4472318339100346 0.878125 0.14013840830449828 0.070625
0 0.3044982698961938 0.876875 0.14359861591695502 0.069375
0 0.7093425605536332 0.9159375 0.1185121107266436 0.065
0 0.5817474048442907 0.91875 0.12629757785467127 0.060625
0 0.11937716262975778 0.875625 0.23875432525951557 0.105
0 0.7854671280276817 0.1140625 0.2508650519031142 0.099375
0 0.36764705882352944 0.923125 0.2811418685121107 0.090625
0 0.6258650519031141 0.9575 0.2378892733564014 0.085
0 0.15008650519031141 0.9275 0.15311418685121106 0.078125
0 0.039792387543252594 0.926875 0.07958477508650519 0.07625
0 0.42993079584775085 0.968125 0.12802768166089964 0.06375
0 0.6864186851211073 0.983125 0.11505190311418685 0.03375
0 0.2975778546712803 0.9628125 0.13494809688581316 0.05625
0 0.14749134948096887 0.079375 0.13927335640138408 0.065
0 0.46842560553633217 0.11 0.1444636678200692 0.075625
0 0.2711937716262976 0.0978125 0.13062283737024222 0.065625
0 0.5994809688581315 0.1309375 0.13408304498269896 0.070625
0 0.7296712802768166 0.15625 0.12802768166089964 0.07
0 0.8429930795847751 0.17875 0.1245674740484429 0.063125
0 0.20761245674740483 0.13875 0.2629757785467128 0.08125
0 0.5025951557093425 0.1696875 0.28460207612456745 0.084375
0 0.4844290657439446 0.01875 0.13667820069204153 0.0375
0 0.7655709342560554 0.213125 0.25346020761245674 0.091875
0 0.1522491349480969 0.179375 0.13408304498269896 0.0625
0 0.27292387543252594 0.1934375 0.12370242214532871 0.058125
0 0.6141868512110726 0.0290625 0.13321799307958476 0.055
0 0.4329584775086505 0.22125 0.14705882352941177 0.069375
0 0.5735294117647058 0.234375 0.14100346020761245 0.069375
0 0.759083044982699 0.2675 0.25259515570934254 0.081875
0 0.20717993079584776 0.2328125 0.2577854671280277 0.0725
0 0.4930795847750865 0.2840625 0.2837370242214533 0.080625
0 0.6933391003460208 0.308125 0.1323529411764706 0.0675
0 0.8183391003460208 0.3259375 0.12629757785467127 0.063125
0 0.14100346020761245 0.2725 0.13408304498269896 0.05875
0 0.2673010380622837 0.285 0.12110726643598616 0.054375
0 0.7417820069204152 0.05125 0.13408304498269896 0.076875
0 0.5497404844290658 0.345 0.1384083044982699 0.06625
0 0.41825259515570934 0.3340625 0.1453287197231834 0.066875
0 0.740484429065744 0.366875 0.2508650519031142 0.07875
0 0.14619377162629757 0.3215625 0.13581314878892733 0.056875
0 0.2673010380622837 0.3325 0.11764705882352941 0.05375
0 0.6942041522491349 0.415 0.12629757785467127 0.063125
0 0.4710207612456747 0.395625 0.27768166089965396 0.0775
0 0.8079584775086506 0.426875 0.1185121107266436 0.060625
0 0.19160899653979238 0.3734375 0.23961937716262977 0.068125
0 0.2422145328719723 0.4234375 0.12370242214532871 0.055625
0 0.11721453287197232 0.4140625 0.1323529411764706 0.056875
0 0.7270761245674741 0.4703125 0.24394463667820068 0.070625
0 0.5441176470588235 0.4584375 0.14186851211072665 0.0675
0 0.4009515570934256 0.446875 0.14619377162629757 0.068125
0 0.8620242214532872 0.076875 0.1245674740484429 0.0725
0 0.7967128027681661 0.52875 0.1245674740484429 0.06125
0 0.6747404844290658 0.51875 0.13321799307958476 0.063125
0 0.45761245674740486 0.5096875 0.2837370242214533 0.078125
0 0.2422145328719723 0.4915625 0.15570934256055363 0.071875
0 0.08304498269896193 0.481875 0.16608996539792387 0.07375
0 0.7197231833910035 0.575 0.2422145328719723 0.0725
0 0.528114186851211 0.5628125 0.1375432525951557 0.065625
0 0.3953287197231834 0.56 0.1444636678200692 0.07
0 0.15570934256055363 0.5453125 0.31141868512110726 0.098125
0 0.7621107266435986 0.628125 0.1245674740484429 0.064375
0 0.6401384083044983 0.621875 0.13062283737024222 0.065
0 0.43079584775086505 0.6146875 0.2820069204152249 0.090625