0 0.7215384615384616 0.14420062695924765 0.18923076923076923 0.109717868338558
0 0.21076923076923076 0.08568443051201671 0.08923076923076922 0.0877742946708464
0 0.10615384615384615 0.07784743991640543 0.09461538461538462 0.09508881922675026
0 0.34692307692307695 0.10658307210031348 0.18923076923076923 0.10553814002089865
0 0.8634615384615385 0.16875653082549635 0.08692307692307692 0.08150470219435736
0 0.5853846153846154 0.13636363636363635 0.09153846153846154 0.08463949843260188
0 0.9442307692307692 0.1812957157784744 0.08692307692307692 0.08150470219435736
0 0.48923076923076925 0.13531870428422152 0.08692307692307692 0.08568443051201671
0 0.08923076923076922 0.15308254963427378 0.14076923076923076 0.10240334378265413
0 0.2561538461538462 0.17345872518286312 0.19 0.10867293625914315
0 0.9484615384615385 0.25653082549634276 0.10307692307692308 0.08881922675026123
0 0.6303846153846154 0.21839080459770116 0.18384615384615385 0.10240334378265413
0 0.8096153846153846 0.241901776384535 0.18307692307692308 0.1044932079414838
0 0.44461538461538463 0.20689655172413793 0.18769230769230769 0.10031347962382445
0 0.21192307692307694 0.2471264367816092 0.09153846153846154 0.09299895506792058
0 0.7565384615384615 0.312957157784744 0.09 0.08568443051201671
0 0.6684615384615384 0.30303030303030304 0.09153846153846154 0.0877742946708464
0 0.9442307692307692 0.3375130616509927 0.09076923076923077 0.08986415882967608
0 0.8396153846153847 0.32601880877742945 0.08846153846153847 0.08045977011494253
0 0.04807692307692308 0.23249738766980146 0.07 0.0877742946708464
0 0.5784615384615385 0.29728317659352144 0.08538461538461538 0.08568443051201671
0 0.35346153846153844 0.2711598746081505 0.18153846153846154 0.0961337513061651
0 0.12384615384615384 0.24555903866248693 0.08923076923076922 0.08150470219435736
0 0.4907692307692308 0.2946708463949843 0.09153846153846154 0.07836990595611286
0 0.8211538461538461 0.3955067920585162 0.17307692307692307 0.09195402298850575
0 0.953076923076923 0.41431556948798326 0.09384615384615384 0.09299895506792058
0 0.26153846153846155 0.027690700104493208 0.19384615384615383 0.055381400208986416
0 0.63 0.38140020898641586 0.18307692307692308 0.09926854754440961
0 0.26461538461538464 0.3390804597701149 0.18461538461538463 0.1013584117032393
0 0.09192307692307693 0.31922675026123304 0.16846153846153847 0.09926854754440961
0 0.4442307692307692 0.3672936259143156 0.18307692307692308 0.10031347962382445
0 0.6534615384615384 0.05747126436781609 0.18461538461538463 0.10240334378265413
0 0.45884615384615385 0.04493207941483804 0.1976923076923077 0.08986415882967608
0 0.08923076923076922 0.019331243469174503 0.12153846153846154 0.038662486938349006
0 0.9488461538461539 0.49059561128526646 0.0876923076923077 0.08881922675026123
0 0.7176923076923077 0.46342737722048066 0.17615384615384616 0.09404388714733543
0 0.96 0.09822361546499478 0.08 0.0877742946708464
0 0.8626923076923076 0.48171368861024033 0.09307692307692307 0.08672936259143156
0 0.5888461538461538 0.45245559038662486 0.08846153846153847 0.08568443051201671
0 0.22423076923076923 0.4106583072100313 0.09153846153846154 0.08568443051201671
0 0.04730769230769231 0.3897596656217346 0.0876923076923077 0.08150470219435736
0 0.3657692307692308 0.428944618599791 0.18076923076923077 0.09717868338557993
0 0.13807692307692307 0.4059561128526646 0.0876923076923077 0.08150470219435736
0 0.8353846153846154 0.08359456635318704 0.18307692307692308 0.10762800417972831
0 0.49884615384615383 0.44879832810867293 0.09230769230769231 0.08359456635318704
0 0.9507692307692308 0.5632183908045977 0.09846153846153846 0.0877742946708464
0 0.8057692307692308 0.5522466039707419 0.18153846153846154 0.0961337513061651
0 0.6296153846153846 0.5334378265412748 0.18 0.10658307210031348
0 0.26269230769230767 0.49059561128526646 0.1776923076923077 0.0961337513061651
0 0.08807692307692308 0.47335423197492166 0.1723076923076923 0.10031347962382445
0 0.44846153846153847 0.5177638453500523 0.1853846153846154 0.09822361546499478
0 0.04230769230769231 0.5297805642633229 0.08461538461538462 0.0877742946708464
0 0.8292307692307692 0.6253918495297806 0.08461538461538462 0.07314524555903866
0 0.7023076923076923 0.61337513061651 0.17692307692307693 0.09090909090909091
0 0.1373076923076923 0.5501567398119123 0.08615384615384615 0.0741901776384535
0 0.9226923076923077 0.6436781609195402 0.09153846153846154 0.08986415882967608
0 0.30923076923076925 0.5715778474399164 0.0876923076923077 0.07628004179728318
0 0.39884615384615385 0.5830721003134797 0.08384615384615385 0.07314524555903866
0 0.22538461538461538 0.5637408568443051 0.08846153846153847 0.0794148380355277
0 0.48307692307692307 0.5950888192267503 0.08923076923076922 0.07732497387669801
0 0.5715384615384616 0.6060606060606061 0.08846153846153847 0.08150470219435736
0 0.9303846153846154 0.7011494252873564 0.12076923076923077 0.07732497387669801
0 0.7880769230769231 0.6912225705329154 0.16846153846153847 0.09090909090909091
0 0.2826923076923077 0.6311389759665622 0.16692307692307692 0.0741901776384535
0 0.09961538461538462 0.6107628004179728 0.17461538461538462 0.09090909090909091
0 0.4492307692307692 0.6572622779519331 0.17076923076923076 0.0877742946708464
0 0.6188461538461538 0.6802507836990596 0.17384615384615384 0.09090909090909091
0 0.3203846153846154 0.6985370950888192 0.08615384615384615 0.07105538140020899
0 0.405 0.709508881922675 0.07923076923076923 0.0741901776384535
0 0.23692307692307693 0.6912225705329154 0.08153846153846153 0.0741901776384535
0 0.9107692307692308 0.7758620689655172 0.0876923076923077 0.08254963427377221
0 0.04807692307692308 0.6713688610240335 0.09615384615384616 0.08463949843260188
0 0.48423076923076924 0.725705329153605 0.08153846153846153 0.07628004179728318
0 0.8273076923076923 0.7685475444096134 0.08692307692307692 0.08045977011494253
0 0.14115384615384616 0.6875653082549634 0.07923076923076923 0.07523510971786834
0 0.6938461538461539 0.7560083594566354 0.17615384615384616 0.09404388714733543
0 0.5642307692307692 0.7486938349007315 0.09 0.08568443051201671
0 0.28 0.7570532915360502 0.15692307692307692 0.08150470219435736
0 0.10423076923076922 0.7429467084639498 0.16538461538461538 0.0741901776384535
0 0.9230769230769231 0.8401253918495298 0.1176923076923077 0.0794148380355277
0 0.4376923076923077 0.7831765935214211 0.1646153846153846 0.0961337513061651
0 0.7784615384615384 0.8343782654127482 0.17692307692307693 0.08568443051201671
0 0.6057692307692307 0.8181818181818182 0.17461538461538462 0.08672936259143156
0 0.2323076923076923 0.8160919540229885 0.07846153846153846 0.06792058516196448
0 0.3484615384615385 0.835423197492163 0.16692307692307692 0.09299895506792058
0 0.9523076923076923 0.9085684430512017 0.05 0.06374085684430512
0 0.8880769230769231 0.9022988505747126 0.07538461538461538 0.07001044932079414
0 0.05153846153846154 0.8025078369905956 0.10307692307692308 0.08568443051201671
0 0.4726923076923077 0.8594566353187043 0.08538461538461538 0.08359456635318704
0 0.13615384615384615 0.8207941483803552 0.0823076923076923 0.0794148380355277
0 0.5561538461538461 0.8725182863113897 0.08307692307692308 0.07210031347962383
0 0.6792307692307692 0.8892371995820272 0.1676923076923077 0.08150470219435736
0 0.8092307692307692 0.9080459770114943 0.08076923076923077 0.07523510971786834