0 0.5784076923076923 0.13927159209157128 0.036769230769230735 0.10114464099895941
0 0.23038461538461538 0.14085327783558793 0.040061538461538496 0.10212278876170654
0 0.6172538461538462 0.14150884495317378 0.03712307692307692 0.10164412070759626
0 0.07601538461538461 0.14181061394380853 0.03613846153846153 0.1001977107180021
0 0.19107692307692312 0.14200832466181063 0.037230769230769234 0.10289281997918834
0 0.5401076923076923 0.14250780437044744 0.0397307692307693 0.10164412070759626
0 0.2713923076923077 0.14313215400624352 0.03995384615384611 0.10504682622268469
0 0.15291538461538462 0.14316337148803332 0.038953846153846144 0.10751300728407907
0 0.11346153846153846 0.144318418314256 0.03868461538461539 0.10135275754422475
0 0.037415384615384614 0.144318418314256 0.039853846153846156 0.10289281997918834
0 0.3107076923076923 0.144942767950052 0.0372769230769231 0.10414151925078043
0 0.4999692307692308 0.1464932362122789 0.03827692307692307 0.10164412070759626
0 0.42133076923076923 0.1467429760665973 0.039892307692307616 0.10323621227887615
0 0.008653846153846154 0.14682622268470344 0.017084615384615386 0.10404786680541105
0 0.3486923076923077 0.14697190426638918 0.037923076923076886 0.10278876170655565
0 0.46080769230769225 0.14809573361082207 0.03954615384615391 0.10414151925078043
0 0.7332615384615385 0.14848074921956295 0.03633846153846155 0.10164412070759626
0 0.38550769230769233 0.14854318418314255 0.03757692307692309 0.10504682622268469
0 0.6953307692307692 0.1489802289281998 0.041507692307692336 0.10562955254942767
0 0.9310615384615385 0.14972944849115502 0.03855384615384607 0.10414151925078043
0 0.6551846153846154 0.1504786680541103 0.037846153846153884 0.10065556711758587
0 0.7719692307692307 0.15097814776274715 0.03935384615384613 0.10464099895941728
0 0.8524384615384616 0.15172736732570238 0.04189999999999985 0.09915712799167536
0 0.8907384615384616 0.15222684703433922 0.03819999999999989 0.10114464099895941
0 0.9678846153846153 0.15222684703433922 0.04000769230769247 0.10015608740894902
0 0.8111923076923077 0.1524661810613944 0.03823846153846157 0.10065556711758587
0 0.5808 0.24191467221644117 0.037146153846153815 0.10314255983350674
0 0.2338 0.24451612903225803 0.04063076923076927 0.10443288241415191
0 0.07615384615384616 0.24451612903225803 0.04382307692307692 0.10443288241415191
0 0.11802307692307692 0.24547346514047869 0.03982307692307692 0.1009677419354839
0 0.6198384615384616 0.2456503642039542 0.03860000000000005 0.10264308012486992
0 0.19463846153846154 0.24585848074921954 0.03694615384615387 0.10327783558792922
0 0.5417692307692308 0.24614984391259107 0.03863076923076925 0.10164412070759624
0 0.03613846153846154 0.24663891779396463 0.04127692307692308 0.10635796045785638
0 0.15732307692307693 0.24682622268470342 0.03581538461538462 0.10058272632674295
0 0.27405384615384615 0.24682622268470342 0.03729230769230771 0.10143600416233092
0 0.31103846153846154 0.24885535900104058 0.036607692307692334 0.10188345473465144
0 0.3491923076923077 0.2502081165452653 0.03892307692307694 0.10188345473465137
0 0.6579538461538462 0.2506347554630593 0.038215384615384665 0.10164412070759629
0 0.5027307692307692 0.2508844953173777 0.03938461538461542 0.10414151925078043
0 0.7360769230769231 0.2508844953173777 0.0397538461538462 0.10414151925078043
0 0.4648076923076923 0.251789802289282 0.038207692307692366 0.10234131113423514
0 0.8189307692307691 0.25187304890738815 0.03898461538461526 0.09815816857440168
0 0.7762153846153848 0.2521227887617066 0.04047692307692308 0.09665972944849117
0 0.4274923076923077 0.252684703433923 0.0375615384615384 0.10323621227887615
0 0.6975384615384616 0.2528720083246618 0.04077692307692307 0.10414151925078045
0 0.9340153846153847 0.25312174817898025 0.037100000000000015 0.10364203954214363
0 0.9713923076923077 0.2533714880332987 0.03818461538461529 0.10214360041623306
0 0.3880076923076924 0.25359001040582724 0.03790769230769233 0.10143600416233092
0 0.8588923076923076 0.25362122788761704 0.03859999999999988 0.10364203954214357
0 0.8973692307692307 0.25412070759625394 0.03600769230769227 0.10364203954214357
0 0.5717769230769231 0.3480437044745058 0.0375153846153846 0.10513007284079082
0 0.6087923076923076 0.34829344432882414 0.035661538461538383 0.10164412070759621
0 0.14194615384615386 0.34971904266389175 0.04151538461538459 0.10366285119667014
0 0.18224615384615386 0.34971904266389175 0.037800000000000014 0.10366285119667014
0 0.05536153846153846 0.3512591050988554 0.037 0.10366285119667014
0 0.5327461538461539 0.3517793964620187 0.039007692307692333 0.10464099895941734
0 0.22055384615384618 0.35184183142559833 0.036361538461538445 0.10404786680541105
0 0.2584 0.3518626430801249 0.03863076923076925 0.10504682622268476
0 0.2977153846153846 0.3523204994797086 0.039276923076923036 0.10504682622268476
0 0.01933076923076923 0.3524141519250781 0.035015384615384615 0.10443288241415194
0 0.0931 0.35279916753381896 0.037838461538461536 0.10751300728407914
0 0.3360307692307692 0.35344432882414156 0.037261538461538415 0.10458896982310092
0 0.7229538461538462 0.3540166493236212 0.03560769230769228 0.10214360041623306
0 0.647823076923077 0.35501560874089494 0.040061538461538405 0.10513007284079082
0 0.8042 0.35526534859521336 0.0397307692307693 0.10562955254942767
0 0.41400000000000003 0.35570239334027054 0.0412307692307692 0.10008324661810608
0 0.7607461538461538 0.35576482830385014 0.039007692307692333 0.10662851196670138
0 0.9570307692307694 0.3565140478668054 0.0374538461538462 0.10314255983350677
0 0.6863076923076924 0.3565140478668054 0.03893846153846146 0.10214360041623306
0 0.37451538461538464 0.3568262226847035 0.0375846153846154 0.10143600416233092
0 0.9179923076923078 0.35701352757544225 0.036738461538461706 0.10214360041623306
0 0.9879384615384615 0.35701352757544225 0.02412307692307702 0.10314255983350677
0 0.45597692307692306 0.3570551508844953 0.03921538461538463 0.1054942767950052
0 0.495 0.35726326742976067 0.037176923076923024 0.10364203954214363
0 0.8813538461538462 0.35826222684703435 0.03711538461538461 0.10364203954214363
0 0.8428692307692308 0.3590010405827263 0.0375 0.10513007284079082
0 0.17307692307692307 0.043704474505723206 0.04 0.08740894901144641
0 0.5745384615384616 0.04409989594172736 0.03935384615384622 0.08818938605619146
0 0.21414615384615385 0.04431841831425599 0.04519230769230769 0.08786680541103017
0 0.5340307692307692 0.044599375650364204 0.037892307692307683 0.08918834547346514
0 0.25906153846153845 0.044630593132154006 0.042623076923076895 0.08926118626430801
0 0.30254615384615385 0.04530697190426639 0.040276923076923085 0.08971904266389177
0 0.6142307692307692 0.04526534859521332 0.03923076923076923 0.09053069719042664
0 0.09296153846153846 0.04547346514047867 0.035846153846153854 0.09094693028095734
0 0.13197692307692308 0.04547346514047867 0.04153076923076924 0.09094693028095734
0 0.5504615384615384 0.45420395421436005 0.03689230769230772 0.10143600416233092
0 0.1212923076923077 0.4547346514047867 0.0401 0.10481789802289283
0 0.5889461538461539 0.4548803329864724 0.04053846153846157 0.1054942767950052
0 0.7507846153846154 0.4549219562955255 0.0375 0.09765868886576486
0 0.16076923076923078 0.4553069719042664 0.039853846153846156 0.10520291363163374
0 0.6281538461538462 0.45542143600416235 0.0397615384615385 0.10065556711758587
0 0.1997923076923077 0.45550468262226845 0.03756153846153847 0.10404786680541105
0 0.7903692307692308 0.4556711758584807 0.03784615384615379 0.09617065556711754
0 0.7115615384615385 0.4556711758584807 0.043038461538461574 0.09517169614984396
0 0.2378076923076923 0.4560770031217482 0.03896923076923074 0.10597294484911554
0 0.0809923076923077 0.4564620187304891 0.040400000000000005 0.10443288241415194
0 0.04097692307692308 0.4564620187304891 0.04184615384615384 0.10443288241415194
0 0.9358692307692309 0.4569198751300729 0.032700000000000166 0.09665972944849115
0 0.9021692307692307 0.4574089490114464 0.03381538461538464 0.09665972944849115
0 0.05721538461538461 0.04605619146722164 0.03443846153846155 0.09210197710718003
0 0.020761538461538456 0.046243496357960455 0.036730769230769234 0.09248699271592091
0 0.6966153846153846 0.04633714880332986 0.03893076923076915 0.09267429760665973
0 0.6686615384615384 0.45790842872008325 0.041953846153846126 0.09765868886576486
0 0.8294076923076923 0.45815816857440167 0.04225384615384603 0.09517169614984396
0 0.011584615384615384 0.4583975026014568 0.02316923076923077 0.10597294484911554
0 0.9693769230769231 0.45840790842872003 0.03415384615384622 0.09865764828303844
0 0.2766923076923077 0.4585848074921956 0.0375307692307692 0.10789802289281991
0 0.3955307692307693 0.4587096774193548 0.039615384615384615 0.10323621227887621
0 0.8665999999999999 0.45915712799167535 0.03929230769230763 0.09617065556711754
0 0.5141461538461538 0.459843912591051 0.03690769230769232 0.10188345473465137
0 0.3159923076923077 0.46012486992715923 0.04093076923076926 0.10712799167533824
0 0.35657692307692307 0.46012486992715923 0.03777692307692309 0.10173777315296564
0 0.7714076923076923 0.460156087408949 0.0008076923076922727 0.0004994797086368555
0 0.4351769230769231 0.4614151925078044 0.03826923076923077 0.10143600416233092
0 0.475 0.46164412070759625 0.03992307692307699 0.10458896982310092
0 0.49536153846153846 0.04708636836628512 0.040123076923076983 0.09417273673257023
0 0.3396153846153846 0.046826222684703434 0.036153846153846154 0.09365244536940687
0 0.45581538461538457 0.04733610822060354 0.037546153846153806 0.09467221644120707
0 0.4173076923076923 0.04734651404786681 0.03923076923076923 0.09469302809573361
0 0.6539 0.04808532778355879 0.04116153846153846 0.09617065556711758
0 0.7336692307692307 0.04808532778355879 0.040846153846153775 0.09617065556711758
0 0.9310615384615385 0.048584807492195625 0.03708461538461541 0.097159209157128
0 0.3780153846153847 0.0486888657648283 0.03791538461538463 0.0973777315296566
0 0.8938461538461538 0.049427679500520294 0.04153846153846154 0.09885535900104059
0 0.9703846153846154 0.049427679500520294 0.03923076923076923 0.09885535900104059
0 0.7742307692307693 0.049427679500520294 0.040769230769230766 0.09885535900104059
0 0.8552 0.05032258064516129 0.039323076923076836 0.09965660770031219
0 0.8150538461538461 0.05082206035379813 0.04007692307692301 0.10164412070759626
0 0.7970769230769231 0.5563163371488034 0.03689230769230772 0.10188345473465144
0 0.8334307692307693 0.5572216441207076 0.03494615384615372 0.09917793964620182
0 0.6834615384615385 0.5574401664932362 0.036938461538461524 0.09963579604578564
0 0.7207769230769231 0.5574401664932362 0.03758461538461531 0.10414151925078043
0 0.5729538461538461 0.5581165452653486 0.03987692307692301 0.10188345473465144
0 0.7597615384615385 0.5581165452653486 0.03756923076923071 0.10278876170655564
0 0.8704153846153846 0.5590218522372529 0.037600000000000085 0.10188345473465144
0 0.6094923076923077 0.5590218522372529 0.03630000000000004 0.10278876170655564
0 0.9132307692307693 0.5592507804370448 0.03991538461538452 0.10594172736732564
0 0.6468076923076923 0.5599271592091571 0.03761538461538468 0.10369406867845997
0 0.18153846153846154 0.5603225806451613 0.038084615384615376 0.10327783558792925
0 0.060630769230769224 0.5607075962539022 0.04126923076923077 0.10635796045785643
0 0.5308076923076923 0.5612799167533818 0.040230769230769195 0.10638917793964621
0 0.10164615384615383 0.561477627471384 0.03726153846153846 0.10327783558792925
0 0.14266153846153848 0.561477627471384 0.038953846153846144 0.10481789802289283
0 0.9532153846153847 0.5614984391259106 0.03856153846153854 0.10774193548387093
0 0.9864615384615385 0.5614984391259106 0.027076923076922936 0.10323621227887621
0 0.21884615384615386 0.5618626430801249 0.034084615384615345 0.10481789802289283
0 0.25704615384615387 0.5636004162330905 0.04211538461538462 0.11137356919875127
0 0.49265384615384616 0.5642039542143601 0.0372461538461539 0.10594172736732564
0 0.3362307692307692 0.5651404786680542 0.03639230769230765 0.1036628511966702
0 0.020900000000000002 0.565525494276795 0.03815384615384615 0.10366285119667008
0 0.4161846153846154 0.5655567117585848 0.040276923076923 0.10864724245577526
0 0.4541692307692307 0.5655567117585848 0.03826153846153847 0.10323621227887621
0 0.2984923076923077 0.5657127991675338 0.03612307692307695 0.10635796045785643
0 0.3736846153846154 0.5657127991675338 0.03893846153846154 0.10866805411030184
0 0.7902461538461538 0.6597814776274713 0.040561538461538475 0.10414151925078036
0 0.6686307692307693 0.6615816857440167 0.03794615384615379 0.10594172736732564
0 0.9437307692307692 0.6620291363163372 0.03758461538461548 0.09873048907388149
0 0.9790461538461538 0.6620291363163372 0.040900000000000054 0.0969302809573362
0 0.8304 0.6627055150884495 0.04020769230769229 0.10638917793964621
0 0.9067461538461539 0.6627055150884495 0.037600000000000085 0.09828303850156092
0 0.7054538461538462 0.6629344432882415 0.036930769230769225 0.10774193548387093
0 0.7492692307692307 0.6629344432882415 0.042576923076923005 0.10414151925078036
0 0.5896230769230769 0.6631633714880333 0.03856153846153854 0.10819979188345476
0 0.6294461538461539 0.6638397502601457 0.03687692307692312 0.10594172736732564
0 0.869423076923077 0.6640582726326743 0.036946153846154 0.10278876170655564
0 0.5511461538461538 0.6651925078043704 0.035576923076923075 0.10504682622268476
0 0.15946153846153846 0.6659105098855359 0.03951538461538462 0.10481789802289283
0 0.5149923076923077 0.6663163371488033 0.037261538461538506 0.10098855359001035
0 0.12058461538461537 0.6670655567117585 0.03810769230769232 0.10481789802289283
0 0.1986230769230769 0.6670655567117585 0.04206923076923075 0.10404786680541105
0 0.23882307692307694 0.6670655567117585 0.03756923076923079 0.10173777315296564
0 0.4346923076923077 0.667669094693028 0.037961538461538394 0.1000832466181062
0 0.036138461538461536 0.6678355879292404 0.040707692307692306 0.10558792924037463
0 0.3973230769230769 0.6678355879292404 0.03778461538461535 0.09788761706555664
0 0.4755076923076923 0.66789802289282 0.037607692307692384 0.10143600416233092
0 0.3580153846153846 0.6684183142559834 0.03951538461538462 0.10212278876170666
0 0.2767 0.6688033298647242 0.037553846153846195 0.09904266389177946
0 0.08142307692307692 0.668990634755463 0.041261538461538454 0.10789802289282004
0 0.3160076923076923 0.669375650364204 0.04095384615384616 0.10173777315296564
0 0.9866307692307692 0.7636940686784599 0.026738461538461707 0.10098855359001035
0 0.7586076923076923 0.7639229968782518 0.03793076923076919 0.10323621227887621
0 0.9545538461538462 0.7652757544224765 0.036576923076923215 0.10504682622268476
0 0.6446076923076923 0.7657232049947971 0.03654615384615384 0.09963579604578564
0 0.6824769230769231 0.7657232049947971 0.038292307692307674 0.10323621227887621
0 0.917376923076923 0.7663995837669094 0.03886153846153845 0.10638917793964621
0 0.7199538461538462 0.7670759625390218 0.03661538461538454 0.10323621227887621
0 0.8029230769230769 0.7673048907388137 0.042576923076923005 0.10369406867846004
0 0.8792230769230769 0.7677523413111341 0.03787692307692291 0.10188345473465149
0 0.6066230769230769 0.7684287200832467 0.039892307692307616 0.10684703433923004
0 0.37017692307692307 0.769334027055151 0.03956923076923081 0.10234131113423507
0 0.2488923076923077 0.7697814776274714 0.039615384615384615 0.10414151925078036
0 0.4074923076923077 0.7697814776274714 0.03688461538461542 0.10234131113423507
0 0.8415692307692307 0.7700104058272633 0.0372307692307693 0.10278876170655564
0 0.1687076923076923 0.770156087408949 0.03864615384615385 0.10520291363163362
0 0.05649230769230769 0.770156087408949 0.040969230769230765 0.10212278876170666
0 0.09394615384615385 0.77054110301769 0.03440769230769231 0.09750260145681587
0 0.20907692307692308 0.7706867845993757 0.04063076923076925 0.10504682622268476
0 0.44868461538461535 0.7706867845993757 0.038623076923076954 0.10414151925078036
0 0.017899999999999996 0.7707284079084287 0.035576923076923075 0.10635796045785643
0 0.5229923076923076 0.7709053069719043 0.03926153846153843 0.10638917793964621
0 0.12954615384615384 0.7709261186264308 0.03780769230769229 0.10443288241415181
0 0.3285230769230769 0.7711342351716961 0.04091538461538457 0.10234131113423507
0 0.4850076923076923 0.771363163371488 0.036607692307692244 0.10638917793964621
0 0.5643076923076923 0.771363163371488 0.042576923076923005 0.10638917793964621
0 0.2878769230769231 0.772258064516129 0.040269230769230786 0.10458896982310092
0 0.9713846153846154 0.8592715920915712 0.03756923076923088 0.09287200832466182
0 0.6760923076923077 0.8608428720083247 0.036861538461538515 0.08881373569198742
0 0.7509461538461538 0.8613007284079085 0.03860769230769235 0.0897190426638918
0 0.7877615384615384 0.861519250780437 0.03626153846153845 0.08836628511966708
0 0.6382769230769231 0.8617481789802289 0.037876923076923086 0.08790842872008327
0 0.9308692307692309 0.8621956295525495 0.03520000000000017 0.08790842872008327
0 0.896723076923077 0.8626534859521332 0.03288461538461539 0.08610822060353798
0 0.8609000000000001 0.8631009365244537 0.03856153846153854 0.08610822060353798
0 0.7128 0.8631009365244537 0.03629230769230774 0.08520291363163383
0 0.8240846153846153 0.8637773152965661 0.03624615384615376 0.08655567117585855
0 0.4096615384615384 0.8637773152965661 0.03721538461538466 0.08475546305931327
0 0.6009538461538462 0.8637773152965661 0.039892307692307616 0.08475546305931327
0 0.16572307692307692 0.8639854318418314 0.043492307692307705 0.08323621227887618
0 0.37233846153846156 0.8642247658688865 0.03656923076923074 0.08566077003121741
0 0.08796923076923077 0.8643704474505722 0.038961538461538464 0.08477627471383978
0 0.05250769230769231 0.8643704474505722 0.031861538461538455 0.08323621227887618
0 0.20774615384615383 0.8644536940686784 0.03930000000000002 0.08340270551508855
0 0.5243230769230769 0.8644536940686784 0.038592307692307745 0.08249739854318415
0 0.2498923076923077 0.8646826222684704 0.035615384615384583 0.08385015608740887
0 0.3326923076923077 0.8646826222684704 0.03724615384615382 0.08475546305931327
0 0.44664615384615386 0.8646826222684704 0.03786923076923078 0.08295525494276798
0 0.29470769230769234 0.8651300728407908 0.040599999999999976 0.08295525494276798
0 0.12713076923076924 0.8651508844953173 0.03923076923076923 0.08169614984391259
0 0.018046153846153847 0.8653381893860562 0.03586153846153845 0.0813111342351718
0 0.5618076923076923 0.8658064516129031 0.03824615384615387 0.08160249739854326
0 0.48683846153846155 0.8667117585848074 0.0349461538461539 0.08069719042663887