0 0.25417075564278707 0.7796153846153846 0.08145240431795878 0.036923076923076927
0 0.4185475956820412 0.7780769230769231 0.08047105004906771 0.036923076923076927
0 0.08047105004906771 0.7826923076923077 0.08145240431795878 0.03769230769230769
0 0.1678115799803729 0.7834615384615384 0.08145240431795878 0.036923076923076927
0 0.3366045142296369 0.7811538461538462 0.08047105004906771 0.03307692307692308
0 0.5078508341511285 0.7792307692307693 0.08047105004906771 0.03538461538461538
0 0.2561334641805692 0.815 0.07948969578017664 0.03538461538461538
0 0.34298331697742884 0.815 0.08145240431795878 0.036153846153846154
0 0.08243375858684986 0.8192307692307692 0.08145240431795878 0.03769230769230769
0 0.5220804710500491 0.8138461538461539 0.08145240431795878 0.036923076923076927
0 0.42443572129538765 0.8157692307692308 0.08243375858684986 0.036153846153846154
0 0.16977428851815504 0.82 0.08145240431795878 0.03769230769230769
0 0.07507360157016683 0.8507692307692307 0.08145240431795878 0.03769230769230769
0 0.338567222767419 0.8503846153846154 0.08341511285574092 0.036923076923076927
0 0.5122669283611384 0.8484615384615385 0.08145240431795878 0.036923076923076927
0 0.25269872423945045 0.8526923076923076 0.08243375858684986 0.040769230769230766
0 0.429342492639843 0.85 0.08341511285574092 0.036923076923076927
0 0.1663395485770363 0.8542307692307692 0.08243375858684986 0.033846153846153845
0 0.07507360157016683 0.8834615384615384 0.07360157016683022 0.03230769230769231
0 0.24190382728164866 0.8880769230769231 0.08243375858684986 0.03538461538461538
0 0.15652600588812562 0.8903846153846153 0.08635917566241413 0.03538461538461538
0 0.3434739941118744 0.8876923076923077 0.08145240431795878 0.03538461538461538
0 0.4283611383709519 0.8865384615384615 0.08243375858684986 0.036923076923076927
0 0.5127576054955839 0.8861538461538462 0.08243375858684986 0.03769230769230769
0 0.08684985279685967 0.9153846153846154 0.07850834151128558 0.036153846153846154
0 0.16388616290480865 0.9203846153846154 0.0745829244357213 0.02923076923076923
0 0.3361138370951914 0.9223076923076923 0.08439646712463199 0.036923076923076927
0 0.2423945044160942 0.9242307692307692 0.08047105004906771 0.036923076923076927
0 0.4200196270853778 0.9226923076923077 0.08439646712463199 0.038461538461538464
0 0.5053974484789009 0.9234615384615384 0.07948969578017664 0.03769230769230769
0 0.2222767419038273 0.45576923076923076 0.07850834151128558 0.03769230769230769
0 0.08635917566241413 0.46192307692307694 0.08047105004906771 0.038461538461538464
0 0.17075564278704614 0.49230769230769234 0.07262021589793916 0.038461538461538464
0 0.26300294406280667 0.4919230769230769 0.08243375858684986 0.036153846153846154
0 0.34543670264965654 0.49346153846153845 0.08243375858684986 0.043076923076923075
0 0.0873405299313052 0.49846153846153846 0.08145240431795878 0.03769230769230769
0 0.5039254170755643 0.495 0.07948969578017664 0.03461538461538462
0 0.42443572129538765 0.49846153846153846 0.08145240431795878 0.036153846153846154
0 0.2546614327772326 0.5261538461538462 0.08145240431795878 0.03769230769230769
0 0.1692836113837095 0.5292307692307693 0.08537782139352307 0.036153846153846154
0 0.33709519136408245 0.5296153846153846 0.08047105004906771 0.04
0 0.08684985279685967 0.5342307692307692 0.08243375858684986 0.03923076923076923
0 0.5009813542688911 0.5292307692307693 0.0775269872423945 0.036153846153846154
0 0.422963689892051 0.5323076923076923 0.0775269872423945 0.036923076923076927
0 0.267909715407262 0.561923076923077 0.08047105004906771 0.03538461538461538
0 0.18056918547595682 0.5638461538461539 0.08243375858684986 0.03769230769230769
0 0.09273797841020609 0.5688461538461539 0.08145240431795878 0.036923076923076927
0 0.35328753680078506 0.5661538461538461 0.08341511285574092 0.03461538461538462
0 0.5 0.565 0.07654563297350343 0.036153846153846154
0 0.4239450441609421 0.5661538461538461 0.0549558390578999 0.03461538461538462
0 0.25809617271835134 0.5953846153846154 0.07948969578017664 0.036153846153846154
0 0.42737978410206084 0.5996153846153847 0.07654563297350343 0.03538461538461538
0 0.17271835132482827 0.6038461538461538 0.08635917566241413 0.03538461538461538
0 0.34298331697742884 0.6019230769230769 0.08243375858684986 0.036923076923076927
0 0.08488714425907752 0.6057692307692307 0.08439646712463199 0.036923076923076927
0 0.5112855740922473 0.6003846153846154 0.07948969578017664 0.03461538461538462
0 0.2595682041216879 0.6319230769230769 0.08145240431795878 0.036923076923076927
0 0.43032384690873404 0.6346153846153846 0.08145240431795878 0.03769230769230769
0 0.17566241413150147 0.6388461538461538 0.08145240431795878 0.03538461538461538
0 0.5181550539744848 0.6342307692307693 0.08047105004906771 0.036923076923076927
0 0.34543670264965654 0.6373076923076924 0.07948969578017664 0.03307692307692308
0 0.08488714425907752 0.6419230769230769 0.08243375858684986 0.036153846153846154
0 0.26104023552502453 0.6680769230769231 0.08439646712463199 0.036153846153846154
0 0.42885181550539747 0.67 0.07948969578017664 0.03538461538461538
0 0.5152109911678115 0.6696153846153846 0.08047105004906771 0.036153846153846154
0 0.34543670264965654 0.6730769230769231 0.08341511285574092 0.038461538461538464
0 0.08537782139352307 0.676923076923077 0.08537782139352307 0.03538461538461538
0 0.1732090284592738 0.6776923076923077 0.08439646712463199 0.038461538461538464
0 0.2590775269872424 0.7042307692307692 0.0873405299313052 0.04
0 0.42885181550539747 0.7057692307692308 0.08047105004906771 0.036153846153846154
0 0.5142296368989205 0.7061538461538461 0.07948969578017664 0.03769230769230769
0 0.344946025515211 0.7088461538461538 0.08243375858684986 0.036153846153846154
0 0.08194308145240432 0.7126923076923077 0.08243375858684986 0.03538461538461538
0 0.17222767419038273 0.7138461538461538 0.08145240431795878 0.03769230769230769
0 0.2546614327772326 0.7411538461538462 0.08439646712463199 0.03769230769230769
0 0.4259077526987242 0.7411538461538462 0.08145240431795878 0.036923076923076927
0 0.06967615309126594 0.7473076923076923 0.0775269872423945 0.03461538461538462
0 0.5098135426889107 0.7419230769230769 0.08145240431795878 0.036153846153846154
0 0.34151128557409227 0.7446153846153846 0.08439646712463199 0.036923076923076927
0 0.17075564278704614 0.7476923076923077 0.07948969578017664 0.03538461538461538