0 0.6976923076923077 0.08873239436619719 0.1 0.09389671361502347
0 0.89 0.084037558685446 0.09538461538461539 0.07230046948356808
0 0.9638461538461538 0.08309859154929577 0.05153846153846154 0.09014084507042254
0 0.7938461538461539 0.09154929577464789 0.09923076923076923 0.09295774647887324
0 0.05730769230769231 0.19014084507042253 0.11384615384615385 0.09389671361502347
0 0.16615384615384615 0.18967136150234742 0.10923076923076923 0.09107981220657277
0 0.27692307692307694 0.18779342723004694 0.11076923076923077 0.09201877934272301
0 0.385 0.18591549295774648 0.10692307692307693 0.09483568075117371
0 0.4876923076923077 0.18309859154929578 0.10615384615384615 0.09577464788732394
0 0.695 0.1779342723004695 0.10230769230769231 0.08732394366197183
0 0.5930769230769231 0.18450704225352113 0.10615384615384615 0.09295774647887324
0 0.9653846153846154 0.16901408450704225 0.05384615384615385 0.08732394366197183
0 0.7934615384615384 0.17887323943661973 0.09846153846153846 0.0892018779342723
0 0.8919230769230769 0.1751173708920188 0.10076923076923076 0.09107981220657277
0 0.058076923076923075 0.2812206572769953 0.11461538461538462 0.09859154929577464
0 0.8992307692307693 0.019248826291079813 0.1 0.038497652582159626
0 0.17192307692307693 0.27887323943661974 0.11384615384615385 0.09765258215962441
0 0.2826923076923077 0.27605633802816903 0.1123076923076923 0.09295774647887324
0 0.38884615384615384 0.27605633802816903 0.10307692307692308 0.09295774647887324
0 0.49153846153846154 0.27323943661971833 0.10384615384615385 0.09201877934272301
0 0.696923076923077 0.26572769953051645 0.10384615384615385 0.09577464788732394
0 0.9684615384615385 0.2549295774647887 0.052307692307692305 0.0863849765258216
0 0.5957692307692307 0.27323943661971833 0.10538461538461538 0.09014084507042254
0 0.7957692307692308 0.2647887323943662 0.1 0.0892018779342723
0 0.895 0.2615023474178404 0.10153846153846154 0.09014084507042254
0 0.06269230769230769 0.3727699530516432 0.11384615384615385 0.09107981220657277
0 0.17192307692307693 0.36807511737089205 0.10846153846153846 0.09201877934272301
0 0.2803846153846154 0.3652582159624413 0.11 0.09295774647887324
0 0.385 0.3615023474178404 0.10461538461538461 0.08826291079812207
0 0.4869230769230769 0.3596244131455399 0.10076923076923076 0.08544600938967137
0 0.7911538461538462 0.3488262910798122 0.10230769230769231 0.0835680751173709
0 0.6907692307692308 0.3530516431924883 0.10538461538461538 0.08826291079812207
0 0.9665384615384616 0.34131455399061034 0.06 0.08544600938967137
0 0.8892307692307693 0.3464788732394366 0.09846153846153846 0.09107981220657277
0 0.5896153846153847 0.36056338028169016 0.10230769230769231 0.08732394366197183
0 0.9719230769230769 0.42065727699530514 0.054615384615384614 0.07605633802816901
0 0.1726923076923077 0.45586854460093895 0.10923076923076923 0.09389671361502347
0 0.06769230769230769 0.4610328638497653 0.10846153846153846 0.09295774647887324
0 0.2823076923076923 0.45258215962441317 0.10923076923076923 0.09014084507042254
0 0.4907692307692308 0.44460093896713615 0.10307692307692308 0.0892018779342723
0 0.3892307692307692 0.45023474178403755 0.10615384615384615 0.09107981220657277
0 0.5938461538461538 0.44272300469483566 0.10307692307692308 0.08826291079812207
0 0.8969230769230769 0.43051643192488265 0.10076923076923076 0.08450704225352113
0 0.6953846153846154 0.43896713615023475 0.10538461538461538 0.08826291079812207
0 0.7973076923076923 0.4352112676056338 0.10384615384615385 0.08544600938967137
0 0.9688461538461538 0.5061032863849765 0.06230769230769231 0.0863849765258216
0 0.38846153846153847 0.5333333333333333 0.09846153846153846 0.08450704225352113
0 0.4880769230769231 0.5295774647887324 0.10307692307692308 0.08826291079812207
0 0.8907692307692308 0.5131455399061032 0.1 0.0863849765258216
0 0.285 0.5389671361502347 0.10846153846153846 0.09107981220657277
0 0.5896153846153847 0.5267605633802817 0.1 0.0892018779342723
0 0.1773076923076923 0.5446009389671361 0.10846153846153846 0.09295774647887324
0 0.7915384615384615 0.5197183098591549 0.09923076923076923 0.0835680751173709
0 0.07192307692307692 0.5502347417840375 0.10692307692307693 0.09295774647887324
0 0.6911538461538461 0.523943661971831 0.10461538461538461 0.09014084507042254
0 0.39884615384615385 0.6126760563380281 0.10538461538461538 0.0863849765258216
0 0.9730769230769231 0.5901408450704225 0.05384615384615385 0.08169014084507042
0 0.5011538461538462 0.6103286384976526 0.10461538461538461 0.08544600938967137
0 0.6015384615384616 0.6070422535211267 0.10230769230769231 0.07981220657276995
0 0.8996153846153846 0.5948356807511737 0.1 0.08450704225352113
0 0.8011538461538461 0.6009389671361502 0.10076923076923076 0.08544600938967137
0 0.29423076923076924 0.6230046948356808 0.1076923076923077 0.09295774647887324
0 0.7011538461538461 0.6056338028169014 0.10153846153846154 0.08262910798122065
0 0.08 0.6347417840375587 0.10846153846153846 0.08826291079812207
0 0.18692307692307691 0.6314553990610329 0.10846153846153846 0.0892018779342723
0 0.8926923076923077 0.6751173708920187 0.09615384615384616 0.08075117370892018
0 0.9696153846153847 0.6708920187793427 0.06076923076923077 0.07793427230046948
0 0.7980769230769231 0.680281690140845 0.09538461538461539 0.08262910798122065
0 0.4015384615384615 0.6990610328638498 0.10153846153846154 0.08826291079812207
0 0.2988461538461539 0.704225352112676 0.10461538461538461 0.08826291079812207
0 0.5026923076923077 0.6957746478873239 0.10230769230769231 0.09107981220657277
0 0.7007692307692308 0.6873239436619718 0.10230769230769231 0.08732394366197183
0 0.6019230769230769 0.692018779342723 0.09846153846153846 0.08262910798122065
0 0.08653846153846154 0.7178403755868544 0.10692307692307693 0.08826291079812207
0 0.19384615384615383 0.715962441314554 0.11153846153846154 0.08826291079812207
0 0.9642307692307692 0.7488262910798122 0.07153846153846154 0.0835680751173709
0 0.8842307692307693 0.7572769953051643 0.09769230769230769 0.0863849765258216
0 0.7865384615384615 0.7652582159624414 0.09923076923076923 0.0835680751173709
0 0.3873076923076923 0.7835680751173709 0.10307692307692308 0.0892018779342723
0 0.4896153846153846 0.7793427230046949 0.10307692307692308 0.08732394366197183
0 0.051923076923076926 0.09765258215962441 0.10384615384615385 0.10140845070422536
0 0.2857692307692308 0.7887323943661971 0.10307692307692308 0.0892018779342723
0 0.69 0.7727699530516432 0.10153846153846154 0.0835680751173709
0 0.5903846153846154 0.7779342723004695 0.10307692307692308 0.08826291079812207
0 0.07730769230769231 0.8032863849765258 0.11 0.0863849765258216
0 0.18269230769230768 0.7990610328638498 0.10307692307692308 0.0835680751173709
0 0.15923076923076923 0.09859154929577464 0.11153846153846154 0.09577464788732394
0 0.5930769230769231 0.0812206572769953 0.11153846153846154 0.09765258215962441
0 0.2703846153846154 0.09530516431924882 0.11538461538461539 0.10046948356807511
0 0.9796153846153847 0.8422535211267606 0.040769230769230766 0.10516431924882629
0 0.9253846153846154 0.8492957746478873 0.06769230769230769 0.09953051643192488
0 0.8584615384615385 0.8525821596244132 0.07 0.09859154929577464
0 0.7888461538461539 0.855868544600939 0.07153846153846154 0.09671361502347418
0 0.7184615384615385 0.8586854460093897 0.06923076923076923 0.09765258215962441
0 0.49961538461538463 0.8690140845070422 0.07538461538461538 0.09483568075117371
0 0.27307692307692305 0.8793427230046948 0.07615384615384616 0.09483568075117371
0 0.6473076923076924 0.8633802816901408 0.07615384615384616 0.09577464788732394
0 0.5746153846153846 0.8676056338028169 0.07461538461538461 0.09201877934272301
0 0.19653846153846155 0.884037558685446 0.07769230769230769 0.09201877934272301
0 0.34923076923076923 0.8784037558685446 0.07692307692307693 0.09107981220657277
0 0.04576923076923077 0.8924882629107981 0.07153846153846154 0.08732394366197183
0 0.12 0.8896713615023474 0.07692307692307693 0.08826291079812207
0 0.4257692307692308 0.8765258215962441 0.07384615384615385 0.08732394366197183
0 0.38 0.09671361502347418 0.10384615384615385 0.09483568075117371
0 0.48423076923076924 0.09201877934272301 0.10615384615384615 0.09577464788732394