0 0.5811538461538461 0.09662716499544212 0.22 0.07839562443026436
0 0.8096153846153846 0.10391978122151321 0.22538461538461538 0.07930720145852324
0 0.963076923076923 0.1048313582497721 0.07384615384615385 0.07383773928896992
0 0.11461538461538462 0.10711030082041932 0.22846153846153847 0.08113035551504102
0 0.35346153846153844 0.11030082041932543 0.2246153846153846 0.08933454876937101
0 0.6392307692307693 0.17547857793983593 0.11384615384615385 0.08386508659981769
0 0.5215384615384615 0.17684594348222424 0.11384615384615385 0.08021877848678213
0 0.7557692307692307 0.1804922515952598 0.1123076923076923 0.07930720145852324
0 0.9676923076923077 0.18185961713764814 0.06461538461538462 0.07383773928896992
0 0.8746153846153846 0.1836827711941659 0.11846153846153847 0.07839562443026436
0 0.40192307692307694 0.18550592525068368 0.11 0.07930720145852324
0 0.05153846153846154 0.18641750227894258 0.10230769230769231 0.07474931631722881
0 0.16538461538461538 0.18915223336371922 0.11384615384615385 0.07566089334548769
0 0.2823076923076923 0.1918869644484959 0.11538461538461539 0.0829535095715588
0 0.5773076923076923 0.25660893345487695 0.22692307692307692 0.07839562443026436
0 0.9665384615384616 0.25888787602552416 0.06692307692307692 0.07566089334548769
0 0.8092307692307692 0.26298997265268914 0.23153846153846153 0.0829535095715588
0 0.10923076923076923 0.2652689152233364 0.21769230769230768 0.08113035551504102
0 0.3353846153846154 0.2693710118505014 0.22 0.08386508659981769
0 0.6323076923076923 0.027347310847766638 0.1123076923076923 0.054694621695533276
0 0.5196153846153846 0.03099361896080219 0.10692307692307693 0.06198723792160438
0 0.054615384615384614 0.03190519598906107 0.10923076923076923 0.06381039197812215
0 0.9592307692307692 0.032816773017319965 0.08153846153846153 0.06563354603463993
0 0.7461538461538462 0.033272561531449404 0.11153846153846154 0.06472196900638104
0 0.8611538461538462 0.03372835004557885 0.11153846153846154 0.0674567000911577
0 0.5096153846153846 0.33135824977210576 0.11538461538461539 0.08386508659981769
0 0.9603846153846154 0.33591613491340017 0.07923076923076923 0.07566089334548769
0 0.6288461538461538 0.33591613491340017 0.1123076923076923 0.07566089334548769
0 0.17346153846153847 0.034184138559708296 0.1176923076923077 0.06836827711941659
0 0.7446153846153846 0.33865086599817684 0.11846153846153847 0.08386508659981769
0 0.05076923076923077 0.34092980856882404 0.10153846153846154 0.07839562443026436
0 0.8607692307692307 0.34275296262534183 0.1176923076923077 0.07566089334548769
0 0.3880769230769231 0.3436645396536007 0.11615384615384615 0.07748404740200547
0 0.1580769230769231 0.3445761166818596 0.1076923076923077 0.07383773928896992
0 0.2703846153846154 0.3482224247948952 0.1123076923076923 0.07383773928896992
0 0.40807692307692306 0.03555150410209663 0.11153846153846154 0.07110300820419325
0 0.2923076923076923 0.03919781221513218 0.11461538461538462 0.07657247037374658
0 0.565 0.41294439380127623 0.22538461538461538 0.0829535095715588
0 0.9584615384615385 0.41431175934366454 0.08307692307692308 0.07292616226071102
0 0.7926923076923077 0.4170464904284412 0.22538461538461538 0.07474931631722881
0 0.33153846153846156 0.42069279854147673 0.22384615384615383 0.0820419325432999
0 0.10576923076923077 0.4225159525979945 0.21076923076923076 0.08021877848678213
0 0.9557692307692308 0.487693710118505 0.08846153846153847 0.07110300820419325
0 0.6146153846153846 0.49088422971741114 0.11615384615384615 0.07019143117593436
0 0.49884615384615383 0.49134001823154055 0.11615384615384615 0.07292616226071102
0 0.14807692307692308 0.4936189608021878 0.10923076923076923 0.07201458523245215
0 0.7319230769230769 0.4936189608021878 0.11307692307692307 0.07748404740200547
0 0.3773076923076923 0.49453053783044665 0.11461538461538462 0.07566089334548769
0 0.04576923076923077 0.49453053783044665 0.09076923076923077 0.07657247037374658
0 0.8457692307692307 0.495897903372835 0.1123076923076923 0.07566089334548769
0 0.2623076923076923 0.5018231540565178 0.11153846153846154 0.07839562443026436
0 0.9492307692307692 0.5615314494074749 0.10153846153846154 0.08021877848678213
0 0.5976923076923077 0.5674567000911577 0.1123076923076923 0.08113035551504102
0 0.4857692307692308 0.568824065633546 0.11384615384615385 0.08113035551504102
0 0.36 0.5692798541476755 0.11 0.07566089334548769
0 0.7153846153846154 0.5706472196900638 0.11384615384615385 0.08386508659981769
0 0.8284615384615385 0.5733819507748404 0.10923076923076923 0.07566089334548769
0 0.1296153846153846 0.5733819507748404 0.12076923076923077 0.08568824065633546
0 0.03346153846153846 0.577028258887876 0.06615384615384616 0.07566089334548769
0 0.24884615384615386 0.5797629899726527 0.10923076923076923 0.08021877848678213
0 0.9503846153846154 0.6412944393801276 0.09923076923076923 0.07566089334548769
0 0.5442307692307692 0.6481312670920693 0.22692307692307692 0.07566089334548769
0 0.7761538461538462 0.6531449407474932 0.22 0.08113035551504102
0 0.3076923076923077 0.6536007292616226 0.2246153846153846 0.08021877848678213
0 0.09461538461538462 0.6563354603463992 0.18846153846153846 0.0820419325432999
0 0.943076923076923 0.7215132178669098 0.11384615384615385 0.08113035551504102
0 0.5926923076923077 0.7274384685505926 0.11615384615384615 0.07474931631722881
0 0.47307692307692306 0.7274384685505926 0.11384615384615385 0.08113035551504102
0 0.7107692307692308 0.7274384685505926 0.11846153846153847 0.07657247037374658
0 0.8257692307692308 0.7301731996353692 0.1123076923076923 0.07201458523245215
0 0.35884615384615387 0.7315405651777576 0.10923076923076923 0.07201458523245215
0 0.13384615384615384 0.7324521422060164 0.11461538461538462 0.07839562443026436
0 0.24769230769230768 0.7329079307201458 0.11076923076923077 0.07566089334548769
0 0.03807692307692308 0.7388331814038286 0.07461538461538461 0.08113035551504102
0 0.9415384615384615 0.8017319963536919 0.11692307692307692 0.08477666362807658
0 0.7653846153846153 0.8067456700091158 0.22846153846153847 0.08659981768459435
0 0.5269230769230769 0.8099361896080218 0.2246153846153846 0.0820419325432999
0 0.3007692307692308 0.8113035551504102 0.22230769230769232 0.08568824065633546
0 0.09230769230769231 0.8167730173199635 0.18384615384615385 0.08933454876937101
0 0.9342307692307692 0.8810391978122152 0.11692307692307692 0.07383773928896992
0 0.8126923076923077 0.8824065633546034 0.1176923076923077 0.06927985414767548
0 0.35807692307692307 0.8828623518687329 0.11384615384615385 0.07019143117593436
0 0.6934615384615385 0.8828623518687329 0.1123076923076923 0.07019143117593436
0 0.245 0.8837739288969918 0.11307692307692307 0.07019143117593436
0 0.5826923076923077 0.8837739288969918 0.10923076923076923 0.06836827711941659
0 0.4696153846153846 0.8855970829535096 0.1076923076923077 0.06289881494986327
0 0.12884615384615383 0.8865086599817684 0.11615384615384615 0.061075660893345485
0 0.03538461538461538 0.8883318140382862 0.07 0.059252506836827715