0 0.6542307692307693 0.10553814002089865 0.09153846153846154 0.06896551724137931
0 0.7338461538461538 0.10501567398119123 0.07230769230769231 0.06583072100313479
0 0.29115384615384615 0.1922675026123302 0.1753846153846154 0.08881922675026123
0 0.6015384615384616 0.16039707419017765 0.07846153846153846 0.0522466039707419
0 0.44346153846153846 0.17920585161964472 0.07769230769230769 0.047021943573667714
0 0.6792307692307692 0.15151515151515152 0.07769230769230769 0.047021943573667714
0 0.5211538461538462 0.17084639498432602 0.0823076923076923 0.047021943573667714
0 0.7553846153846154 0.14733542319749215 0.07615384615384616 0.03970741901776385
0 0.4288461538461538 0.2283176593521421 0.0876923076923077 0.06896551724137931
0 0.6557692307692308 0.203239289446186 0.17461538461538462 0.08359456635318704
0 0.5142307692307693 0.22100313479623823 0.08846153846153847 0.07105538140020899
0 0.8303846153846154 0.18495297805642633 0.17 0.08463949843260188
0 0.34076923076923077 0.24555903866248693 0.08384615384615385 0.07001044932079414
0 0.25576923076923075 0.2601880877742947 0.08461538461538462 0.07210031347962383
0 0.07423076923076923 0.2852664576802508 0.0823076923076923 0.06792058516196448
0 0.165 0.27638453500522464 0.08384615384615385 0.06896551724137931
0 0.6584615384615384 0.26436781609195403 0.17923076923076922 0.0794148380355277
0 0.515 0.2826541274817137 0.08846153846153847 0.06792058516196448
0 0.4288461538461538 0.2941483803552769 0.08615384615384615 0.07001044932079414
0 0.8357692307692308 0.24608150470219436 0.1753846153846154 0.08568443051201671
0 0.33653846153846156 0.306687565308255 0.08538461538461538 0.06896551724137931
0 0.07730769230769231 0.3443051201671891 0.07769230769230769 0.06583072100313479
0 0.20923076923076922 0.329153605015674 0.17076923076923076 0.08463949843260188
0 0.6542307692307693 0.32497387669801464 0.17615384615384616 0.08045977011494253
0 0.8434615384615385 0.3051201671891327 0.1723076923076923 0.08150470219435736
0 0.43884615384615383 0.35318704284221525 0.09538461538461539 0.07210031347962383
0 0.5261538461538462 0.3432601880877743 0.08692307692307692 0.07105538140020899
0 0.34192307692307694 0.3667711598746082 0.0876923076923077 0.06792058516196448
0 0.085 0.4059561128526646 0.08615384615384615 0.07001044932079414
0 0.2123076923076923 0.39080459770114945 0.17 0.08150470219435736
0 0.7069230769230769 0.3787878787878788 0.08692307692307692 0.07105538140020899
0 0.8938461538461538 0.35788923719958204 0.08846153846153847 0.07001044932079414
0 0.6211538461538462 0.39237199582027166 0.08692307692307692 0.06896551724137931
0 0.7926923076923077 0.3725182863113898 0.08846153846153847 0.07210031347962383
0 0.3861538461538462 0.4211076280041797 0.17615384615384616 0.08254963427377221
0 0.5226923076923077 0.406478578892372 0.08692307692307692 0.06896551724137931
0 0.07884615384615384 0.46551724137931033 0.08384615384615385 0.06687565308254964
0 0.25961538461538464 0.4446185997910136 0.08153846153846153 0.06792058516196448
0 0.17038461538461538 0.4592476489028213 0.08692307692307692 0.07001044932079414
0 0.8953846153846153 0.4205851619644723 0.08615384615384615 0.06896551724137931
0 0.6138461538461538 0.45454545454545453 0.08692307692307692 0.06792058516196448
0 0.6961538461538461 0.4446185997910136 0.07923076923076923 0.06687565308254964
0 0.795 0.4336468129571578 0.0876923076923077 0.07001044932079414
0 0.5307692307692308 0.4670846394984326 0.0876923076923077 0.07210031347962383
0 0.39807692307692305 0.4832810867293626 0.1776923076923077 0.08254963427377221
0 0.08538461538461538 0.5250783699059561 0.08538461538461538 0.06896551724137931
0 0.2653846153846154 0.5052246603970741 0.08461538461538462 0.07001044932079414
0 0.1723076923076923 0.5198537095088819 0.08923076923076922 0.07105538140020899
0 0.7096153846153846 0.5026123301985371 0.08692307692307692 0.07001044932079414
0 0.7965384615384615 0.4942528735632184 0.08692307692307692 0.07001044932079414
0 0.6242307692307693 0.5156739811912225 0.08692307692307692 0.07105538140020899
0 0.8934615384615384 0.48380355276907 0.08692307692307692 0.06896551724137931
0 0.3973076923076923 0.544932079414838 0.17692307692307693 0.08045977011494253
0 0.5353846153846153 0.5287356321839081 0.09 0.07210031347962383
0 0.07576923076923077 0.5862068965517241 0.0823076923076923 0.06583072100313479
0 0.15538461538461537 0.5799373040752351 0.07538461538461538 0.06478578892371996
0 0.2592307692307692 0.5679205851619644 0.07769230769230769 0.06687565308254964
0 0.7984615384615384 0.554858934169279 0.0876923076923077 0.07210031347962383
0 0.7142307692307692 0.5658307210031348 0.08307692307692308 0.06792058516196448
0 0.8973076923076924 0.5438871473354232 0.0876923076923077 0.07105538140020899
0 0.6296153846153846 0.5768025078369906 0.0876923076923077 0.07001044932079414
0 0.44461538461538463 0.5992685475444096 0.08692307692307692 0.06687565308254964
0 0.5430769230769231 0.5882967607105538 0.0876923076923077 0.06896551724137931
0 0.3596153846153846 0.6107628004179728 0.08692307692307692 0.06792058516196448
0 0.07961538461538462 0.64576802507837 0.0823076923076923 0.06792058516196448
0 0.27076923076923076 0.6238244514106583 0.07846153846153846 0.06687565308254964
0 0.16692307692307692 0.6379310344827587 0.07846153846153846 0.06478578892371996
0 0.8265384615384616 0.6128526645768025 0.08615384615384615 0.07314524555903866
0 0.7226923076923077 0.6253918495297806 0.0876923076923077 0.06896551724137931
0 0.9123076923076923 0.6029258098223615 0.08615384615384615 0.07001044932079414
0 0.44961538461538464 0.658307210031348 0.0876923076923077 0.07001044932079414
0 0.6346153846153846 0.6384535005224661 0.08538461538461538 0.07105538140020899
0 0.36 0.6713688610240335 0.08692307692307692 0.06687565308254964
0 0.5488461538461539 0.6489028213166145 0.08692307692307692 0.07105538140020899
0 0.07884615384615384 0.7063740856844305 0.0823076923076923 0.06792058516196448
0 0.17346153846153847 0.6959247648902821 0.08076923076923077 0.06687565308254964
0 0.2773076923076923 0.6839080459770115 0.08384615384615385 0.06687565308254964
0 0.9134615384615384 0.6619644723092999 0.07692307692307693 0.06374085684430512
0 0.3696153846153846 0.7267502612330199 0.0823076923076923 0.06792058516196448
0 0.8315384615384616 0.6734587251828631 0.08384615384615385 0.07001044932079414
0 0.4530769230769231 0.7189132706374086 0.08615384615384615 0.07105538140020899
0 0.7246153846153847 0.6886102403343782 0.0876923076923077 0.06896551724137931
0 0.1753846153846154 0.7539184952978056 0.07769230769230769 0.06583072100313479
0 0.5538461538461539 0.7100313479623824 0.08461538461538462 0.07001044932079414
0 0.28807692307692306 0.7429467084639498 0.08461538461538462 0.06792058516196448
0 0.64 0.7016718913270638 0.08692307692307692 0.06896551724137931
0 0.09038461538461538 0.7669801462904912 0.08384615384615385 0.06792058516196448