0 0.9061076923076924 0.14265582655826556 0.1877846153846153 0.11588979223125566
0 0.7016 0.15248419150858175 0.2081461538461538 0.12469738030713637
0 0.2884076923076923 0.16028003613369468 0.2023846153846154 0.11859981933152662
0 0.49389230769230763 0.16095754290876244 0.2070769230769231 0.12266485998193312
0 0.0930923076923077 0.16231255645889792 0.18573076923076923 0.11182475158084916
0 0.9026461538461539 0.26024390243902434 0.19470769230769222 0.11656729900632336
0 0.6984307692307693 0.2693947606142728 0.2075615384615384 0.1280849141824751
0 0.09165384615384616 0.2768473351400181 0.18169230769230768 0.11182475158084913
0 0.48956153846153844 0.27990063233965673 0.20418461538461544 0.11792231255645887
0 0.28407692307692306 0.2822673893405601 0.20296153846153847 0.11182475158084913
0 0.8988461538461539 0.3771454381210479 0.2023076923076923 0.11833785004516711
0 0.6897692307692308 0.3876513098464318 0.20872307692307696 0.12334236675700087
0 0.08807692307692308 0.38934959349593495 0.17615384615384616 0.1118247515808491
0 0.2777307692307692 0.39476964769647693 0.20180769230769233 0.11724480578139111
0 0.4829230769230769 0.39476964769647693 0.20476923076923081 0.12130984643179762
0 0.9007692307692308 0.04155374887082204 0.19846153846153847 0.08310749774164408
0 0.6949692307692308 0.049476061427280935 0.20872307692307696 0.09758807588075881
0 0.8965384615384615 0.4950316169828365 0.20692307692307693 0.11562782294489611
0 0.4846615384615384 0.050487804878048784 0.20476923076923081 0.09962059620596206
0 0.08444615384615385 0.5032068654019873 0.16726923076923075 0.11453477868112011
0 0.6848692307692308 0.5059168925022584 0.2104538461538461 0.12537488708220412
0 0.2702307692307692 0.5099819331526648 0.2029692307692308 0.11453477868112011
0 0.4777307692307692 0.5133694670280036 0.20361538461538464 0.11588979223125562
0 0.28552307692307693 0.052186088527551945 0.19315384615384618 0.10437217705510389
0 0.0926923076923077 0.052393857271906055 0.1853846153846154 0.10478771454381211
0 0.8951384615384615 0.6129990966576333 0.2097153846153847 0.11724480578139111
0 0.08126923076923077 0.6173983739837399 0.16208461538461538 0.11385727190605235
0 0.6811153846153847 0.6224841915085818 0.2075615384615384 0.12130984643179762
0 0.26792307692307693 0.6231616982836495 0.20181538461538462 0.11859981933152662
0 0.47426153846153846 0.6255374887082205 0.2047615384615385 0.12063233965672987
0 0.07923076923076923 0.7312556458897922 0.15846153846153846 0.11653116531165311
0 0.8888846153846154 0.73193315266486 0.21105384615384606 0.12063233965672987
0 0.26243846153846156 0.7407497741644083 0.20354615384615385 0.11792231255645887
0 0.6750538461538462 0.7417615176151762 0.20929230769230764 0.12672990063233963
0 0.4676307692307692 0.7451490514905149 0.20418461538461544 0.11995483288166212
0 0.0781 0.8501987353206865 0.15573846153846152 0.1091147244805781
0 0.8834000000000001 0.8535862691960252 0.21163076923076915 0.11859981933152662
0 0.25551538461538464 0.8603613369467028 0.19547692307692308 0.11453477868112011
0 0.46156923076923073 0.8613821138211382 0.19899230769230775 0.11521228545618786
0 0.6695692307692308 0.8640921409214092 0.20871538461538455 0.10708220415537485