0 0.12763076923076921 0.8859823008849558 0.25525384615384616 0.07334513274336273
0 0.3767692307692308 0.8886371681415929 0.24462307692307697 0.07015929203539821
0 0.8816923076923078 0.8912920353982302 0.23626153846153836 0.06484070796460185
0 0.11146153846153846 0.24767256637168142 0.22292307692307692 0.17857522123893801
0 0.4926692307692308 0.24767256637168142 0.5226230769230769 0.1743274336283186
0 0.8808538461538461 0.24979646017699114 0.23828461538461537 0.1743274336283186
0 0.7399538461538462 0.4214690265486726 0.5200923076923076 0.16688495575221238
0 0.2377153846153846 0.42730973451327436 0.47284615384615386 0.1892035398230088
0 0.6146384615384615 0.5926017699115044 0.2454461538461538 0.1732654867256637
0 0.11257692307692309 0.5941946902654868 0.2244076923076923 0.16794690265486723
0 0.3573692307692308 0.5989823008849557 0.2575615384615385 0.16050442477876117
0 0.8734615384615385 0.6026991150442478 0.2530692307692307 0.18070796460176994
0 0.2501846153846154 0.7632035398230088 0.49963846153846153 0.1722035398230088
0 0.7528846153846154 0.7701150442477877 0.4942230769230768 0.17963716814159292
0 0.2526923076923077 0.07831858407079646 0.5053846153846154 0.15663716814159293
0 0.7538076923076923 0.08078761061946903 0.4923769230769232 0.1594424778761062
0 0.6341230769230769 0.8785398230088496 0.2474538461538462 0.0797256637168142