0 0.8587538461538462 0.1116405433646813 0.2824923076923076 0.10739811912225707
0 0.539276923076923 0.12082549634273772 0.34470000000000006 0.11305120167189132
0 0.19544615384615385 0.12788923719958203 0.33534615384615385 0.09751306165099269
0 0.610276923076923 0.22151515151515153 0.16109230769230776 0.10245559038662486
0 0.7806615384615385 0.2254022988505747 0.16583076923076925 0.11022988505747125
0 0.2576153846153846 0.22681295715778474 0.1652615384615385 0.09468129571577849
0 0.1029 0.23282131661442007 0.15856923076923077 0.1095193312434692
0 0.9334615384615385 0.23510971786833856 0.13307692307692306 0.10031347962382445
0 0.44672307692307694 0.23776384535005224 0.1575230769230769 0.10951933124346917
0 0.7648 0.026144200626959248 0.16323076923076918 0.052288401253918496
0 0.925076923076923 0.02826541274817137 0.149846153846154 0.05653082549634274
0 0.21286923076923078 0.3260919540229885 0.3296153846153846 0.11800417972831764
0 0.5512384615384616 0.3331556948798328 0.33845384615384616 0.10810867293625918
0 0.8629153846153846 0.33704284221525604 0.27416923076923083 0.08902821316614425
0 0.5941615384615384 0.03568443051201672 0.1673461538461538 0.07136886102403343
0 0.4306 0.03850574712643679 0.1585692307692307 0.07560083594566352
0 0.24461538461538462 0.040626959247648906 0.15486923076923081 0.08125391849529781
0 0.30077692307692305 0.4264263322884012 0.16108461538461535 0.09963427377220484
0 0.08547692307692308 0.04345872518286312 0.1590923076923077 0.0869070010449321
0 0.6209384615384616 0.441619644723093 0.1647307692307693 0.10033437826541274
0 0.1393 0.44338557993730404 0.15543076923076923 0.10104493207941488
0 0.45842307692307693 0.44338557993730404 0.16323846153846155 0.09963427377220484
0 0.946923076923077 0.4695297805642633 0.10615384615384615 0.08690700104493204
0 0.807176923076923 0.4737722048066875 0.17204615384615382 0.09963427377220484
0 0.21105384615384615 0.5313584117032393 0.3280538461538462 0.11022988505747128
0 0.5504538461538462 0.5356008359456635 0.3441769230769231 0.10881922675026127
0 0.8642153846153846 0.5659770114942528 0.27156153846153835 0.09468129571577844
0 0.2700923076923077 0.6373458725182863 0.16005384615384613 0.10457680250783691
0 0.6175615384615385 0.6415882967607106 0.16108461538461544 0.11022988505747128
0 0.1086153846153846 0.6419435736677116 0.1564846153846154 0.09821316614420064
0 0.4579 0.6419435736677116 0.15699230769230768 0.10245559038662483
0 0.9513461538461538 0.6808045977011494 0.0973076923076923 0.106698014629049
0 0.7910538461538461 0.6846917450365726 0.1626923076923077 0.10316614420062697
0 0.21079230769230767 0.7309717868338558 0.3244153846153846 0.09256008359456627
0 0.5455153846153846 0.7454545454545455 0.33845384615384616 0.09043887147335418
0 0.8607692307692307 0.7695924764890282 0.2784615384615385 0.08254963427377221
0 0.12214615384615383 0.8270637408568443 0.14609230769230772 0.08408568443051205
0 0.27816153846153846 0.8281295715778474 0.15642307692307694 0.09327063740856843
0 0.4475 0.8493312434691744 0.16115384615384615 0.10457680250783691
0 0.6248384615384616 0.8496760710553813 0.1527615384615384 0.11235109717868337
0 0.9471846153846153 0.8691118077324974 0.10563076923076936 0.07631138975966559
0 0.8027615384615384 0.8705224660397074 0.16529230769230777 0.0720689655172414