0 0.6525078698845751 0.7698769230769231 0.10838405036726124 0.14393846153846163
0 0.5629905561385099 0.7833076923076923 0.10911857292759707 0.1474846153846154
0 0.86299055613851 0.7833076923076923 0.08687303252885621 0.1373538461538461
0 0.47036726128016787 0.7873615384615384 0.10639034627492129 0.14647692307692303
0 0.18088142707240293 0.08470000000000001 0.15906610703043025 0.0626923076923077
0 0.36143756558237145 0.0847 0.16717733473242397 0.07203076923076925
0 0.21381951731374607 0.8666846153846154 0.32613850996852045 0.12873846153846163
0 0.8636935991605457 0.9148307692307692 0.08273871983210904 0.13481538461538442
0 0.6258761804826863 0.9265 0.3828331584470094 0.14699999999999994
0 0.8306400839454355 0.0938 0.14954879328436516 0.06576153846153847
0 0.11119622245540399 0.9670461538461539 0.08356768100734521 0.06590769230769218
0 0.19932843651626445 0.9675384615384615 0.08145855194123819 0.06487692307692319
0 0.28573976915005245 0.9677923076923077 0.08004197271773345 0.06335384615384625
0 0.33598111227701993 0.18507692307692308 0.07986358866736623 0.1287230769230769
0 0.09150052465897167 0.18828461538461538 0.09533053515215109 0.13937692307692306
0 0.2600314795383001 0.19375384615384614 0.08443861490031482 0.13139230769230767
0 0.8035466946484785 0.19766153846153844 0.08967471143756563 0.13786153846153848
0 0.1765162644281217 0.19867692307692306 0.08285414480587616 0.13684615384615384
0 0.7095383001049318 0.19893076923076924 0.09800629590766012 0.1424230769230769
0 0.878205666316894 0.2007076923076923 0.053693599160545724 0.14393846153846154
0 0.6024029380902414 0.20577692307692308 0.10081846799580266 0.1429230769230769
0 0.514616998950682 0.21236153846153846 0.1022350472193074 0.14393846153846154
0 0.3314270724029381 0.02567692307692308 0.15626442812172084 0.05135384615384616
0 0.16996852046169988 0.027676923076923068 0.16816369359916053 0.05269230769230769
0 0.8353200419727177 0.03005384615384616 0.14239244491080802 0.059307692307692304
0 0.2020776495278069 0.3294384615384615 0.3372193074501574 0.14292307692307687
0 0.8685204616998952 0.34996923076923075 0.07304302203567671 0.13937692307692304
0 0.6248268625393495 0.35123076923076924 0.3848898216159496 0.1652230769230769
0 0.25773347324239243 0.4650153846153846 0.08626442812172089 0.135323076923077
0 0.06487932843651627 0.4685615384615385 0.08496327387198321 0.135323076923077
0 0.15405036726128016 0.46932307692307695 0.08216159496327388 0.1297461538461539
0 0.7555089192025184 0.47920769230769233 0.09036726128016778 0.13329999999999997
0 0.6697901364113326 0.48554615384615385 0.09593913955928653 0.13886923076923074
0 0.8676180482686254 0.4943846153846154 0.07593913955928659 0.1421230769230769
0 0.5764742917103882 0.4949230769230769 0.10012591815320043 0.14242307692307699
0 0.49076600209863586 0.5060692307692307 0.10292759706190979 0.14343076923076925
0 0.18098635886673664 0.6059153846153846 0.3572612801678909 0.14343076923076925
0 0.6002938090241343 0.6305 0.38973767051416586 0.16116923076923076
0 0.8609129066107031 0.6446923076923077 0.0841028331584471 0.13684615384615392
0 0.3410283315844701 0.7323692307692307 0.07171038824763906 0.12974615384615382
0 0.15888772298006296 0.736676923076923 0.08769150052465896 0.12721538461538454
0 0.24875131164742917 0.7371846153846154 0.08350472193074503 0.12823076923076926
0 0.0455299055613851 0.7460538461538463 0.09050367261280168 0.13177692307692312
0 0.7423714585519413 0.7610076923076923 0.10696747114375661 0.14242307692307699