0 0.6787615384615384 0.1254858934169279 0.08791538461538459 0.05855799373040753
0 0.7582538461538462 0.13437826541274817 0.06901538461538455 0.057899686520376185
0 0.31184615384615383 0.1686415882967607 0.17147692307692308 0.06867293625914318
0 0.6227846153846154 0.17371995820271682 0.07581538461538458 0.043740856844305134
0 0.4642923076923077 0.17388714733542318 0.07533076923076928 0.03814002089864159
0 0.7008076923076922 0.17404388714733543 0.07578461538461537 0.03781609195402299
0 0.5421846153846154 0.17454545454545453 0.08038461538461539 0.037481713688610245
0 0.7771538461538461 0.17914315569487982 0.07433846153846153 0.031546499477533956
0 0.4466846153846154 0.22112852664576804 0.08416923076923083 0.05971786833855797
0 0.6743769230769231 0.2230198537095089 0.17146923076923085 0.06350052246603968
0 0.5321 0.2237199582027168 0.08447692307692303 0.061128526645768025
0 0.8492307692307692 0.22537095088819228 0.16626923076923084 0.06537095088819227
0 0.35776153846153846 0.2277115987460815 0.08030769230769229 0.06064785788923722
0 0.2721692307692308 0.23241379310344826 0.08103846153846156 0.06252873563218388
0 0.08952307692307691 0.23549634273772205 0.07897692307692308 0.05832810867293625
0 0.18048461538461538 0.23761755485893418 0.08066923076923077 0.05973876698014631
0 0.6728153846153846 0.2839707419017764 0.17597692307692306 0.059226750261232995
0 0.5289692307692307 0.2854022988505747 0.0851384615384616 0.05831765935214208
0 0.4423384615384615 0.28634273772204805 0.08240769230769239 0.060198537095088836
0 0.8506153846153846 0.2865621734587252 0.17180769230769224 0.0653396029258098
0 0.3496153846153846 0.28819226750261234 0.08204615384615382 0.05920585161964469
0 0.08883076923076923 0.29480668756530826 0.07412307692307692 0.057356321839080446
0 0.2212076923076923 0.29528735632183906 0.1669615384615385 0.0649007314524556
0 0.6648461538461539 0.3439916405433647 0.17320769230769237 0.059665621734587275
0 0.8547769230769231 0.3463740856844305 0.16903846153846153 0.06160919540229889
0 0.44839999999999997 0.3465935214211076 0.09176153846153844 0.061107628004179744
0 0.5362461538461538 0.3468234064785789 0.08306153846153848 0.06157784743991635
0 0.3510307692307692 0.34847439916405437 0.08417692307692304 0.058286311389759635
0 0.09264615384615385 0.3569383490073145 0.08243846153846154 0.06014629049111814
0 0.22051538461538464 0.3569487983281087 0.1669615384615385 0.06204806687565308
0 0.7138769230769231 0.40382445141065826 0.08340769230769236 0.061640543364681305
0 0.9015692307692308 0.4052037617554859 0.08516153846153848 0.060637408568443026
0 0.6275923076923077 0.40711598746081507 0.08344615384615386 0.059759665621734646
0 0.7998615384615384 0.40755485893416926 0.0848615384615385 0.06251828631138981
0 0.39172307692307695 0.4078056426332288 0.17319230769230773 0.062079414838035495
0 0.528623076923077 0.40966562173458726 0.08306153846153848 0.05919540229885055
0 0.08276153846153847 0.4155694879832811 0.08070000000000001 0.05783699059561131
0 0.2641846153846154 0.41648902821316613 0.07823076923076927 0.05872518286311394
0 0.17443076923076922 0.420491118077325 0.0831230769230769 0.06013584117032388
0 0.8989692307692309 0.4678056426332288 0.0827384615384615 0.059665621734587275
0 0.6161615384615384 0.46807732497387666 0.08345384615384616 0.05831765935214217
0 0.698976923076923 0.46830721003134795 0.07579230769230767 0.057847439916405445
0 0.7983 0.4689864158829676 0.08451538461538453 0.06013584117032388
0 0.5326461538461539 0.4706687565308255 0.08418461538461543 0.06254963427377222
0 0.3995230769230769 0.4711180773249739 0.17423076923076924 0.06251828631138981
0 0.08518461538461539 0.476060606060606 0.0820846153846154 0.05921630094043883
0 0.2657615384615385 0.4775026123301986 0.08069999999999998 0.061149425287356306
0 0.17233846153846155 0.48100313479623824 0.08586153846153849 0.06062695924764888
0 0.7086769230769231 0.5276175548589342 0.08341538461538466 0.06063740856844308
0 0.7958769230769231 0.5292894461859979 0.08312307692307688 0.06020898641588291
0 0.6225692307692308 0.530208986415883 0.08309999999999998 0.06110762800417969
0 0.8930692307692307 0.5307001044932079 0.08342307692307678 0.05926854754440964
0 0.3948461538461538 0.5327795193312435 0.17388461538461536 0.06060606060606061
0 0.5333384615384615 0.5330303030303031 0.08626153846153854 0.06204806687565314
0 0.07202307692307693 0.5356008359456635 0.0786230769230769 0.056833855799373084
0 0.15154615384615383 0.5388923719958203 0.07200769230769231 0.056833855799373084
0 0.2558846153846154 0.5391640543364682 0.07412307692307693 0.05829676071055378
0 0.7937923076923077 0.5900104493207942 0.08381538461538464 0.06205851619644734
0 0.7092 0.5909299895506792 0.07960000000000002 0.058254963427377224
0 0.8929 0.5909508881922675 0.0844615384615386 0.06111807732497389
0 0.6243000000000001 0.5916300940438872 0.08379230769230774 0.06060606060606061
0 0.43850769230769227 0.5921525600835946 0.08375384615384623 0.05693834900731454
0 0.5373230769230769 0.5930407523510971 0.084523076923077 0.05966562173458716
0 0.3530846153846154 0.593521421107628 0.08343846153846156 0.058735632183908086
0 0.07184615384615385 0.5956635318704284 0.07897692307692308 0.0592580982236155
0 0.2638615384615384 0.5961128526645768 0.07480769230769231 0.05826541274817136
0 0.15916923076923076 0.5980146290491117 0.07546923076923077 0.05642633228840126
0 0.8182230769230769 0.6509613375130617 0.08206923076923081 0.06343782654127486
0 0.7138769230769231 0.6512225705329154 0.08410769230769224 0.059247648902821366
0 0.9039846153846154 0.6514315569487983 0.0823769230769232 0.060616509926854745
0 0.43972307692307694 0.6519331243469174 0.08409999999999994 0.060668756530825436
0 0.6251692307692308 0.6540334378265412 0.08206923076923081 0.06205851619644734
0 0.3496230769230769 0.6542424242424243 0.08343846153846156 0.05682340647857901
0 0.5390615384615385 0.6542737722048066 0.08314615384615379 0.06159874608150475
0 0.06716923076923076 0.655914315569488 0.07863076923076924 0.059226750261233085
0 0.16194615384615385 0.6566248693834901 0.07754615384615385 0.05781609195402291
0 0.26645384615384615 0.6570637408568443 0.08069999999999998 0.05776384535005222
0 0.9015615384615384 0.7105015673981192 0.07336923076923085 0.055412748171368834
0 0.3555153846153846 0.7105329153605016 0.07859230769230766 0.059226750261233085
0 0.8190923076923077 0.7119122257053291 0.08033846153846158 0.06105538140020905
0 0.4393769230769231 0.7124137931034482 0.0827153846153846 0.06111807732497389
0 0.7118 0.7145245559038662 0.08410769230769224 0.05968652037617544
0 0.16038461538461538 0.7147544409613374 0.07443076923076922 0.05731452455590377
0 0.5402692307692308 0.715705329153605 0.08140769230769225 0.060156739811912156
0 0.27321538461538464 0.7171264367816091 0.08105384615384616 0.058286311389759635
0 0.6265538461538461 0.7173563218390805 0.08345384615384616 0.05968652037617544
0 0.0747923076923077 0.7175757575757576 0.0807076923076923 0.058254963427377224