0 0.15000769230769231 0.14887147335423198 0.1158153846153846 0.2977324973876698
0 0.2632615384615385 0.1503030303030303 0.12103846153846155 0.30059561128526646
0 0.052553846153846145 0.1503030303030303 0.10216153846153846 0.30059561128526646
0 0.37651538461538464 0.1524451410658307 0.11572307692307697 0.3020271682340647
0 0.49609230769230767 0.1524451410658307 0.11461538461538462 0.3020271682340647
0 0.956576923076923 0.15459770114942528 0.08510000000000008 0.3091849529780564
0 0.6130307692307693 0.15459770114942528 0.11035384615384618 0.3091849529780564
0 0.8522692307692308 0.1560292580982236 0.12096153846153847 0.31204806687565306
0 0.7294461538461539 0.15673981191222572 0.11768461538461548 0.31061650992685474
0 0.22269999999999998 0.5138871473354232 0.11156923076923074 0.43228840125391843
0 0.10470000000000002 0.5153187042842216 0.11583076923076926 0.42942528735632174
0 0.45079230769230766 0.5160292580982236 0.10409999999999994 0.4222675026123302
0 0.670976923076923 0.5174608150470219 0.10822307692307696 0.4165412748171369
0 0.33543076923076925 0.5188923719958203 0.11573846153846157 0.43371995820271686
0 0.7810692307692307 0.5196133751306165 0.11555384615384617 0.4208359456635319
0 0.8932769230769231 0.5196133751306165 0.10813076923076936 0.4065308254963427
0 0.5614076923076924 0.5210449320794148 0.1124846153846154 0.42942528735632185
0 0.9431230769230768 0.8132706374085684 0.11375384615384623 0.18277951933124353
0 0.8321076923076923 0.8148171368861024 0.1124461538461538 0.17969696969696972
0 0.7202538461538461 0.8158411703239289 0.10946923076923072 0.17559038662486934
0 0.25345384615384614 0.8163531870428422 0.11322307692307694 0.17662486938349004
0 0.49529999999999996 0.8163531870428422 0.11160769230769224 0.17867293625914316
0 0.6087769230769231 0.8173772204806687 0.10724615384615391 0.17250783699059552
0 0.37135384615384615 0.8178892371995821 0.11619999999999996 0.17559038662486934
0 0.03995384615384615 0.8189237199582028 0.07930000000000001 0.1714838035527692
0 0.13593076923076924 0.819435736677116 0.11251538461538464 0.17250783699059552