0 0.43346153846153845 0.11006289308176101 0.09076923076923077 0.21174004192872117
0 0.05576923076923077 0.11006289308176101 0.07923076923076923 0.22012578616352202
0 0.12923076923076923 0.12264150943396226 0.09769230769230769 0.23165618448637318
0 0.5115384615384615 0.18238993710691823 0.08461538461538462 0.20230607966457023
0 0.9542307692307692 0.23637316561844865 0.08692307692307692 0.21174004192872117
0 0.6569230769230769 0.20125786163522014 0.07615384615384616 0.2148846960167715
0 0.8023076923076923 0.22327044025157233 0.09076923076923077 0.2138364779874214
0 0.3546153846153846 0.17243186582809225 0.08461538461538462 0.20859538784067086
0 0.8807692307692307 0.23689727463312368 0.08461538461538462 0.20964360587002095
0 0.2823076923076923 0.17033542976939203 0.08 0.20754716981132076
0 0.5865384615384616 0.21174004192872117 0.08153846153846153 0.21278825995807127
0 0.20923076923076922 0.16981132075471697 0.08923076923076922 0.1960167714884696
0 0.7234615384615385 0.23375262054507337 0.0823076923076923 0.20859538784067086
0 0.4238461538461539 0.3422431865828092 0.08692307692307692 0.22012578616352202
0 0.5184615384615384 0.03930817610062893 0.07384615384615385 0.07861635220125786
0 0.8315384615384616 0.07651991614255765 0.07461538461538461 0.08385744234800839
0 0.06307692307692307 0.32966457023060797 0.0876923076923077 0.21174004192872117
0 0.9446153846153846 0.4439203354297694 0.08923076923076922 0.20440251572327045
0 0.13230769230769232 0.34853249475890985 0.09076923076923077 0.20335429769392033
0 0.4976923076923077 0.39360587002096437 0.08153846153846153 0.20125786163522014
0 0.3484615384615385 0.379979035639413 0.08153846153846153 0.19916142557651992
0 0.7957692307692308 0.4350104821802935 0.08461538461538462 0.1970649895178197
0 0.27884615384615385 0.3768343815513627 0.08461538461538462 0.20335429769392033
0 0.87 0.44863731656184486 0.08538461538461538 0.18343815513626835
0 0.20423076923076924 0.37054507337526205 0.08846153846153847 0.19916142557651992
0 0.6473076923076924 0.42452830188679247 0.08384615384615385 0.20020964360587
0 0.7196153846153847 0.43553459119496857 0.08153846153846153 0.1970649895178197
0 0.5746153846153846 0.42138364779874216 0.09153846153846154 0.20754716981132076
0 0.9011538461538462 0.08857442348008386 0.07769230769230769 0.09224318658280922
0 0.36653846153846154 0.036163522012578615 0.07769230769230769 0.07232704402515723
0 0.29307692307692307 0.03249475890985325 0.07076923076923076 0.0649895178197065
0 0.5934615384615385 0.05450733752620545 0.07615384615384616 0.09748427672955975
0 0.7492307692307693 0.07547169811320754 0.07769230769230769 0.10167714884696016
0 0.215 0.031446540880503145 0.08076923076923077 0.06289308176100629
0 0.41307692307692306 0.5618448637316562 0.07923076923076923 0.1949685534591195
0 0.9611538461538461 0.639412997903564 0.07538461538461538 0.19811320754716982
0 0.04961538461538462 0.5314465408805031 0.08076923076923077 0.1960167714884696
0 0.4823076923076923 0.5854297693920335 0.07692307692307693 0.19077568134171907
0 0.8296153846153846 0.6278825995807128 0.08153846153846153 0.1928721174004193
0 0.11653846153846154 0.549266247379455 0.09230769230769231 0.1970649895178197
0 0.8976923076923077 0.6430817610062893 0.07769230769230769 0.18553459119496854
0 0.32884615384615384 0.5786163522012578 0.08923076923076922 0.20125786163522014
0 0.25038461538461537 0.5707547169811321 0.08461538461538462 0.19811320754716982
0 0.18807692307692309 0.5639412997903563 0.07615384615384616 0.18972746331236898
0 0.5584615384615385 0.6090146750524109 0.09153846153846154 0.17714884696016772
0 0.7596153846153846 0.6336477987421384 0.07692307692307693 0.1918238993710692
0 0.6938461538461539 0.6273584905660378 0.08615384615384615 0.19916142557651992
0 0.6265384615384615 0.6210691823899371 0.09384615384615384 0.20020964360587
0 0.41423076923076924 0.760482180293501 0.09769230769230769 0.22117400419287211
0 0.016923076923076923 0.7196016771488469 0.033846153846153845 0.18343815513626835
0 0.9015384615384615 0.8280922431865828 0.08 0.18658280922431866
0 0.9584615384615385 0.8349056603773585 0.055384615384615386 0.18343815513626835
0 0.49115384615384616 0.779874213836478 0.08461538461538462 0.18763102725366876
0 0.12884615384615383 0.7389937106918238 0.08615384615384615 0.18658280922431866
0 0.19923076923076924 0.7489517819706499 0.0823076923076923 0.18763102725366876
0 0.05423076923076923 0.7327044025157232 0.07923076923076923 0.1792452830188679
0 0.3484615384615385 0.769916142557652 0.09153846153846154 0.18448637316561844
0 0.8346153846153846 0.8291404612159329 0.08153846153846153 0.17819706498951782
0 0.27615384615384614 0.7636268343815513 0.08461538461538462 0.18658280922431866
0 0.7711538461538462 0.8244234800838575 0.07461538461538461 0.18658280922431866
0 0.6457692307692308 0.810272536687631 0.07692307692307693 0.18238993710691823
0 0.7103846153846154 0.8191823899371069 0.06692307692307692 0.18029350104821804
0 0.5796153846153846 0.8134171907756813 0.07615384615384616 0.18763102725366876