0 0.1822230769230769 0.10515657620041753 0.03031538461538459 0.06972860125260959
0 0.35623846153846156 0.10729645093945722 0.031030769230769254 0.06694154488517746
0 0.021315384615384615 0.10766179540709811 0.03161538461538462 0.06470772442588726
0 0.14687692307692307 0.10989561586638831 0.030330769230769238 0.06582463465553236
0 0.32127692307692307 0.11164926931106471 0.03408461538461543 0.07015657620041754
0 0.10166923076923076 0.11436325678496868 0.03446153846153847 0.07251565762004177
0 0.28846923076923076 0.11715031315240083 0.030684615384615373 0.06917536534446765
0 0.7296692307692308 0.11870563674321503 0.03204615384615391 0.07277661795407096
0 0.5802692307692308 0.11970772442588727 0.03063076923076918 0.07077244258872653
0 0.6154 0.1207098121085595 0.03061538461538458 0.07077244258872649
0 0.2262 0.12077244258872652 0.03029999999999999 0.06415448851774531
0 0.25743846153846156 0.12077244258872652 0.03028461538461539 0.06638830897703549
0 0.6919461538461539 0.12146137787056367 0.03206153846153851 0.07127348643006264
0 0.6564461538461538 0.12322546972860125 0.03651538461538464 0.07077244258872649
0 0.5466153846153846 0.1234759916492693 0.032123076923076914 0.07027139874739037
0 0.4736230769230769 0.16139874739039667 0.11036923076923079 0.08895615866388311
0 0.817 0.16203549060542796 0.10944615384615392 0.07870563674321505
0 0.9304153846153845 0.1650417536534447 0.11315384615384608 0.0791649269311065
0 0.36670769230769235 0.17400835073068893 0.1114384615384615 0.08115866388308977
0 0.04289230769230769 0.17405010438413362 0.08544615384615384 0.07251565762004178
0 0.14954615384615386 0.17907098121085596 0.10554615384615383 0.07251565762004178
0 0.25825384615384617 0.18994780793319416 0.10837692307692307 0.07307933194154488
0 0.5847 0.1934864300626305 0.10606923076923085 0.07377870563674323
0 0.7013692307692307 0.19399791231732777 0.1049076923076924 0.07177453027139874
0 0.506576923076923 0.22765135699373695 0.030300000000000077 0.07290187891440499
0 0.8637384615384615 0.22823590814196243 0.02893076923076933 0.07314196242171189
0 0.572123076923077 0.023590814196242173 0.10755384615384611 0.04718162839248435
0 0.8226384615384615 0.23308977035490608 0.03543076923076919 0.07083507306889354
0 0.7852923076923077 0.2361064718162839 0.03646923076923083 0.07500000000000002
0 0.473976923076923 0.23658663883089773 0.03403076923076924 0.06877870563674324
0 0.9754461538461537 0.2384133611691023 0.029907692307692392 0.07129436325678498
0 0.9312769230769231 0.23865344467640917 0.03436153846153852 0.07361169102296448
0 0.8986999999999999 0.24120041753653443 0.034715384615384696 0.07314196242171192
0 0.4064153846153846 0.24163883089770355 0.02933076923076927 0.07152400835073067
0 0.07207692307692308 0.24322546972860123 0.03446923076923077 0.06582463465553233
0 0.4422230769230769 0.24392484342379958 0.03336923076923085 0.0742797494780793
0 0.3653692307692308 0.24576200417536534 0.03576923076923077 0.07152400835073067
0 0.03775384615384615 0.24629436325678497 0.025853846153846147 0.06972860125260959
0 0.3326 0.2475991649269311 0.032400000000000005 0.07244258872651355
0 0.18941538461538462 0.2504697286012526 0.03154615384615384 0.06582463465553239
0 0.9201769230769231 0.02522964509394572 0.11109230769230775 0.05045929018789144
0 0.15756153846153848 0.25158663883089777 0.03361538461538461 0.06917536534446765
0 0.11913846153846154 0.25215031315240083 0.032400000000000005 0.06805845511482256
0 0.29402307692307694 0.2560542797494781 0.03191538461538462 0.06917536534446762
0 0.6322307692307693 0.25798538622129435 0.03321538461538467 0.07127348643006266
0 0.7470538461538461 0.2589874739039666 0.03131538461538464 0.07227557411273487
0 0.7158076923076923 0.26025052192066805 0.032438461538461597 0.07377870563674319
0 0.2582615384615385 0.2616283924843424 0.03275384615384618 0.06805845511482256
0 0.5965461538461538 0.2617536534446764 0.032115384615384615 0.06675365344467643
0 0.563076923076923 0.2620041753653445 0.033238461538461564 0.06926931106471818
0 0.22414615384615383 0.263580375782881 0.03276153846153849 0.07196242171189982
0 0.6688384615384615 0.26552192066805846 0.035415384615384585 0.07327766179540711
0 0.8282615384615385 0.2972129436325679 0.11285384615384618 0.05370563674321508
0 0.7980769230769231 0.030271398747390398 0.11615384615384615 0.060542797494780795
0 0.4808923076923077 0.3042171189979123 0.11139230769230765 0.09307933194154487
0 0.46078461538461535 0.03186847599164927 0.10632307692307695 0.06281837160751566
0 0.9440538461538461 0.31457202505219206 0.10768461538461521 0.07638830897703555
0 0.36958461538461534 0.315 0.11042307692307697 0.07702505219206676
0 0.04803076923076923 0.31769311064718164 0.09573076923076922 0.07977035490605423
0 0.15366153846153846 0.32411273486430064 0.10883846153846155 0.07251565762004178
0 0.6017153846153847 0.33026096033402924 0.10755384615384611 0.0742797494780793
0 0.26072307692307695 0.331356993736952 0.10673846153846153 0.08033402922755745
0 0.7119153846153846 0.3372964509394572 0.11342307692307696 0.08231732776617956
0 0.8287692307692308 0.34280793319415453 0.11250769230769239 0.04861169102296456
0 0.038492307692307694 0.03542797494780793 0.07698461538461539 0.07084551148225471
0 0.5173846153846154 0.3585594989561587 0.052592307692307785 0.03943632567849684
0 0.41266153846153847 0.38560542797494785 0.031015384615384566 0.06969728601252607
0 0.3540384615384615 0.03897703549060543 0.10839230769230772 0.0779436325678497
0 0.07187692307692307 0.3874217118997912 0.028315384615384617 0.06972860125260956
0 0.9853384615384616 0.3874843423799582 0.02785384615384618 0.07314196242171195
0 0.37566923076923076 0.38790187891440503 0.031369230769230746 0.07061586638830895
0 0.44914615384615386 0.3881315240083507 0.03640769230769225 0.07198329853862216
0 0.9440615384615384 0.3900313152400835 0.03605384615384607 0.07453027139874736
0 0.9067153846153846 0.391419624217119 0.0350461538461538 0.07361169102296448
0 0.19435384615384618 0.39244258872651355 0.03155384615384616 0.07084551148225471
0 0.3429 0.392713987473904 0.032738461538461494 0.07198329853862216
0 0.012276923076923078 0.3930062630480167 0.02423076923076923 0.06972860125260956
0 0.04105384615384615 0.3930062630480167 0.03079230769230769 0.06861169102296452
0 0.15716153846153846 0.3952400835073069 0.03444615384615383 0.06749478079331939
0 0.12345384615384616 0.3960751565762004 0.032815384615384594 0.0680584551148226
0 0.8744846153846153 0.3972129436325678 0.031992307692307806 0.07222338204592908
0 0.29875384615384615 0.3994154488517745 0.03315384615384617 0.0714091858037578
0 0.6438846153846154 0.4005323590814196 0.03210000000000002 0.07127348643006261
0 0.8378153846153846 0.40253653444676407 0.030299999999999903 0.07268267223382045
0 0.5175538461538461 0.4025678496868476 0.0502307692307692 0.04310020876826719
0 0.2652538461538461 0.4030480167014614 0.029469230769230813 0.06861169102296452
0 0.6087461538461538 0.4030480167014614 0.03137692307692305 0.07227557411273487
0 0.5725076923076923 0.40379958246346553 0.03656923076923074 0.072776617954071
0 0.7601846153846153 0.4048016701461378 0.030199999999999994 0.07377870563674316
0 0.7986461538461539 0.40505219206680587 0.038330769230769175 0.07327766179540715
0 0.22867692307692306 0.4061169102296451 0.03606153846153846 0.0680584551148226
0 0.13803846153846153 0.04100208768267224 0.10226153846153846 0.07307933194154488
0 0.7206153846153845 0.4080584551148226 0.030215384615384595 0.07127348643006261
0 0.6843769230769231 0.41157620041753656 0.033192307692307764 0.07027139874739045
0 0.37853846153846155 0.4612630480167014 0.11144615384615379 0.08069937369519828
0 0.501 0.46195198329853865 0.10835384615384624 0.0747390396659708
0 0.050699999999999995 0.46218162839248433 0.1010769230769231 0.07531315240083505
0 0.9479769230769229 0.4657202505219207 0.10256923076923088 0.07777661795407097
0 0.15735384615384615 0.46747390396659705 0.10801538461538458 0.0736325678496868
0 0.2673 0.4736116910229645 0.10920769230769233 0.07810020876826716
0 0.8384923076923076 0.47406054279749477 0.11284615384615379 0.07962421711899788
0 0.6126307692307692 0.4758246346555323 0.10940769230769232 0.076294363256785
0 0.6862076923076923 0.048434237995824636 0.11231538461538461 0.08382045929018789
0 0.7252307692307692 0.4803444676409186 0.11269230769230769 0.07829853862212943
0 0.2516769230769231 0.05299582463465553 0.10097692307692306 0.06917536534446764
0 0.4228 0.5307306889352817 0.02967692307692302 0.06831941544885176
0 0.4623230769230769 0.532098121085595 0.032361538461538414 0.07290187891440499
0 0.09325384615384616 0.5352609603340291 0.03160000000000001 0.06861169102296452
0 0.05317692307692307 0.5355323590814196 0.030384615384615385 0.0702922755741127
0 0.49644615384615387 0.5357724425887265 0.03572307692307697 0.06831941544885183
0 0.02399230769230769 0.5358141962421711 0.02793076923076923 0.06972860125260956
0 0.37922307692307694 0.5366910229645093 0.03374615384615381 0.07290187891440499
0 0.9872384615384616 0.5367849686847599 0.025523076923076798 0.07083507306889349
0 0.5325923076923077 0.5380584551148225 0.03097692307692306 0.07106471816283923
0 0.19970000000000002 0.5386012526096033 0.03155384615384614 0.07196242171189984
0 0.34189230769230766 0.5389770354906055 0.03477692307692311 0.07015657620041757
0 0.16579230769230768 0.5394363256784969 0.031161538461538456 0.06917536534446762
0 0.13023846153846155 0.54 0.03405384615384614 0.07140918580375785
0 0.961123076923077 0.5404906054279749 0.034007692307692336 0.07268267223382051
0 0.3100538461538461 0.5425052192066806 0.030276923076923087 0.06749478079331944
0 0.9276923076923077 0.5425782881002087 0.034023076923076934 0.07314196242171184
0 0.2695692307692308 0.5452922755741128 0.03234615384615381 0.06749478079331944
0 0.6503615384615384 0.547098121085595 0.031746153846153834 0.07427974947807936
0 0.8809692307692307 0.5481315240083507 0.03267692307692309 0.074070981210856
0 0.6154153846153846 0.5483507306889354 0.035084615384615304 0.07077244258872646
0 0.23402307692307694 0.5486430062630481 0.031953846153846124 0.06861169102296452
0 0.8470307692307693 0.5490605427974948 0.032353846153846115 0.074070981210856
0 0.7720230769230769 0.5506054279749478 0.02947692307692303 0.07327766179540715
0 0.8110461538461538 0.5520668058455115 0.03339230769230758 0.0726826722338204
0 0.5751076923076923 0.5538726513569937 0.030661538461538386 0.056722338204592875
0 0.7256153846153846 0.5538726513569937 0.03208461538461541 0.07177453027139874
0 0.6921461538461539 0.5566283924843424 0.03394615384615393 0.07127348643006261
0 0.501676923076923 0.6066075156576201 0.10699999999999993 0.07244258872651367
0 0.38377692307692307 0.6091336116910229 0.11110769230769227 0.08298538622129437
0 0.052553846153846145 0.6091753653444677 0.0973769230769231 0.07029227557411265
0 0.1629076923076923 0.6125156576200417 0.10925384615384617 0.07029227557411265
0 0.952953846153846 0.6145615866388309 0.09409230769230782 0.08194154488517745
0 0.2724384615384616 0.6169832985386222 0.10633076923076924 0.07810020876826716
0 0.6167 0.6238935281837161 0.11311538461538458 0.07529227557411285
0 0.8492307692307692 0.625438413361169 0.11181538461538472 0.07777661795407097
0 0.7352230769230769 0.6258977035490606 0.10899999999999994 0.07327766179540715
0 0.5741615384615384 0.06550104384133612 0.10718461538461532 0.051701461377870565
0 0.4604692307692308 0.6751565762004175 0.03337692307692315 0.07290187891440493
0 0.42685384615384614 0.677223382045929 0.030353846153846183 0.07336116910229643
0 0.5011769230769231 0.6781419624217119 0.033023076923076974 0.07336116910229643
0 0.5347923076923077 0.682035490605428 0.030646153846153785 0.07198329853862216
0 0.10003076923076923 0.683089770354906 0.03365384615384615 0.06861169102296452
0 0.06242307692307693 0.683643006263048 0.03326153846153847 0.07084551148225482
0 0.1690769230769231 0.68419624217119 0.03444615384615383 0.07084551148225458
0 0.13579230769230768 0.6850417536534447 0.031169230769230755 0.0736325678496868
0 0.02296923076923077 0.6850417536534447 0.035738461538461545 0.07474947807933184
0 0.20196153846153847 0.6858768267223383 0.028676923076923055 0.06861169102296452
0 0.3778769230769231 0.685929018789144 0.03172307692307693 0.07152400835073067
0 0.30656153846153844 0.6872651356993736 0.030692307692307675 0.07140918580375791
0 0.9898 0.6879436325678496 0.020399999999999988 0.0749999999999999
0 0.34426153846153845 0.6886847599164927 0.030046153846153893 0.07152400835073067
0 0.9606076923076923 0.6893319415448852 0.030930769230769258 0.0759185803757829
0 0.2685461538461539 0.6908977035490605 0.029469230769230727 0.07084551148225482
0 0.9276923076923077 0.6925678496868476 0.03333076923076918 0.0759185803757829
0 0.23566153846153848 0.6936847599164927 0.032776923076923085 0.07196242171189984
0 0.616523076923077 0.696419624217119 0.03286923076923078 0.06876826722338192
0 0.8910230769230769 0.6965031315240083 0.034369230769230645 0.07268267223382058
0 0.6535076923076922 0.6971711899791232 0.03506923076923071 0.06725469728601259
0 0.7424384615384615 0.6974217118997912 0.028007692307692372 0.06675365344467646
0 0.7772 0.6976722338204593 0.03613076923076925 0.06825678496868487
0 0.6940000000000001 0.6986743215031316 0.03542307692307689 0.06926931106471806
0 0.5826846153846154 0.6989248434237997 0.0347307692307693 0.07177453027139874
0 0.8497538461538462 0.699749478079332 0.03233846153846151 0.07361169102296448
0 0.8171384615384615 0.7019415448851775 0.03315384615384608 0.07579331941544874
0 0.5033615384615384 0.7544780793319416 0.11308461538461538 0.08115866388308977
0 0.056869230769230776 0.757839248434238 0.10847692307692307 0.0741962421711899
0 0.3871538461538462 0.7579227557411273 0.10839999999999997 0.07886221294363252
0 0.2771692307692308 0.7628601252609604 0.11085384615384616 0.07977035490605436
0 0.16620000000000001 0.7639770354906054 0.10925384615384613 0.0741962421711899
0 0.9538076923076924 0.7664091858037578 0.09238461538461532 0.0828705636743216
0 0.7326307692307692 0.7689457202505219 0.1097384615384616 0.07529227557411261
0 0.6148538461538461 0.7722129436325679 0.10941538461538462 0.07479123173277671
0 0.8483769230769231 0.7735803757828811 0.10942307692307693 0.0759185803757829
0 0.5021769230769231 0.08321503131524008 0.03300000000000007 0.07015657620041751
0 0.46182307692307695 0.8305949895615867 0.03 0.06923799582463458
0 0.4226307692307692 0.8312839248434238 0.032038461538461606 0.07519832985386217
0 0.49476153846153853 0.8312839248434238 0.03573076923076927 0.07244258872651367
0 0.029953846153846154 0.8323068893528184 0.033269230769230766 0.07029227557411265
0 0.06283846153846154 0.8328705636743214 0.03408461538461539 0.07140918580375791
0 0.5347923076923077 0.8328810020876827 0.034023076923076934 0.07382045929018792
0 0.3817615384615385 0.8333402922755742 0.032061538461538426 0.07290187891440493
0 0.1025 0.8334237995824634 0.03200769230769232 0.06917536534446762
0 0.20874615384615386 0.8337056367432151 0.02826923076923077 0.07084551148225458
0 0.3125230769230769 0.8345407098121086 0.03192307692307692 0.07474947807933184
0 0.8465076923076923 0.08378914405010437 0.03131538461538464 0.07314196242171189
0 0.9623076923076923 0.08378914405010437 0.03433076923076932 0.075
0 0.1366153846153846 0.835375782881002 0.032815384615384635 0.06972860125260956
0 0.3479769230769231 0.8356367432150312 0.03342307692307696 0.07382045929018792
0 0.1738076923076923 0.8364926931106472 0.03156923076923079 0.07084551148225482
0 0.27696923076923075 0.8376096033402922 0.02906153846153844 0.07196242171189984
0 0.24244615384615384 0.8381628392484343 0.031538461538461536 0.07084551148225458
0 0.7708538461538461 0.8404070981210856 0.03159230769230764 0.0692588726513569
0 0.9641846153846154 0.8414091858037579 0.030584615384615554 0.07268267223382034
0 0.8939230769230768 0.8425678496868475 0.029253846153846307 0.0685177453027141
0 0.6969769230769232 0.8433507306889352 0.031292307692307744 0.0697181628392484
0 0.7309923076923077 0.843580375782881 0.03327692307692307 0.07288100208768261
0 0.9317846153846153 0.8453444676409186 0.030600000000000155 0.07314196242171184
0 0.927176923076923 0.08494780793319415 0.02889230769230765 0.0671294363256785
0 0.5817461538461538 0.847098121085595 0.032653846153846186 0.07657620041753643
0 0.6147615384615385 0.8474217118997913 0.03299230769230777 0.07605427974947797
0 0.6589538461538461 0.8478810020876827 0.030638461538461483 0.07332985386221294
0 0.8448923076923076 0.8485594989561587 0.03089230769230758 0.07288100208768261
0 0.8090384615384615 0.851722338204593 0.03257692307692301 0.07016701461377874
0 0.5079769230769231 0.886356993736952 0.1123076923076923 0.03983298538622138
0 0.06283076923076923 0.8869832985386221 0.10641538461538463 0.03793319415448843
0 0.8037 0.08911273486430063 0.03644615384615393 0.06620041753653445
0 0.3882384615384615 0.887713987473904 0.10902307692307689 0.03711899791231727
0 0.1705153846153846 0.8881002087682672 0.10555384615384614 0.03458246346555335
0 0.2781923076923077 0.8900521920668057 0.10715384615384611 0.03179540709812113
0 0.8920461538461539 0.08981210855949896 0.03300000000000007 0.06944676409185804
0 0.4580923076923077 0.09491649269311066 0.034707692307692224 0.07336116910229645
0 0.7660153846153847 0.09606471816283925 0.03679999999999994 0.07361169102296448
0 0.42786153846153846 0.09972860125260961 0.03370769230769226 0.07473903966597077
0 0.39424615384615386 0.10018789144050105 0.029323076923076882 0.06923799582463466
0 0.06385384615384616 0.10236951983298538 0.03365384615384615 0.0663883089770355