0 0.24870242214532873 0.64125 0.1522491349480969 0.069375
0 0.09688581314878893 0.656875 0.16176470588235295 0.068125
0 0.41738754325259514 0.0671875 0.2811418685121107 0.08625
0 0.7335640138408305 0.645 0.23961937716262977 0.073125
0 0.5536332179930796 0.668125 0.12975778546712802 0.066875
0 0.41825259515570934 0.685625 0.14273356401384082 0.070625
0 0.17344290657439446 0.7071875 0.3140138408304498 0.085
0 0.8014705882352942 0.6896875 0.12110726643598616 0.061875
0 0.6816608996539792 0.7028125 0.12370242214532871 0.06125
0 0.48313148788927335 0.729375 0.2768166089965398 0.089375
0 0.24610726643598616 0.7603125 0.15484429065743946 0.07125
0 0.09645328719723184 0.775625 0.14792387543252594 0.069375
0 0.735726643598616 0.7453125 0.24567474048442905 0.073125
0 0.5432525951557093 0.7765625 0.1314878892733564 0.06875
0 0.4022491349480969 0.796875 0.14186851211072665 0.068125
0 0.1782006920415225 0.8228125 0.30103806228373703 0.078125
0 0.8114186851211073 0.7915625 0.11678200692041522 0.06125
0 0.6872837370242214 0.809375 0.12629757785467127 0.065
0 0.4796712802768166 0.83875 0.27941176470588236 0.091875
0 0.26124567474048443 0.855 0.14878892733564014 0.07
0 0.7417820069204152 0.8471875 0.25259515570934254 0.08
0 0.11202422145328719 0.881875 0.157439446366782 0.075
0 0.5480103806228374 0.8784375 0.13667820069204153 0.06625
0 0.40743944636678203 0.896875 0.14013840830449828 0.064375
0 0.8153114186851211 0.879375 0.11505190311418685 0.06125
0 0.6907439446366782 0.8996875 0.12370242214532871 0.05625
0 0.1903114186851211 0.92625 0.3062283737024221 0.094375
0 0.6782006920415224 0.081875 0.24567474048442905 0.090625
0 0.4818339100346021 0.93375 0.27768166089965396 0.080625
0 0.7448096885813149 0.9334375 0.23356401384083045 0.079375
0 0.2690311418685121 0.965625 0.14878892733564014 0.06875
0 0.12197231833910034 0.9765625 0.15570934256055363 0.046875
0 0.5544982698961938 0.969375 0.1245674740484429 0.06125
0 0.8144463667820069 0.9609375 0.1115916955017301 0.05375
0 0.4234429065743945 0.978125 0.1323529411764706 0.04375
0 0.05536332179930796 0.135625 0.11072664359861592 0.06
0 0.36591695501730104 0.1215625 0.14100346020761245 0.07125
0 0.16911764705882354 0.136875 0.12716262975778547 0.06125
0 0.5004325259515571 0.12375 0.12975778546712802 0.06625
0 0.6349480968858131 0.1309375 0.12370242214532871 0.065625
0 0.7517301038062284 0.1375 0.12110726643598616 0.059375
0 0.12370242214532871 0.1859375 0.24740484429065743 0.071875
0 0.41522491349480967 0.1753125 0.2820069204152249 0.074375
0 0.356401384083045 0.024375 0.13494809688581316 0.043125
0 0.6851211072664359 0.1815625 0.25 0.083125
0 0.07396193771626297 0.2334375 0.13062283737024222 0.058125
0 0.19636678200692043 0.2303125 0.12024221453287197 0.05375
0 0.4874567474048443 0.0234375 0.13062283737024222 0.046875
0 0.3607266435986159 0.235625 0.14359861591695502 0.064375
0 0.5021626297577855 0.229375 0.1375432525951557 0.065
0 0.6929065743944637 0.2359375 0.25 0.073125
0 0.14230103806228372 0.278125 0.25519031141868515 0.063125
0 0.43641868512110726 0.2890625 0.2811418685121107 0.070625
0 0.638840830449827 0.285 0.12889273356401384 0.063125
0 0.7664359861591695 0.2853125 0.12370242214532871 0.05875
0 0.08737024221453288 0.32625 0.1314878892733564 0.054375
0 0.21496539792387542 0.3209375 0.11764705882352941 0.050625
0 0.6185121107266436 0.03125 0.12975778546712802 0.0625
0 0.5077854671280276 0.3409375 0.13581314878892733 0.06125
0 0.3762975778546713 0.3484375 0.14186851211072665 0.061875
0 0.7006920415224913 0.33625 0.24740484429065743 0.07
0 0.10553633217993079 0.3734375 0.1323529411764706 0.0525
0 0.22707612456747406 0.3678125 0.11505190311418685 0.05
0 0.6682525951557093 0.3896875 0.12370242214532871 0.05875
0 0.44420415224913495 0.4015625 0.2750865051903114 0.0675
0 0.782871972318339 0.3859375 0.11505190311418685 0.056875
0 0.16349480968858132 0.418125 0.2370242214532872 0.059375
0 0.22664359861591696 0.4603125 0.12110726643598616 0.051875
0 0.10164359861591696 0.4684375 0.12975778546712802 0.051875
0 0.7149653979238755 0.439375 0.24134948096885814 0.061875
0 0.5320069204152249 0.453125 0.1384083044982699 0.0625
0 0.388840830449827 0.4615625 0.14273356401384082 0.06375
0 0.7435121107266436 0.0346875 0.12024221453287197 0.068125
0 0.7988754325259516 0.4875 0.12197231833910034 0.0575
0 0.6764705882352942 0.494375 0.12975778546712802 0.05875
0 0.4610726643598616 0.5153125 0.2811418685121107 0.068125
0 0.24480968858131488 0.5271875 0.1513840830449827 0.066875
0 0.0852076124567474 0.54 0.1643598615916955 0.068125
0 0.735726643598616 0.543125 0.23961937716262977 0.06375
0 0.5441176470588235 0.5578125 0.13408304498269896 0.06125
0 0.4130622837370242 0.5734375 0.14100346020761245 0.065625
0 0.16825259515570934 0.5928125 0.32006920415224915 0.08625
0 0.7910899653979239 0.589375 0.12110726643598616 0.06
0 0.6699826989619377 0.6003125 0.12802768166089964 0.06125
0 0.4623702422145329 0.621875 0.27854671280276816 0.080625