0 0.25576923076923075 0.10107913669064748 0.055384615384615386 0.08201438848920864
0 0.8515384615384616 0.03201438848920863 0.055384615384615386 0.06402877697841726
0 0.34692307692307695 0.09028776978417266 0.05692307692307692 0.08273381294964029
0 0.3903846153846154 0.08489208633093526 0.05384615384615385 0.08201438848920864
0 0.7584615384615384 0.039568345323741004 0.06153846153846154 0.07913669064748201
0 0.08269230769230769 0.12589928057553956 0.05307692307692308 0.08201438848920864
0 0.3026923076923077 0.0974820143884892 0.054615384615384614 0.08129496402877698
0 0.12615384615384614 0.12122302158273382 0.05846153846153846 0.08057553956834532
0 0.2123076923076923 0.11007194244604317 0.054615384615384614 0.07913669064748201
0 0.17038461538461538 0.1158273381294964 0.052307692307692305 0.07913669064748201
0 0.8969230769230769 0.031294964028776975 0.05846153846153846 0.06258992805755395
0 0.2865384615384615 0.7992805755395683 0.05307692307692308 0.07050359712230216
0 0.065 0.8294964028776979 0.05 0.07050359712230216
0 0.23961538461538462 0.8071942446043165 0.04923076923076923 0.07122302158273382
0 0.6676923076923077 0.7514388489208633 0.052307692307692305 0.06402877697841726
0 0.7096153846153846 0.7467625899280576 0.04923076923076923 0.06618705035971223
0 0.11269230769230769 0.826978417266187 0.05384615384615385 0.07266187050359713
0 0.15692307692307692 0.8215827338129497 0.05153846153846154 0.07194244604316546
0 0.19923076923076924 0.8176258992805755 0.05153846153846154 0.0683453237410072
0 0.01423076923076923 0.13956834532374102 0.02846153846153846 0.08489208633093526
0 0.4376923076923077 0.08237410071942446 0.05615384615384615 0.08129496402877698
0 0.7523076923076923 0.7607913669064749 0.05615384615384615 0.07410071942446043
0 0.04230769230769231 0.13633093525179857 0.05153846153846154 0.08057553956834532
0 0.7169230769230769 0.04892086330935252 0.047692307692307694 0.06906474820143885
0 0.49346153846153845 0.07913669064748201 0.06923076923076923 0.08345323741007195
0 0.6315384615384615 0.06474820143884892 0.05384615384615385 0.07410071942446043
0 0.5476923076923077 0.07697841726618705 0.06 0.08920863309352518
0 0.5903846153846154 0.07158273381294963 0.05384615384615385 0.0776978417266187
0 0.813076923076923 0.09640287769784173 0.055384615384615386 0.07122302158273382
0 0.7315384615384616 0.10899280575539569 0.05384615384615385 0.06906474820143885
0 0.3776923076923077 0.15611510791366906 0.06 0.09064748201438849
0 0.7723076923076924 0.10467625899280575 0.045384615384615384 0.05611510791366906
0 0.8646153846153846 0.09820143884892087 0.05307692307692308 0.07122302158273382
0 0.2076923076923077 0.18597122302158273 0.05615384615384615 0.08129496402877698
0 0.29307692307692307 0.1748201438848921 0.05615384615384615 0.09280575539568345
0 0.6853846153846154 0.12338129496402878 0.05692307692307692 0.07697841726618705
0 0.16115384615384615 0.19280575539568345 0.05846153846153846 0.0841726618705036
0 0.91 0.09496402877697842 0.05692307692307692 0.08129496402877698
0 0.24961538461538463 0.18201438848920864 0.05 0.08345323741007195
0 0.12038461538461538 0.19928057553956835 0.05615384615384615 0.08273381294964029
0 0.33615384615384614 0.1712230215827338 0.05 0.08201438848920864
0 0.0057692307692307696 0.21762589928057555 0.011538461538461539 0.07553956834532374
0 0.4684615384615385 0.1539568345323741 0.05384615384615385 0.0856115107913669
0 0.07615384615384616 0.20827338129496403 0.04846153846153846 0.08129496402877698
0 0.031538461538461536 0.21474820143884893 0.05692307692307692 0.08129496402877698
0 0.4246153846153846 0.16330935251798562 0.05692307692307692 0.08057553956834532
0 0.6457692307692308 0.1366906474820144 0.05692307692307692 0.08057553956834532
0 0.5123076923076924 0.1553956834532374 0.052307692307692305 0.08345323741007195
0 0.6030769230769231 0.1460431654676259 0.055384615384615386 0.09064748201438849
0 0.5565384615384615 0.15719424460431655 0.05307692307692308 0.07841726618705036
0 0.27307692307692305 0.04280575539568345 0.03923076923076923 0.039568345323741004
0 0.3569230769230769 0.03201438848920863 0.04692307692307692 0.04100719424460432
0 0.40192307692307694 0.026618705035971222 0.045384615384615384 0.041726618705035974
0 0.18384615384615385 0.05575539568345324 0.04692307692307692 0.04316546762589928
0 0.22692307692307692 0.050359712230215826 0.046153846153846156 0.04316546762589928
0 0.09884615384615385 0.06726618705035971 0.047692307692307694 0.04388489208633094
0 0.3126923076923077 0.03920863309352518 0.04692307692307692 0.04388489208633094
0 0.6588461538461539 0.007913669064748202 0.05 0.015827338129496403
0 0.4430769230769231 0.022661870503597123 0.04846153846153846 0.04460431654676259
0 0.14346153846153847 0.06223021582733813 0.04384615384615385 0.04388489208633094
0 0.05423076923076923 0.07446043165467627 0.046153846153846156 0.0460431654676259
0 0.018076923076923077 0.08057553956834532 0.036153846153846154 0.04748201438848921
0 0.7034615384615385 0.007553956834532374 0.05 0.015107913669064749
0 0.83 0.17410071942446043 0.06 0.08776978417266187
0 0.15846153846153846 0.26402877697841726 0.04153846153846154 0.05827338129496403
0 0.8784615384615385 0.1712230215827338 0.05692307692307692 0.08633093525179857
0 0.785 0.18489208633093526 0.05307692307692308 0.08345323741007195
0 0.011923076923076923 0.29028776978417264 0.023846153846153847 0.08273381294964029
0 0.7426923076923077 0.19388489208633095 0.05615384615384615 0.08705035971223021
0 0.698076923076923 0.20071942446043164 0.05846153846153846 0.0856115107913669
0 0.2073076923076923 0.2658273381294964 0.05615384615384615 0.0841726618705036
0 0.4753846153846154 0.2305755395683453 0.04923076923076923 0.08201438848920864
0 0.4857692307692308 0.02302158273381295 0.04846153846153846 0.0460431654676259
0 0.08307692307692308 0.28345323741007195 0.05384615384615385 0.09064748201438849
0 0.2542307692307692 0.2607913669064748 0.054615384615384614 0.0856115107913669
0 0.12538461538461537 0.2780575539568345 0.055384615384615386 0.0841726618705036
0 0.39 0.24424460431654677 0.05307692307692308 0.08633093525179857
0 0.43423076923076925 0.23884892086330936 0.054615384615384614 0.08057553956834532
0 0.2980769230769231 0.25755395683453236 0.05076923076923077 0.07697841726618705
0 0.3434615384615385 0.2517985611510791 0.054615384615384614 0.08057553956834532
0 0.9196153846153846 0.17625899280575538 0.05923076923076923 0.0856115107913669
0 0.040769230769230766 0.29280575539568343 0.054615384615384614 0.08489208633093526
0 0.5165384615384615 0.23201438848920863 0.052307692307692305 0.07697841726618705
0 0.5303846153846153 0.02050359712230216 0.05 0.04100719424460432
0 0.6465384615384615 0.21942446043165467 0.057692307692307696 0.08848920863309352
0 0.561923076923077 0.23237410071942446 0.05923076923076923 0.08848920863309352
0 0.605 0.2273381294964029 0.052307692307692305 0.08057553956834532
0 0.5734615384615385 0.019424460431654675 0.05153846153846154 0.03884892086330935
0 0.6157692307692307 0.016546762589928057 0.05 0.033093525179856115
0 0.13307692307692306 0.34784172661870505 0.05 0.05971223021582734
0 0.8323076923076923 0.25611510791366904 0.05846153846153846 0.08129496402877698
0 0.7884615384615384 0.2633093525179856 0.04692307692307692 0.07194244604316546
0 0.26384615384615384 0.33309352517985613 0.052307692307692305 0.06762589928057554
0 0.1773076923076923 0.3449640287769784 0.052307692307692305 0.07553956834532374
0 0.8773076923076923 0.25323741007194245 0.055384615384615386 0.08201438848920864
0 0.22038461538461537 0.3402877697841727 0.052307692307692305 0.07553956834532374
0 0.013461538461538462 0.36906474820143886 0.026923076923076925 0.07625899280575539
0 0.3073076923076923 0.3302158273381295 0.04923076923076923 0.07338129496402877
0 0.49 0.30683453237410074 0.05153846153846154 0.08489208633093526
0 0.7061538461538461 0.2805755395683453 0.055384615384615386 0.08129496402877698
0 0.34923076923076923 0.3276978417266187 0.05307692307692308 0.08345323741007195
0 0.08730769230769231 0.36366906474820143 0.05384615384615385 0.07625899280575539
0 0.921923076923077 0.2539568345323741 0.05923076923076923 0.0776978417266187
0 0.4403846153846154 0.3172661870503597 0.05692307692307692 0.08633093525179857
0 0.7503846153846154 0.2780575539568345 0.05153846153846154 0.08273381294964029
0 0.04384615384615385 0.37158273381294965 0.05076923076923077 0.07482014388489208
0 0.39615384615384613 0.3255395683453237 0.055384615384615386 0.0856115107913669
0 0.5334615384615384 0.3079136690647482 0.055384615384615386 0.08705035971223021
0 0.955 0.25575539568345323 0.036923076923076927 0.07913669064748201
0 0.6657692307692308 0.29784172661870506 0.047692307692307694 0.07050359712230216
0 0.6226923076923077 0.3035971223021583 0.05307692307692308 0.08057553956834532
0 0.5788461538461539 0.3118705035971223 0.04846153846153846 0.07482014388489208
0 0.8446153846153847 0.3345323741007194 0.05846153846153846 0.08273381294964029
0 0.04692307692307692 0.4399280575539568 0.06076923076923077 0.09496402877697842
0 0.016153846153846154 0.44496402877697844 0.03230769230769231 0.07985611510791367
0 0.8873076923076924 0.331294964028777 0.046153846153846156 0.0776978417266187
0 0.2226923076923077 0.418705035971223 0.05076923076923077 0.07985611510791367
0 0.8034615384615384 0.3446043165467626 0.055384615384615386 0.08633093525179857
0 0.17961538461538462 0.42697841726618707 0.05615384615384615 0.07841726618705036
0 0.09384615384615384 0.43848920863309354 0.05307692307692308 0.08129496402877698
0 0.26615384615384613 0.4158273381294964 0.05307692307692308 0.08129496402877698
0 0.4876923076923077 0.38741007194244603 0.055384615384615386 0.08489208633093526
0 0.7180769230769231 0.35719424460431654 0.05384615384615385 0.08201438848920864
0 0.13615384615384615 0.43381294964028777 0.05153846153846154 0.08201438848920864
0 0.3526923076923077 0.4064748201438849 0.055384615384615386 0.08345323741007195
0 0.9288461538461539 0.33093525179856115 0.06076923076923077 0.0856115107913669
0 0.7592307692307693 0.3532374100719424 0.05 0.07841726618705036
0 0.3080769230769231 0.41294964028776976 0.05384615384615385 0.08129496402877698
0 0.5342307692307692 0.38489208633093525 0.054615384615384614 0.07625899280575539
0 0.40076923076923077 0.4050359712230216 0.055384615384615386 0.07913669064748201
0 0.4453846153846154 0.40179856115107915 0.05 0.07625899280575539
0 0.5815384615384616 0.38489208633093525 0.054615384615384614 0.07985611510791367
0 0.6753846153846154 0.3733812949640288 0.06307692307692307 0.08201438848920864
0 0.6319230769230769 0.38201438848920866 0.06 0.0841726618705036
0 0.8680769230769231 0.41079136690647483 0.05615384615384615 0.08201438848920864
0 0.20653846153846153 0.4982014388489209 0.05846153846153846 0.08345323741007195
0 0.25076923076923074 0.49280575539568344 0.05384615384615385 0.08705035971223021
0 0.03807692307692308 0.5219424460431654 0.05 0.08129496402877698
0 0.9111538461538462 0.41007194244604317 0.05692307692307692 0.08345323741007195
0 0.07846153846153846 0.520863309352518 0.05153846153846154 0.07841726618705036
0 0.3426923076923077 0.48633093525179855 0.05615384615384615 0.08129496402877698
0 0.745 0.43345323741007197 0.05307692307692308 0.08057553956834532
0 0.16423076923076924 0.5111510791366907 0.05384615384615385 0.08057553956834532
0 0.9515384615384616 0.4075539568345324 0.054615384615384614 0.0856115107913669
0 0.5219230769230769 0.46474820143884893 0.05307692307692308 0.08201438848920864
0 0.4319230769230769 0.4766187050359712 0.05692307692307692 0.0776978417266187
0 0.47692307692307695 0.47086330935251797 0.05923076923076923 0.0841726618705036
0 0.7865384615384615 0.4305755395683453 0.054615384615384614 0.08057553956834532
0 0.2976923076923077 0.4960431654676259 0.05692307692307692 0.08201438848920864
0 0.8292307692307692 0.4266187050359712 0.04923076923076923 0.07841726618705036
0 0.3880769230769231 0.48597122302158274 0.054615384615384614 0.07985611510791367
0 0.5646153846153846 0.46366906474820146 0.055384615384615386 0.08273381294964029
0 0.12192307692307693 0.5230215827338129 0.05384615384615385 0.07985611510791367
0 0.698076923076923 0.4482014388489209 0.06384615384615384 0.08273381294964029
0 0.6084615384615385 0.4611510791366906 0.05846153846153846 0.08489208633093526
0 0.6534615384615384 0.4579136690647482 0.054615384615384614 0.07913669064748201
0 0.8761538461538462 0.48776978417266187 0.05692307692307692 0.08057553956834532
0 0.21846153846153846 0.5744604316546763 0.05153846153846154 0.07410071942446043
0 0.265 0.570863309352518 0.054615384615384614 0.07841726618705036
0 0.04730769230769231 0.5996402877697842 0.057692307692307696 0.08633093525179857
0 0.17384615384615384 0.5848920863309353 0.05307692307692308 0.08489208633093526
0 0.08961538461538461 0.5964028776978417 0.05384615384615385 0.08273381294964029
0 0.8238461538461539 0.5 0.05076923076923077 0.07625899280575539
0 0.921923076923077 0.48812949640287767 0.05384615384615385 0.0776978417266187
0 0.7342307692307692 0.5151079136690647 0.05923076923076923 0.08489208633093526
0 0.5342307692307692 0.5420863309352518 0.054615384615384614 0.0841726618705036
0 0.48538461538461536 0.5489208633093525 0.054615384615384614 0.08489208633093526
0 0.30923076923076925 0.5723021582733813 0.05 0.07553956834532374
0 0.3515384615384615 0.5669064748201439 0.05384615384615385 0.07841726618705036
0 0.4403846153846154 0.5564748201438849 0.052307692307692305 0.0856115107913669
0 0.39653846153846156 0.5625899280575539 0.05692307692307692 0.07913669064748201
0 0.9646153846153847 0.48848920863309353 0.055384615384615386 0.08201438848920864
0 0.13384615384615384 0.5985611510791367 0.05 0.07913669064748201
0 0.5792307692307692 0.5402877697841727 0.05692307692307692 0.0856115107913669
0 0.6788461538461539 0.5276978417266187 0.05692307692307692 0.07482014388489208
0 0.6323076923076923 0.5341726618705036 0.05846153846153846 0.08489208633093526
0 0.7857692307692308 0.5154676258992805 0.05 0.07482014388489208
0 0.23 0.64568345323741 0.055384615384615386 0.07913669064748201
0 0.2773076923076923 0.6449640287769784 0.06 0.08273381294964029
0 0.7165384615384616 0.5920863309352518 0.05846153846153846 0.07697841726618705
0 0.3211538461538462 0.6442446043165467 0.05153846153846154 0.07985611510791367
0 0.06461538461538462 0.6780575539568345 0.05384615384615385 0.08057553956834532
0 0.8923076923076924 0.5697841726618705 0.06 0.0841726618705036
0 0.9357692307692308 0.5640287769784172 0.05153846153846154 0.07841726618705036
0 0.19038461538461537 0.6618705035971223 0.05153846153846154 0.07985611510791367
0 0.3646153846153846 0.6410071942446043 0.05307692307692308 0.07913669064748201
0 0.5411538461538462 0.6197841726618705 0.055384615384615386 0.08345323741007195
0 0.8430769230769231 0.5802158273381295 0.05384615384615385 0.08201438848920864
0 0.1076923076923077 0.6776978417266187 0.04846153846153846 0.07194244604316546
0 0.40692307692307694 0.6384892086330936 0.05 0.07338129496402877
0 0.4969230769230769 0.6276978417266187 0.05384615384615385 0.07913669064748201
0 0.1476923076923077 0.6741007194244605 0.054615384615384614 0.08201438848920864
0 0.45076923076923076 0.6341726618705036 0.054615384615384614 0.07338129496402877
0 0.7538461538461538 0.5964028776978417 0.054615384615384614 0.08345323741007195
0 0.975 0.5672661870503597 0.05 0.08129496402877698
0 0.6288461538461538 0.6143884892086331 0.05692307692307692 0.08129496402877698
0 0.8011538461538461 0.591726618705036 0.055384615384615386 0.08273381294964029
0 0.6738461538461539 0.6107913669064748 0.05615384615384615 0.08345323741007195
0 0.5865384615384616 0.6226618705035971 0.04846153846153846 0.07122302158273382
0 0.806923076923077 0.030215827338129497 0.05692307692307692 0.060431654676258995
0 0.3769230769230769 0.7017985611510792 0.052307692307692305 0.05539568345323741
0 0.42538461538461536 0.7010791366906475 0.04923076923076923 0.06258992805755395
0 0.8942307692307693 0.641726618705036 0.05153846153846154 0.0618705035971223
0 0.2469230769230769 0.7269784172661871 0.06 0.0856115107913669
0 0.29307692307692307 0.7215827338129497 0.052307692307692305 0.07985611510791367
0 0.9373076923076923 0.639568345323741 0.06 0.08129496402877698
0 0.33653846153846156 0.7194244604316546 0.054615384615384614 0.08273381294964029
0 0.46884615384615386 0.7046762589928057 0.046153846153846156 0.07553956834532374
0 0.07538461538461538 0.7564748201438849 0.05153846153846154 0.08057553956834532
0 0.8526923076923076 0.6546762589928058 0.05846153846153846 0.07553956834532374
0 0.11807692307692308 0.7514388489208633 0.054615384615384614 0.08129496402877698
0 0.20423076923076924 0.7406474820143885 0.047692307692307694 0.07985611510791367
0 0.5103846153846154 0.7010791366906475 0.05076923076923077 0.0776978417266187
0 0.5526923076923077 0.6964028776978417 0.05076923076923077 0.07625899280575539
0 0.72 0.6744604316546763 0.06 0.08057553956834532
0 0.9815384615384616 0.6406474820143885 0.036923076923076927 0.07122302158273382
0 0.16307692307692306 0.7496402877697842 0.05307692307692308 0.07697841726618705
0 0.5930769230769231 0.6942446043165468 0.046153846153846156 0.07050359712230216
0 0.6353846153846154 0.6892086330935252 0.05307692307692308 0.07697841726618705
0 0.676923076923077 0.6841726618705036 0.05 0.07625899280575539
0 0.7661538461538462 0.6726618705035972 0.06 0.08057553956834532
0 0.8107692307692308 0.6676258992805756 0.05384615384615385 0.07841726618705036
0 0.6730769230769231 0.04460431654676259 0.05692307692307692 0.08273381294964029