0 0.6372222222222222 0.5979869745411486 0.18777777777777777 0.027235050325636473
0 0.14833333333333334 0.5799289520426287 0.1711111111111111 0.044997039668442866
0 0.8944444444444445 0.61101243339254 0.09111111111111111 0.02545885139135583
0 0.35888888888888887 0.5929544108940201 0.12666666666666668 0.03256364712847839
0 0.48388888888888887 0.6003552397868561 0.12333333333333334 0.03197158081705151
0 0.7977777777777778 0.613084665482534 0.09555555555555556 0.027235050325636473
0 0.52 0.06127886323268206 0.29555555555555557 0.04322084073416223
0 0.6327777777777778 0.6181172291296625 0.18222222222222223 0.02960331557134399
0 0.9877777777777778 0.08052101835405566 0.024444444444444446 0.02605091770278271
0 0.42444444444444446 0.6201894612196566 0.25333333333333335 0.037300177619893425
0 0.135 0.6166370633510954 0.17 0.04381290704558911
0 0.6311111111111111 0.6403197158081705 0.17888888888888888 0.028419182948490232
0 0.41444444444444445 0.64801657785672 0.2577777777777778 0.035523978685612786
0 0.6266666666666667 0.6601539372409709 0.1811111111111111 0.02960331557134399
0 0.7111111111111111 0.07371225577264653 0.09666666666666666 0.03197158081705151
0 0.1288888888888889 0.6506808762581409 0.16666666666666666 0.03966844286560095
0 0.6161111111111112 0.6779159265837774 0.1688888888888889 0.02545885139135583
0 0.4033333333333333 0.6749555950266429 0.26 0.035523978685612786
0 0.11833333333333333 0.6779159265837774 0.23666666666666666 0.037892243931320305
0 0.8144444444444444 0.08111308466548253 0.1111111111111111 0.03137951450562463
0 0.4 0.7015985790408525 0.2577777777777778 0.037892243931320305
0 0.12166666666666667 0.7075192421551214 0.24333333333333335 0.04144464179988159
0 0.3933333333333333 0.7306098283007697 0.24666666666666667 0.03374777975133215
0 0.115 0.7400828892835998 0.23 0.04262877442273535
0 0.11222222222222222 0.7738306690349319 0.22444444444444445 0.04144464179988159
0 0.10888888888888888 0.80550621669627 0.21777777777777776 0.04085257548845471
0 0.9161111111111111 0.09739490822972173 0.10555555555555556 0.027235050325636473
0 0.9838888888888889 0.1053878034339846 0.03222222222222222 0.02486678507992895
0 0.21166666666666667 0.08022498519834222 0.18777777777777777 0.0526939017169923
0 0.7061111111111111 0.0994671403197158 0.09444444444444444 0.03078744819419775
0 0.5138888888888888 0.09295441089402014 0.29888888888888887 0.047365304914150384
0 0.8066666666666666 0.10894020130254589 0.11333333333333333 0.03493191237418591
0 0.9127777777777778 0.12433392539964476 0.10222222222222223 0.027235050325636473
0 0.9827777777777778 0.13025458851391356 0.034444444444444444 0.02605091770278271
0 0.7516666666666667 0.1320307874481942 0.2011111111111111 0.04085257548845471
0 0.51 0.12551805802249852 0.29 0.044997039668442866
0 0.94 0.02930728241563055 0.12 0.03019538188277087
0 0.9105555555555556 0.14860864416814684 0.09666666666666666 0.028419182948490232
0 0.9838888888888889 0.15334517465956188 0.03222222222222222 0.02605091770278271
0 0.20277777777777778 0.1269982238010657 0.19 0.0526939017169923
0 0.7433333333333333 0.15600947306098284 0.2011111111111111 0.04262877442273535
0 0.505 0.15630550621669628 0.2811111111111111 0.044997039668442866
0 0.9188888888888889 0.17554766133806987 0.1622222222222222 0.03256364712847839
0 0.7238888888888889 0.023978685612788632 0.09666666666666666 0.02960331557134399
0 0.7355555555555555 0.18146832445233865 0.19555555555555557 0.04322084073416223
0 0.195 0.1699230313795145 0.18888888888888888 0.05150976909413854
0 0.9172222222222223 0.20100651272942568 0.16555555555555557 0.03137951450562463
0 0.435 0.1847246891651865 0.13666666666666666 0.04026050917702783
0 0.5727777777777778 0.19538188277087035 0.13666666666666666 0.036116044997039666
0 0.735 0.20811130846654827 0.2 0.04203670811130847
0 0.9161111111111111 0.22676139727649497 0.16777777777777778 0.03315571343990527
0 0.8266666666666667 0.03285968028419183 0.11222222222222222 0.03197158081705151
0 0.4272222222222222 0.2143280047365305 0.1388888888888889 0.03966844286560095
0 0.20722222222222222 0.018650088809946713 0.29444444444444445 0.037300177619893425
0 0.18444444444444444 0.209295441089402 0.18555555555555556 0.04854943753700414
0 0.5644444444444444 0.2246891651865009 0.13666666666666666 0.036708111308466546
0 0.7272222222222222 0.23179396092362345 0.2 0.04026050917702783
0 0.9122222222222223 0.2525162818235642 0.17555555555555555 0.03256364712847839
0 0.6633333333333333 0.25133214920071045 0.08666666666666667 0.028419182948490232
0 0.415 0.24511545293072823 0.13555555555555557 0.03493191237418591
0 0.7594444444444445 0.2613972764949674 0.10555555555555556 0.03256364712847839
0 0.5544444444444444 0.25754884547069273 0.13444444444444445 0.036708111308466546
0 0.9138888888888889 0.275902901124926 0.17222222222222222 0.03315571343990527
0 0.17666666666666667 0.25133214920071045 0.1811111111111111 0.047957371225577264
0 0.6544444444444445 0.27412670219064533 0.09222222222222222 0.03019538188277087
0 0.755 0.283303730017762 0.10777777777777778 0.02901124925991711
0 0.405 0.275902901124926 0.13444444444444445 0.03433984606275903
0 0.9577777777777777 0.29928952042628776 0.08444444444444445 0.02545885139135583
0 0.8627777777777778 0.298105387803434 0.10222222222222223 0.02901124925991711
0 0.5427777777777778 0.28744819419775014 0.13111111111111112 0.035523978685612786
0 0.6488888888888888 0.2989934872705743 0.09111111111111111 0.02901124925991711
0 0.5255555555555556 0.02989934872705743 0.28888888888888886 0.04144464179988159
0 0.7483333333333333 0.30757844878626406 0.10666666666666667 0.028419182948490232
0 0.9588888888888889 0.32326820603907636 0.08222222222222222 0.02605091770278271
0 0.8533333333333334 0.32208407341622264 0.10666666666666667 0.028419182948490232
0 0.395 0.30609828300769687 0.13444444444444445 0.03374777975133215
0 0.6427777777777778 0.32238010657193605 0.09333333333333334 0.02901124925991711
0 0.5338888888888889 0.3185316755476613 0.1288888888888889 0.037892243931320305
0 0.14444444444444443 0.30728241563055064 0.24444444444444444 0.05210183540556542
0 0.7472222222222222 0.3315571343990527 0.10333333333333333 0.02664298401420959
0 0.9588888888888889 0.3469508584961516 0.08222222222222222 0.02605091770278271
0 0.8605555555555555 0.34458259325044405 0.10111111111111111 0.027827116637063352
0 0.9277777777777778 0.04854943753700414 0.10333333333333333 0.028419182948490232
0 0.6394444444444445 0.3487270574304322 0.09 0.028419182948490232
0 0.7366666666666667 0.3537596210775607 0.10111111111111111 0.027235050325636473
0 0.465 0.34369449378330375 0.27111111111111114 0.047365304914150384
0 0.9583333333333334 0.369449378330373 0.08333333333333333 0.02486678507992895
0 0.8622222222222222 0.3679692125518058 0.10111111111111111 0.02486678507992895
0 0.15 0.347246891651865 0.2633333333333333 0.05150976909413854
0 0.6894444444444444 0.3756660746003552 0.20666666666666667 0.03137951450562463
0 0.9905555555555555 0.055654233274126705 0.01888888888888889 0.027235050325636473
0 0.45166666666666666 0.37329780935464774 0.27111111111111114 0.045589105979869746
0 0.9561111111111111 0.39372409709887507 0.08777777777777777 0.02486678507992895
0 0.8566666666666667 0.3913558318531676 0.1 0.02605091770278271
0 0.6794444444444444 0.399052693901717 0.2 0.03137951450562463
0 0.14166666666666666 0.3857312018946122 0.2588888888888889 0.05091770278271166
0 0.8755555555555555 0.4144464179988159 0.20555555555555555 0.02901124925991711
0 0.72 0.047957371225577264 0.10555555555555556 0.03078744819419775
0 0.4488888888888889 0.40142095914742454 0.26666666666666666 0.04322084073416223
0 0.6755555555555556 0.42095914742451157 0.1922222222222222 0.027827116637063352
0 0.8794444444444445 0.43842510361160447 0.19666666666666666 0.02901124925991711
0 0.44666666666666666 0.42835997631734757 0.26555555555555554 0.03966844286560095
0 0.13555555555555557 0.4227353463587922 0.25666666666666665 0.045589105979869746
0 0.6711111111111111 0.443457667258733 0.19111111111111112 0.02901124925991711
0 0.8205555555555556 0.05535820011841326 0.10777777777777778 0.027235050325636473
0 0.8683333333333333 0.45944345766725875 0.20666666666666667 0.02901124925991711
0 0.44166666666666665 0.4570751924215512 0.26666666666666666 0.04026050917702783
0 0.6683333333333333 0.46684428656009475 0.19333333333333333 0.03078744819419775
0 0.8594444444444445 0.4822380106571936 0.20555555555555555 0.028419182948490232
0 0.13166666666666665 0.46003552397868563 0.2588888888888889 0.045589105979869746
0 0.605 0.48875074008288927 0.08222222222222222 0.02605091770278271
0 0.6983333333333334 0.4946714031971581 0.10222222222222223 0.02960331557134399
0 0.3761111111111111 0.48401420959147423 0.12666666666666668 0.03433984606275903
0 0.5038888888888889 0.4896388395500296 0.12333333333333334 0.03433984606275903
0 0.8588888888888889 0.5035523978685613 0.2 0.028419182948490232
0 0.6011111111111112 0.5118413262285376 0.08444444444444445 0.02427471876850207
0 0.6966666666666667 0.5165778567199526 0.10111111111111111 0.02901124925991711
0 0.8083333333333333 0.5239786856127886 0.09555555555555556 0.020130254588513915
0 0.9116666666666666 0.5287152161042037 0.09111111111111111 0.020722320899940794
0 0.20277777777777778 0.03996447602131439 0.29333333333333333 0.06808762581409118
0 0.3688888888888889 0.5127294256956779 0.12444444444444444 0.036116044997039666
0 0.5016666666666667 0.5177619893428064 0.12777777777777777 0.03019538188277087
0 0.14888888888888888 0.5062166962699822 0.17333333333333334 0.046773238602723505
0 0.5961111111111111 0.5331557134399053 0.08666666666666667 0.02545885139135583
0 0.6877777777777778 0.5367081113084665 0.09555555555555556 0.028419182948490232
0 0.9061111111111111 0.5485494375370041 0.09222222222222222 0.02545885139135583
0 0.8061111111111111 0.5476613380698638 0.09 0.02427471876850207
0 0.49166666666666664 0.544404973357016 0.12555555555555556 0.03256364712847839
0 0.365 0.5399644760213144 0.12555555555555556 0.03315571343990527
0 0.6861111111111111 0.5586145648312612 0.09666666666666666 0.02545885139135583
0 0.5938888888888889 0.5553582001184133 0.08666666666666667 0.02427471876850207
0 0.9016666666666666 0.5701598579040853 0.09111111111111111 0.023682652457075192
0 0.15444444444444444 0.5426287744227354 0.1711111111111111 0.046773238602723505
0 0.8005555555555556 0.5695677915926584 0.09444444444444444 0.02605091770278271
0 0.36444444444444446 0.5663114268798105 0.12666666666666668 0.03197158081705151
0 0.4872222222222222 0.5716400236826524 0.12 0.03197158081705151
0 0.6833333333333333 0.5790408525754884 0.09666666666666666 0.02486678507992895
0 0.5894444444444444 0.5766725873297809 0.09222222222222222 0.023682652457075192
0 0.8988888888888888 0.5899940793368857 0.08888888888888889 0.023090586145648313
0 0.9244444444444444 0.07312018946121966 0.10555555555555556 0.02664298401420959
0 0.7994444444444444 0.5920663114268798 0.09111111111111111 0.02664298401420959