0 0.3819230769230769 0.10046948356807511 0.07846153846153846 0.046009389671361506
0 0.8015384615384615 0.08591549295774648 0.07923076923076923 0.051643192488262914
0 0.2353846153846154 0.11220657276995305 0.06615384615384616 0.046948356807511735
0 0.16538461538461538 0.1215962441314554 0.07076923076923076 0.04507042253521127
0 0.8811538461538462 0.09201877934272301 0.0823076923076923 0.05539906103286385
0 0.9607692307692308 0.09061032863849765 0.05692307692307692 0.05352112676056338
0 0.7073076923076923 0.10516431924882629 0.07923076923076923 0.048826291079812206
0 0.6257692307692307 0.10985915492957747 0.07692307692307693 0.046948356807511735
0 0.05576923076923077 0.13568075117370892 0.11153846153846154 0.059154929577464786
0 0.51 0.11971830985915492 0.1476923076923077 0.046948356807511735
0 0.3515384615384615 0.14131455399061033 0.15307692307692308 0.06103286384976526
0 0.8026923076923077 0.13192488262910798 0.08076923076923077 0.051643192488262914
0 0.195 0.16291079812206571 0.15307692307692308 0.05727699530516432
0 0.8807692307692307 0.13708920187793427 0.07923076923076923 0.048826291079812206
0 0.955 0.13943661971830987 0.07076923076923076 0.04788732394366197
0 0.475 0.160093896713615 0.07538461538461538 0.04131455399061033
0 0.686923076923077 0.1516431924882629 0.15307692307692308 0.05352112676056338
0 0.5503846153846154 0.1596244131455399 0.07846153846153846 0.046948356807511735
0 0.01730769230769231 0.18215962441314554 0.03461538461538462 0.048826291079812206
0 0.0726923076923077 0.18685446009389672 0.07769230769230769 0.056338028169014086
0 0.305 0.18309859154929578 0.07615384615384616 0.05352112676056338
0 0.475 0.018779342723004695 0.07769230769230769 0.03755868544600939
0 0.8311538461538461 0.01267605633802817 0.15923076923076923 0.02535211267605634
0 0.35384615384615387 0.024413145539906103 0.14923076923076922 0.04225352112676056
0 0.38461538461538464 0.18826291079812207 0.07769230769230769 0.05352112676056338
0 0.20653846153846153 0.03192488262910798 0.14461538461538462 0.044131455399061034
0 0.15423076923076923 0.2051643192488263 0.07692307692307693 0.05070422535211268
0 0.85 0.1812206572769953 0.16153846153846155 0.06384976525821597
0 0.9488461538461539 0.0107981220657277 0.07461538461538461 0.0215962441314554
0 0.2323076923076923 0.20938967136150236 0.07 0.04507042253521127
0 0.5065384615384615 0.2028169014084507 0.16076923076923078 0.05258215962441314
0 0.9623076923076923 0.18497652582159624 0.05923076923076923 0.04788732394366197
0 0.7265384615384616 0.19530516431924883 0.08384615384615385 0.051643192488262914
0 0.6426923076923077 0.20187793427230047 0.08153846153846153 0.04976525821596244
0 0.016153846153846154 0.23427230046948358 0.03230769230769231 0.04788732394366197
0 0.06884615384615385 0.23286384976525823 0.07076923076923076 0.05258215962441314
0 0.5526923076923077 0.0215962441314554 0.07769230769230769 0.0431924882629108
0 0.3384615384615385 0.23098591549295774 0.16 0.0676056338028169
0 0.1803846153846154 0.2516431924882629 0.13307692307692306 0.05070422535211268
0 0.5026923076923077 0.24366197183098592 0.15846153846153846 0.05539906103286385
0 0.8515384615384616 0.2291079812206573 0.16307692307692306 0.061971830985915494
0 0.9626923076923077 0.231924882629108 0.06153846153846154 0.05070422535211268
0 0.6784615384615384 0.24647887323943662 0.15923076923076923 0.05258215962441314
0 0.051923076923076926 0.2793427230046948 0.10384615384615385 0.05539906103286385
0 0.33807692307692305 0.27699530516431925 0.16230769230769232 0.06948356807511737
0 0.6703846153846154 0.023004694835680753 0.15615384615384614 0.046009389671361506
0 0.18384615384615385 0.2943661971830986 0.14615384615384616 0.05821596244131456
0 0.4676923076923077 0.2896713615023474 0.07461538461538461 0.046948356807511735
0 0.8573076923076923 0.2765258215962441 0.15692307692307692 0.06009389671361502
0 0.9642307692307692 0.2765258215962441 0.06076923076923077 0.046948356807511735
0 0.5430769230769231 0.2981220657276995 0.07538461538461538 0.046948356807511735
0 0.05038461538461538 0.31971830985915495 0.10076923076923076 0.05352112676056338
0 0.6738461538461539 0.29389671361502345 0.1646153846153846 0.056338028169014086
0 0.3057692307692308 0.32629107981220656 0.07615384615384616 0.054460093896713614
0 0.13807692307692307 0.33661971830985915 0.07153846153846154 0.05070422535211268
0 0.38384615384615384 0.32816901408450705 0.07923076923076923 0.05352112676056338
0 0.21615384615384614 0.339906103286385 0.06923076923076923 0.04037558685446009
0 0.46807692307692306 0.33380281690140845 0.07692307692307693 0.046948356807511735
0 0.7961538461538461 0.32065727699530516 0.08538461538461538 0.054460093896713614
0 0.8919230769230769 0.32347417840375586 0.07923076923076923 0.051643192488262914
0 0.01423076923076923 0.3624413145539906 0.02846153846153846 0.0431924882629108
0 0.97 0.3215962441314554 0.05153846153846154 0.048826291079812206
0 0.5430769230769231 0.3431924882629108 0.07538461538461538 0.046009389671361506
0 0.7115384615384616 0.3380281690140845 0.07615384615384616 0.04976525821596244
0 0.06307692307692307 0.36666666666666664 0.07 0.046009389671361506
0 0.6257692307692307 0.3436619718309859 0.0823076923076923 0.048826291079812206
0 0.08346153846153846 0.05352112676056338 0.07769230769230769 0.05352112676056338
0 0.30038461538461536 0.3723004694835681 0.07769230769230769 0.05258215962441314
0 0.1426923076923077 0.3816901408450704 0.07923076923076923 0.05070422535211268
0 0.22038461538461537 0.3816901408450704 0.07384615384615385 0.04507042253521127
0 0.38346153846153846 0.3769953051643192 0.07923076923076923 0.051643192488262914
0 0.7957692307692308 0.3676056338028169 0.08615384615384615 0.05539906103286385
0 0.3007692307692308 0.046948356807511735 0.07692307692307693 0.04788732394366197
0 0.8946153846153846 0.3685446009389671 0.07923076923076923 0.04976525821596244
0 0.9715384615384616 0.36619718309859156 0.05153846153846154 0.051643192488262914
0 0.015769230769230768 0.4084507042253521 0.031538461538461536 0.046948356807511735
0 0.505 0.38779342723004695 0.16076923076923078 0.04976525821596244
0 0.07384615384615385 0.4098591549295775 0.06230769230769231 0.044131455399061034
0 0.7111538461538461 0.3863849765258216 0.07769230769230769 0.054460093896713614
0 0.6273076923076923 0.3910798122065728 0.07923076923076923 0.048826291079812206
0 0.34615384615384615 0.4211267605633803 0.15692307692307692 0.059154929577464786
0 0.185 0.428169014084507 0.1646153846153846 0.05821596244131456
0 0.8430769230769231 0.41455399061032866 0.15538461538461537 0.05821596244131456
0 0.05346153846153846 0.4497652582159624 0.10692307692307693 0.05070422535211268
0 0.9603846153846154 0.4140845070422535 0.07615384615384616 0.05070422535211268
0 0.5065384615384615 0.43380281690140843 0.16230769230769232 0.054460093896713614
0 0.6761538461538461 0.43802816901408453 0.16307692307692306 0.056338028169014086
0 0.3453846153846154 0.46619718309859154 0.15923076923076923 0.06009389671361502
0 0.1853846153846154 0.4737089201877934 0.15692307692307692 0.05352112676056338
0 0.05423076923076923 0.4892018779342723 0.10846153846153846 0.05258215962441314
0 0.8376923076923077 0.4610328638497653 0.16 0.05727699530516432
0 0.47807692307692307 0.4802816901408451 0.07384615384615385 0.046948356807511735
0 0.96 0.46056338028169014 0.07923076923076923 0.04976525821596244
0 0.551923076923077 0.4807511737089202 0.07692307692307693 0.046948356807511735
0 0.6757692307692308 0.48262910798122066 0.16307692307692306 0.05539906103286385
0 0.1473076923076923 0.5145539906103287 0.07769230769230769 0.04788732394366197
0 0.22346153846153846 0.5145539906103287 0.07615384615384616 0.046948356807511735
0 0.2988461538461539 0.5117370892018779 0.07615384615384616 0.048826291079812206
0 0.38653846153846155 0.5136150234741784 0.07615384615384616 0.04976525821596244
0 0.018846153846153846 0.5314553990610329 0.036153846153846154 0.046009389671361506
0 0.07615384615384616 0.532394366197183 0.06692307692307692 0.046948356807511735
0 0.7973076923076923 0.5051643192488263 0.08 0.048826291079812206
0 0.8803846153846154 0.5065727699530517 0.07923076923076923 0.04976525821596244
0 0.4807692307692308 0.5248826291079812 0.07461538461538461 0.046948356807511735
0 0.9661538461538461 0.504225352112676 0.06769230769230769 0.054460093896713614
0 0.5596153846153846 0.5258215962441315 0.07615384615384616 0.04788732394366197
0 0.6430769230769231 0.5286384976525822 0.08153846153846153 0.051643192488262914
0 0.7234615384615385 0.528169014084507 0.08 0.048826291079812206
0 0.3823076923076923 0.059154929577464786 0.07461538461538461 0.05258215962441314
0 0.22076923076923077 0.5568075117370892 0.07461538461538461 0.04788732394366197
0 0.14076923076923076 0.5624413145539906 0.07307692307692308 0.051643192488262914
0 0.30923076923076925 0.5586854460093896 0.07307692307692308 0.04507042253521127
0 0.3892307692307692 0.5563380281690141 0.07461538461538461 0.046948356807511735
0 0.8365384615384616 0.04131455399061033 0.15461538461538463 0.05821596244131456
0 0.06923076923076923 0.5769953051643193 0.07230769230769231 0.04507042253521127
0 0.8057692307692308 0.5502347417840375 0.07384615384615385 0.046948356807511735
0 0.9696153846153847 0.5474178403755868 0.06076923076923077 0.056338028169014086
0 0.8792307692307693 0.5521126760563381 0.07769230769230769 0.046948356807511735
0 0.5019230769230769 0.5690140845070423 0.15 0.048826291079812206
0 0.6384615384615384 0.572300469483568 0.08 0.05070422535211268
0 0.7219230769230769 0.5737089201877934 0.07846153846153846 0.046948356807511735
0 0.23346153846153847 0.07089201877934272 0.06153846153846154 0.04225352112676056
0 0.1676923076923077 0.6093896713615023 0.1453846153846154 0.05352112676056338
0 0.325 0.6070422535211267 0.15384615384615385 0.061971830985915494
0 0.4684615384615385 0.06150234741784037 0.07615384615384616 0.05258215962441314
0 0.046538461538461535 0.6239436619718309 0.0876923076923077 0.05352112676056338
0 0.16615384615384615 0.07511737089201878 0.07384615384615385 0.04507042253521127
0 0.8461538461538461 0.5971830985915493 0.15153846153846154 0.056338028169014086
0 0.5015384615384615 0.612206572769953 0.14615384615384616 0.04788732394366197
0 0.9665384615384616 0.5948356807511737 0.06692307692307692 0.05539906103286385
0 0.9519230769230769 0.042723004694835684 0.07230769230769231 0.05821596244131456
0 0.6634615384615384 0.6197183098591549 0.16076923076923078 0.05821596244131456
0 0.5446153846153846 0.06244131455399061 0.07846153846153846 0.051643192488262914
0 0.17076923076923076 0.6525821596244131 0.14461538461538462 0.054460093896713614
0 0.3296153846153846 0.6507042253521127 0.15076923076923077 0.06103286384976526
0 0.05615384615384615 0.6657276995305165 0.07538461538461538 0.044131455399061034
0 0.5315384615384615 0.6535211267605634 0.07307692307692308 0.04507042253521127
0 0.8473076923076923 0.6413145539906103 0.15076923076923077 0.05539906103286385
0 0.45884615384615385 0.6582159624413145 0.07307692307692308 0.04788732394366197
0 0.9665384615384616 0.6394366197183099 0.06692307692307692 0.05258215962441314
0 0.7061538461538461 0.05821596244131456 0.07846153846153846 0.046948356807511735
0 0.625 0.6638497652582159 0.07692307692307693 0.046948356807511735
0 0.7073076923076923 0.6643192488262911 0.07923076923076923 0.04788732394366197
0 0.13384615384615384 0.6962441314553991 0.07923076923076923 0.048826291079812206
0 0.29115384615384615 0.6901408450704225 0.08307692307692308 0.046009389671361506
0 0.20961538461538462 0.6962441314553991 0.07153846153846154 0.04788732394366197
0 0.04461538461538461 0.7065727699530516 0.07923076923076923 0.054460093896713614
0 0.36923076923076925 0.6967136150234742 0.07615384615384616 0.048826291079812206
0 0.8461538461538461 0.6816901408450704 0.14461538461538462 0.05258215962441314
0 0.5323076923076923 0.6976525821596244 0.07230769230769231 0.046948356807511735
0 0.9646153846153847 0.6788732394366197 0.07076923076923076 0.05070422535211268
0 0.45692307692307693 0.7023474178403756 0.07307692307692308 0.04976525821596244
0 0.7065384615384616 0.7046948356807512 0.07769230769230769 0.04788732394366197
0 0.6280769230769231 0.06619718309859154 0.07538461538461538 0.04507042253521127
0 0.6253846153846154 0.7089201877934272 0.07615384615384616 0.048826291079812206
0 0.13384615384615384 0.7417840375586855 0.07846153846153846 0.046948356807511735
0 0.21076923076923076 0.7403755868544601 0.07384615384615385 0.048826291079812206
0 0.04038461538461539 0.7488262910798122 0.06846153846153846 0.046948356807511735
0 0.2876923076923077 0.7417840375586855 0.07923076923076923 0.048826291079812206
0 0.3707692307692308 0.7436619718309859 0.07692307692307693 0.046948356807511735
0 0.8757692307692307 0.7230046948356808 0.07230769230769231 0.044131455399061034
0 0.79 0.7281690140845071 0.07692307692307693 0.046009389671361506
0 0.9565384615384616 0.7215962441314554 0.08692307692307692 0.051643192488262914
0 0.49923076923076926 0.7469483568075117 0.16076923076923078 0.05352112676056338
0 0.6692307692307692 0.7507042253521127 0.1476923076923077 0.048826291079812206
0 0.05846153846153846 0.09530516431924882 0.11692307692307692 0.06291079812206572
0 0.17192307692307693 0.7812206572769953 0.14692307692307693 0.048826291079812206
0 0.04807692307692308 0.792018779342723 0.06538461538461539 0.04131455399061033
0 0.3261538461538461 0.7887323943661971 0.15 0.05070422535211268
0 0.7857692307692308 0.7723004694835681 0.07846153846153846 0.05258215962441314
0 0.9615384615384616 0.7652582159624414 0.07692307692307693 0.05258215962441314
0 0.8765384615384615 0.7699530516431925 0.07230769230769231 0.044131455399061034
0 0.5015384615384615 0.795774647887324 0.16076923076923078 0.05539906103286385
0 0.6684615384615384 0.7924882629107981 0.1453846153846154 0.05070422535211268
0 0.16653846153846155 0.8215962441314554 0.15461538461538463 0.05539906103286385
0 0.04346153846153846 0.8314553990610328 0.06153846153846154 0.04507042253521127
0 0.8265384615384616 0.812206572769953 0.14923076923076922 0.044131455399061034
0 0.31961538461538463 0.8342723004694835 0.14692307692307693 0.05539906103286385
0 0.9611538461538461 0.8075117370892019 0.07153846153846154 0.046009389671361506
0 0.30153846153846153 0.09248826291079812 0.07769230769230769 0.05258215962441314
0 0.44153846153846155 0.8413145539906103 0.07461538461538461 0.05352112676056338
0 0.7103846153846154 0.8328638497652582 0.07384615384615385 0.04507042253521127
0 0.5403846153846154 0.8403755868544601 0.07769230769230769 0.04507042253521127
0 0.6357692307692308 0.8394366197183099 0.07384615384615385 0.044131455399061034
0 0.13 0.8676056338028169 0.07769230769230769 0.046948356807511735
0 0.20576923076923076 0.8647887323943662 0.07307692307692308 0.0431924882629108
0 0.03807692307692308 0.8737089201877934 0.05692307692307692 0.044131455399061034
0 0.8361538461538461 0.8507042253521127 0.13846153846153847 0.046948356807511735
0 0.9596153846153846 0.8474178403755869 0.07307692307692308 0.046009389671361506
0 0.28423076923076923 0.8769953051643192 0.07384615384615385 0.04131455399061033
0 0.3576923076923077 0.8821596244131455 0.07153846153846154 0.046009389671361506
0 0.7134615384615385 0.8746478873239436 0.07307692307692308 0.044131455399061034
0 0.6411538461538462 0.8788732394366198 0.07 0.038497652582159626
0 0.541923076923077 0.8849765258215962 0.07615384615384616 0.046948356807511735
0 0.43846153846153846 0.8901408450704226 0.07384615384615385 0.05352112676056338
0 0.125 0.9098591549295775 0.07692307692307693 0.046009389671361506
0 0.03807692307692308 0.9154929577464789 0.054615384615384614 0.04225352112676056
0 0.2023076923076923 0.9098591549295775 0.07538461538461538 0.04037558685446009
0 0.9653846153846154 0.8798122065727699 0.06923076923076923 0.03568075117370892
0 0.7976923076923077 0.8887323943661972 0.07384615384615385 0.03192488262910798
0 0.28384615384615386 0.9117370892018779 0.07076923076923076 0.028169014084507043
0 0.8780769230769231 0.888262910798122 0.0823076923076923 0.027230046948356807
0 0.355 0.9131455399061033 0.06923076923076923 0.020657276995305163