0 0.6230076923076923 0.15812108559498955 0.14487692307692301 0.10682672233820459
0 0.7590384615384616 0.16342379958246347 0.040192307692307694 0.09623173277661795
0 0.7153076923076923 0.16426931106471818 0.04396153846153853 0.09876826722338206
0 0.8021846153846153 0.16850730688935284 0.04401538461538455 0.0936847599164927
0 0.02026153846153846 0.17359081419624217 0.03965384615384615 0.09538622129436325
0 0.4774076923076923 0.1738100208768267 0.1429615384615384 0.10598121085594989
0 0.8452846153846153 0.17698329853862213 0.04524615384615397 0.09792275574112735
0 0.8893230769230769 0.17889352818371607 0.04273076923076937 0.1000417536534447
0 0.9736538461538462 0.17973903966597077 0.04581538461538457 0.09664926931106474
0 0.1444153846153846 0.18164926931106473 0.042415384615384605 0.09199373695198329
0 0.3835307692307692 0.1818580375782881 0.04518461538461535 0.0949582463465553
0 0.18767692307692307 0.18228601252609603 0.04458461538461537 0.09411273486430059
0 0.22846153846153847 0.18461377870563675 0.040561538461538475 0.09283924843423799
0 0.9303923076923077 0.18483298538622128 0.04114615384615368 0.09835073068893531
0 0.06196153846153846 0.18483298538622128 0.04744615384615385 0.09411273486430059
0 0.10428461538461538 0.18652400835073069 0.043369230769230764 0.09241127348643004
0 0.33918461538461536 0.18779749478079333 0.04145384615384615 0.09326722338204589
0 0.2834307692307692 0.2134446764091858 0.0699 0.054686847599164916
0 0.2954538461538461 0.023736951983298536 0.14205384615384611 0.04747390396659707
0 0.5733538461538462 0.24989561586638834 0.04370769230769226 0.09538622129436328
0 0.6277 0.25307933194154486 0.04618461538461536 0.09580375782881
0 0.7228 0.2605010438413361 0.14577692307692308 0.09538622129436325
0 0.5258307692307692 0.2628288100208768 0.04112307692307695 0.0949582463465553
0 0.47336153846153844 0.2679123173277662 0.04614615384615385 0.09835073068893531
0 0.8174923076923077 0.2698225469728601 0.04339230769230758 0.09538622129436325
0 0.8626230769230769 0.2742797494780793 0.04306153846153848 0.09326722338204595
0 0.9870846153846154 0.27554279749478083 0.02582307692307705 0.09411273486430059
0 0.1555 0.2768162839248434 0.04396923076923079 0.09495824634655535
0 0.029476923076923078 0.2770354906054279 0.047461538461538465 0.09453027139874737
0 0.0743 0.27808977035490606 0.04087692307692307 0.08987473903966599
0 0.19563846153846154 0.27979123173277665 0.04176923076923078 0.09835073068893531
0 0.37043846153846155 0.28 0.14270000000000005 0.10216075156576201
0 0.949923076923077 0.28105427974947805 0.042084615384615415 0.09835073068893531
0 0.9074461538461539 0.2812734864300626 0.040853846153846254 0.09113778705636746
0 0.1145846153846154 0.28191022964509393 0.03836153846153847 0.09411273486430059
0 0.23655384615384614 0.28360125260960334 0.04299999999999998 0.09241127348643004
0 0.2792307692307692 0.28826722338204597 0.041507692307692336 0.09411273486430059
0 0.6325307692307692 0.3501565762004175 0.14956153846153852 0.10174321503131527
0 0.7357692307692307 0.35694154488517743 0.04363846153846155 0.09580375782881
0 0.7784 0.36266179540709814 0.04580769230769227 0.09538622129436325
0 0.47366153846153847 0.36520876826722337 0.1423384615384615 0.10131524008350724
0 0.8215538461538462 0.366482254697286 0.04151538461538446 0.0936847599164927
0 0.8643384615384616 0.36986430062630477 0.043369230769230854 0.09538622129436325
0 0.0376 0.37029227557411276 0.03933076923076924 0.08944676409185809
0 0.1672153846153846 0.37241127348643005 0.0424 0.09199373695198329
0 0.07663846153846153 0.3726200417536535 0.03931538461538463 0.09326722338204595
0 0.12020769230769232 0.37474947807933195 0.03836153846153847 0.09241127348643004
0 0.9869230769230769 0.3742171189979123 0.026153846153846153 0.09498956158663883
0 0.37652307692307696 0.37644050104384136 0.043030769230769275 0.08901878914405008
0 0.9085384615384615 0.3779227557411274 0.04429230769230764 0.09538622129436325
0 0.33560769230769233 0.3779227557411274 0.041800000000000025 0.09199373695198329
0 0.20984615384615385 0.37835073068893527 0.04394615384615384 0.09029227557411273
0 0.952576923076923 0.3785594989561587 0.043646153846153675 0.09495824634655535
0 0.2506076923076923 0.3796242171189979 0.04361538461538465 0.09538622129436325
0 0.29094615384615385 0.38279749478079333 0.044938461538461504 0.09664926931106475
0 0.5825769230769231 0.44108559498956157 0.04339230769230776 0.09453027139874745
0 0.6323923076923077 0.4442693110647182 0.04431538461538454 0.09326722338204595
0 0.5378615384615385 0.4510542797494781 0.046438461538461456 0.09580375782881
0 0.7299846153846155 0.4571920668058455 0.1426538461538461 0.10386221294363257
0 0.4802384615384615 0.45782881002087683 0.04177692307692304 0.09664926931106475
0 0.012392307692307692 0.4616492693110647 0.024784615384615384 0.09495824634655535
0 0.8235769230769231 0.4620668058455115 0.04681538461538471 0.09411273486430059
0 0.1673769230769231 0.4665240083507307 0.041469230769230786 0.0936847599164927
0 0.0871076923076923 0.4667327766179541 0.041507692307692315 0.09411273486430059
0 0.8696461538461538 0.4667327766179541 0.04586153846153838 0.09495824634655535
0 0.045092307692307695 0.4667327766179541 0.04495384615384616 0.09326722338204595
0 0.2089153846153846 0.4694885177453027 0.042699999999999995 0.09283924843423805
0 0.9135307692307691 0.4709707724425887 0.04490769230769239 0.09495824634655535
0 0.1273923076923077 0.47118997912317323 0.04023846153846154 0.0936847599164927
0 0.38853076923076924 0.47118997912317323 0.1451461538461538 0.10301670146137792
0 0.2494 0.47224425887265137 0.04432307692307692 0.09919624217118996
0 0.9591307692307691 0.47520876826722336 0.04738461538461532 0.09750521920668055
0 0.2925 0.47520876826722336 0.04617692307692305 0.09326722338204595
0 0.6409692307692307 0.5413465553235909 0.1501846153846154 0.10598121085594987
0 0.7371769230769231 0.5513048016701461 0.04145384615384623 0.0953862212943632
0 0.5639846153846153 0.05616910229645094 0.0374615384615385 0.09623173277661795
0 0.4847538461538461 0.5538517745302715 0.1470307692307693 0.10894572025052199
0 0.7823076923076923 0.5561795407098121 0.046123076923076954 0.0966492693110647
0 0.015892307692307688 0.55660751565762 0.031538461538461536 0.09411273486430065
0 0.8273307692307692 0.5589352818371608 0.04681538461538471 0.09707724425887265
0 0.09241538461538462 0.5602087682672233 0.044623076923076925 0.09113778705636738
0 0.17783846153846153 0.5616910229645095 0.046153846153846156 0.09411273486430065
0 0.8746461538461539 0.5625365344467641 0.04960769230769214 0.09411273486430065
0 0.22035384615384615 0.5638100208768267 0.045584615384615376 0.09411273486430065
0 0.05118461538461539 0.5638100208768267 0.040269230769230765 0.09495824634655535
0 0.13676153846153846 0.5652922755741127 0.04398461538461539 0.09283924843423805
0 0.38853846153846155 0.5689039665970772 0.04457692307692311 0.09495824634655535
0 0.9241538461538462 0.5695302713987475 0.047399999999999914 0.09707724425887265
0 0.2645461538461539 0.5695302713987475 0.045253846153846186 0.096231732776618
0 0.3452846153846154 0.5695302713987475 0.042407692307692306 0.0936847599164927
0 0.3043692307692308 0.5739874739039665 0.03993076923076921 0.09580375782881
0 0.9708461538461538 0.5765344467640919 0.04831538461538457 0.09919624217118996
0 0.6091153846153846 0.058496868475991656 0.04462307692307692 0.09835073068893528
0 0.5933153846153846 0.6310020876826722 0.04613846153846155 0.09962421711899797
0 0.6434461538461539 0.6373590814196243 0.04330769230769227 0.09792275574112728
0 0.5264769230769231 0.6447807933194155 0.04304615384615387 0.09495824634655535
0 0.6950307692307692 0.6447807933194155 0.048384615384615456 0.09835073068893531
0 0.7437538461538461 0.6488100208768267 0.047738461538461494 0.09707724425887265
0 0.4677615384615385 0.6496555323590815 0.04869230769230766 0.0936847599164927
0 0.09287692307692308 0.65241127348643 0.04617692307692308 0.09241127348643004
0 0.013861538461538462 0.6534759916492693 0.026846153846153846 0.09029227557411273
0 0.7902923076923077 0.6549582463465554 0.044600000000000015 0.09495824634655535
0 0.8366692307692308 0.6555949895615866 0.04613846153846155 0.0936847599164927
0 0.17783076923076924 0.6558037578288101 0.03864615384615385 0.08901878914405008
0 0.21874615384615384 0.6560125260960334 0.04425384615384613 0.08689979123173278
0 0.42383846153846155 0.6564405010438413 0.04269230769230769 0.09113778705636738
0 0.1352 0.657286012526096 0.04584615384615386 0.09199373695198318
0 0.8814923076923077 0.6574947807933194 0.04330769230769245 0.09919624217118996
0 0.04633846153846154 0.65919624217119 0.041823076923076914 0.09156576200417539
0 0.38166923076923076 0.6634342379958247 0.042084615384615366 0.09580375782881
0 0.25830000000000003 0.6647077244258872 0.04400769230769234 0.09156576200417539
0 0.3398230769230769 0.6649164926931107 0.043353846153846166 0.09538622129436337
0 0.7026538461538462 0.06782881002087683 0.14234615384615382 0.09411273486430062
0 0.9288461538461539 0.6693632567849687 0.04491538461538452 0.09241127348643004
0 0.9756923076923077 0.6727557411273486 0.0480230769230768 0.09664926931106463
0 0.2995307692307692 0.67339248434238 0.046492307692307736 0.09792275574112728
0 0.6481461538461538 0.7369832985386221 0.14579999999999999 0.10639874739039673
0 0.5214615384615384 0.07439457202505219 0.04300000000000007 0.09707724425887265
0 0.7945307692307693 0.07461377870563675 0.043076923076923075 0.09411273486430062
0 0.7411 0.7439770354906055 0.04243846153846159 0.09326722338204584
0 0.2189076923076923 0.7473695198329854 0.03893846153846154 0.09241127348643004
0 0.016361538461538466 0.7475782881002088 0.03183846153846154 0.0936847599164927
0 0.4789923076923077 0.7477974947807933 0.14800000000000008 0.11361169102296442
0 0.17783076923076924 0.748643006263048 0.04176923076923075 0.09580375782881
0 0.7856076923076922 0.7496972860125262 0.04647692307692313 0.09538622129436337
0 0.13691538461538463 0.7505532359081419 0.039284615384615376 0.08860125260960346
0 0.05321538461538462 0.7526722338204592 0.0436923076923077 0.09199373695198342
0 0.0949076923076923 0.753517745302714 0.04523846153846154 0.09113778705636738
0 0.8282461538461539 0.7560647181628392 0.04053076923076927 0.09538622129436337
0 0.8749384615384616 0.7569102296450939 0.04394615384615393 0.09707724425887265
0 0.3415384615384615 0.7590292275574112 0.04053846153846157 0.09283924843423805
0 0.38339230769230764 0.7607202505219206 0.04364615384615381 0.096231732776618
0 0.2597076923076923 0.761356993736952 0.043076923076923075 0.09580375782881
0 0.3003076923076923 0.763267223382046 0.041807692307692323 0.08775574112734857
0 0.9266615384615385 0.7668684759916492 0.04304615384615387 0.09750521920668068
0 0.9739769230769232 0.76919624217119 0.04521538461538477 0.09453027139874734
0 0.4805461538461539 0.07842379958246345 0.04239230769230762 0.09072025052192066
0 0.024476923076923077 0.07990605427974948 0.04620769230769231 0.08775574112734863
0 0.8412230769230769 0.08266179540709812 0.04774615384615397 0.09241127348643007
0 0.8871384615384615 0.08288100208768268 0.044600000000000015 0.0936847599164927
0 0.601776923076923 0.8268580375782881 0.04119230769230766 0.09453027139874734
0 0.6515923076923077 0.8330062630480167 0.047730769230769195 0.09580375782881
0 0.5294384615384615 0.8400000000000001 0.04334615384615378 0.09538622129436337
0 0.47131538461538464 0.8484759916492693 0.046438461538461456 0.0936847599164927
0 0.7484307692307692 0.8486847599164926 0.14581538461538457 0.10174321503131527
0 0.15628461538461538 0.8491127348643007 0.039907692307692304 0.09580375782881
0 0.11396153846153846 0.8499582463465554 0.04585384615384616 0.09580375782881
0 0.19720000000000001 0.8518684759916493 0.04363846153846155 0.0936847599164927
0 0.07257692307692307 0.8529227557411274 0.04556153846153845 0.09495824634655535
0 0.03119230769230769 0.8531419624217118 0.04901538461538461 0.10046972860125261
0 0.8465153846153847 0.8544050104384133 0.04395384615384606 0.09792275574112728
0 0.9763076923076923 0.08563674321503133 0.04363076923076908 0.09495824634655532
0 0.37666923076923076 0.8561064718162839 0.14454615384615382 0.09876826722338217
0 0.2826692307692308 0.8563152400835073 0.04776153846153849 0.09750521920668068
0 0.23811538461538462 0.8577974947807933 0.041746153846153836 0.096231732776618
0 0.9786538461538462 0.8594989561586639 0.04269230769230769 0.09283924843423805
0 0.9349384615384616 0.8633089770354906 0.04585384615384625 0.08605427974947813
0 0.8921153846153846 0.8671294363256785 0.04456153846153833 0.0775782881002087
0 0.39058461538461536 0.08775574112734863 0.14112307692307696 0.10343423799582466
0 0.9296153846153846 0.08796450939457204 0.045207692307692296 0.092839248434238
0 0.14941538461538462 0.08860125260960333 0.0399153846153846 0.09072025052192065
0 0.10756153846153847 0.09072025052192066 0.04180769230769232 0.08987473903966595
0 0.06711538461538462 0.09389352818371606 0.03713846153846154 0.08860125260960332
0 0.24813076923076924 0.09623173277661795 0.1398769230769231 0.0983507306889353