0 0.38961538461538464 0.2677453027139875 0.06923076923076923 0.23382045929018788
0 0.19153846153846155 0.2917536534446764 0.3553846153846154 0.27139874739039666
0 0.8369230769230769 0.2160751565762004 0.30615384615384617 0.2588726513569937
0 0.015384615384615385 0.3147181628392484 0.03076923076923077 0.22860125260960334
0 0.553076923076923 0.2510438413361169 0.06923076923076923 0.22755741127348644
0 0.4426923076923077 0.26565762004175364 0.06692307692307692 0.22964509394572025
0 0.661923076923077 0.2395615866388309 0.06538461538461539 0.22964509394572025
0 0.4973076923076923 0.2599164926931106 0.07 0.23173277661795408
0 0.6053846153846154 0.24843423799582465 0.06615384615384616 0.2254697286012526
0 0.8896153846153846 0.42849686847599167 0.06769230769230769 0.22025052192066805
0 0.9438461538461539 0.42379958246346555 0.06538461538461539 0.22025052192066805
0 0.3415384615384615 0.4963465553235908 0.06923076923076923 0.2348643006263048
0 0.8353846153846154 0.4384133611691023 0.06923076923076923 0.22025052192066805
0 0.7784615384615384 0.44676409185803756 0.06384615384615384 0.22233820459290188
0 0.28884615384615386 0.5052192066805845 0.06769230769230769 0.2244258872651357
0 0.12115384615384615 0.5255741127348643 0.06846153846153846 0.2254697286012526
0 0.1753846153846154 0.5193110647181628 0.06615384615384616 0.23173277661795408
0 0.23153846153846153 0.5125260960334029 0.07076923076923076 0.22755741127348644
0 0.7269230769230769 0.45407098121085593 0.06923076923076923 0.22129436325678498
0 0.025 0.5370563674321504 0.05 0.22860125260960334
0 0.5353846153846153 0.47755741127348644 0.3446153846153846 0.2599164926931106
0 0.06538461538461539 0.535490605427975 0.07 0.22860125260960334
0 0.3126923076923077 0.087160751565762 0.06076923076923077 0.13883089770354906
0 0.26 0.09551148225469729 0.06230769230769231 0.1440501043841336
0 0.7026923076923077 0.05793319415448852 0.06384615384615384 0.11586638830897704
0 0.205 0.10334029227557412 0.06307692307692307 0.14613778705636743
0 0.033846153846153845 0.12317327766179541 0.06769230769230769 0.14613778705636743
0 0.8561538461538462 0.6529227557411273 0.2876923076923077 0.24739039665970772
0 0.8669230769230769 0.049582463465553235 0.06307692307692307 0.09916492693110647
0 0.6873076923076923 0.6784968684759917 0.06923076923076923 0.22233820459290188
0 0.41192307692307695 0.7113778705636743 0.06846153846153846 0.21711899791231734
0 0.4673076923076923 0.7066805845511482 0.07076923076923076 0.22129436325678498
0 0.5234615384615384 0.6998956158663883 0.06923076923076923 0.22129436325678498
0 0.6319230769230769 0.6873695198329853 0.06538461538461539 0.21920668058455114
0 0.5769230769230769 0.6946764091858038 0.06769230769230769 0.22233820459290188
0 0.21961538461538463 0.7379958246346555 0.3446153846153846 0.2578288100208768
0 0.03538461538461538 0.7625260960334029 0.054615384615384614 0.22129436325678498
0 0.7584615384615384 0.05636743215031315 0.06461538461538462 0.1127348643006263
0 0.813076923076923 0.05375782881002088 0.06461538461538462 0.10751565762004175
0 0.14961538461538462 0.11169102296450939 0.06692307692307692 0.14926931106471816
0 0.9196153846153846 0.04801670146137787 0.06230769230769231 0.09603340292275574
0 0.09307692307692307 0.11899791231732777 0.07 0.15031315240083507
0 0.5096153846153846 0.08194154488517745 0.34076923076923077 0.1638830897703549
0 0.9638461538461538 0.7995824634655533 0.06076923076923077 0.11169102296450939
0 0.8515384615384616 0.8131524008350731 0.06153846153846154 0.10960334029227557
0 0.9088461538461539 0.8068893528183716 0.06076923076923077 0.10751565762004175
0 0.7961538461538461 0.8209812108559499 0.057692307692307696 0.10855949895615867
0 0.7457692307692307 0.8272442588726514 0.06307692307692307 0.10855949895615867
0 0.5542307692307692 0.8522964509394572 0.32769230769230767 0.13465553235908143
0 0.3646153846153846 0.8768267223382046 0.06 0.10020876826722339
0 0.1346153846153846 0.9044885177453027 0.06076923076923077 0.09812108559498957
0 0.3088461538461538 0.884133611691023 0.05923076923076923 0.09812108559498957
0 0.07884615384615384 0.9117954070981211 0.05923076923076923 0.09394572025052192
0 0.1930769230769231 0.8987473903966597 0.06230769230769231 0.09707724425887265
0 0.2519230769230769 0.8919624217118998 0.06076923076923077 0.09603340292275574