0 0.18865727699530513 0.7921307692307692 0.2699530516431925 0.16924615384615382
0 0.7715680751173709 0.7956 0.287661971830986 0.19699230769230772
0 0.4730798122065728 0.8160615384615385 0.3053896713615024 0.18797692307692299
0 0.19670422535211268 0.9345615384615386 0.2674178403755868 0.13087692307692297
0 0.7741032863849765 0.9364076923076923 0.2791924882629107 0.12623846153846163
0 0.47773708920187796 0.9432307692307693 0.30623474178403753 0.11353846153846146
0 0.4667323943661972 0.1043923076923077 0.29776525821596245 0.1838153846153846
0 0.18357746478873238 0.12797692307692307 0.26656338028169013 0.17826153846153847
0 0.7639342723004695 0.2261230769230769 0.30458215962441304 0.19421538461538462
0 0.46630985915492956 0.2743307692307692 0.2986103286384976 0.18797692307692307
0 0.1831549295774648 0.2927153846153846 0.2606384976525822 0.16786153846153848
0 0.7673239436619719 0.41375384615384614 0.29780281690140853 0.1921384615384615
0 0.46461032863849766 0.4505153846153846 0.3070798122065728 0.17826153846153847
0 0.17892018779342725 0.46091538461538467 0.2707981220657277 0.16300000000000003
0 0.7702910798122066 0.6093538461538461 0.2986666666666666 0.20184615384615373
0 0.17892018779342725 0.6249615384615385 0.2691079812206573 0.1650846153846155
0 0.465887323943662 0.6350230769230769 0.30792488262910794 0.18381538461538463
0 0.7669014084507042 0.06763076923076923 0.2986572769953051 0.13526153846153846