0 0.46576923076923077 0.11442006269592477 0.3607692307692308 0.14629049111807732
0 0.14153846153846153 0.13427377220480669 0.28307692307692306 0.14942528735632185
0 0.7503846153846154 0.2110762800417973 0.1676923076923077 0.13270637408568442
0 0.9192307692307692 0.2084639498432602 0.15 0.13584117032392895
0 0.5492307692307692 0.23249738766980146 0.17 0.13166144200626959
0 0.37538461538461537 0.24555903866248693 0.17307692307692307 0.13584117032392895
0 0.05076923076923077 0.26227795193312436 0.10153846153846154 0.12539184952978055
0 0.19923076923076924 0.2669801462904911 0.16923076923076924 0.12852664576802508
0 0.8307692307692308 0.3333333333333333 0.3330769230769231 0.13584117032392895
0 0.47 0.3672936259143156 0.35846153846153844 0.14942528735632185
0 0.14307692307692307 0.3876698014629049 0.28615384615384615 0.14211076280041798
0 0.7569230769230769 0.455067920585162 0.17 0.12748171368861025
0 0.9226923076923077 0.455067920585162 0.15461538461538463 0.12852664576802508
0 0.5461538461538461 0.4827586206896552 0.16076923076923078 0.12957157784743992
0 0.37961538461538463 0.5005224660397074 0.1676923076923077 0.13793103448275862
0 0.054615384615384614 0.51619644723093 0.10923076923076923 0.12539184952978055
0 0.1926923076923077 0.5104493207941484 0.16 0.12957157784743992
0 0.8369230769230769 0.5736677115987461 0.3261538461538461 0.14420062695924765
0 0.4773076923076923 0.6191222570532915 0.35 0.15256008359456635
0 0.14615384615384616 0.64576802507837 0.2876923076923077 0.13375130616509928
0 0.7576923076923077 0.6985370950888192 0.16538461538461538 0.12434691745036573
0 0.9292307692307692 0.6943573667711599 0.14153846153846153 0.1180773249738767
0 0.38576923076923075 0.7434691745036572 0.1646153846153846 0.1180773249738767
0 0.5592307692307692 0.7371995820271683 0.16692307692307692 0.12748171368861025
0 0.06153846153846154 0.7690700104493208 0.11076923076923077 0.11912225705329153
0 0.19615384615384615 0.7633228840125392 0.16076923076923078 0.12016718913270637
0 0.8373076923076923 0.8249738766980146 0.3253846153846154 0.1452455590386625
0 0.4796153846153846 0.8510971786833855 0.3453846153846154 0.12539184952978055
0 0.15 0.8699059561128527 0.28307692307692306 0.12016718913270637
0 0.8303846153846154 0.07889237199582028 0.32153846153846155 0.15673981191222572