0 0.8869230769230769 0.16353187042842215 0.17846153846153845 0.10240334378265413
0 0.6376923076923077 0.2607105538140021 0.22 0.13479623824451412
0 0.8484615384615385 0.27951933124346917 0.21384615384615385 0.11703239289446186
0 0.9773076923076923 0.2878787878787879 0.045384615384615384 0.10762800417972831
0 0.5503846153846154 0.36415882967607105 0.24153846153846154 0.13793103448275862
0 0.7619230769230769 0.3850574712643678 0.20153846153846153 0.11598746081504702
0 0.931923076923077 0.3892371995820272 0.13615384615384615 0.10553814002089865
0 0.17653846153846153 0.42946708463949845 0.07461538461538461 0.1588296760710554
0 0.4207692307692308 0.49164054336468127 0.07846153846153846 0.16509926854754442
0 0.5003846153846154 0.5005224660397074 0.08538461538461538 0.14629049111807732
0 0.8676923076923077 0.5130616509926855 0.07230769230769231 0.148380355276907
0 0.9811538461538462 0.5167189132706375 0.03769230769230769 0.12643678160919541
0 0.9357692307692308 0.5177638453500523 0.06769230769230769 0.13897596656217345
0 0.5857692307692308 0.5130616509926855 0.09692307692307692 0.14733542319749215
0 0.7984615384615384 0.5188087774294671 0.07076923076923076 0.15569487983281086
0 0.3392307692307692 0.5130616509926855 0.08307692307692308 0.16927899686520376
0 0.7376923076923076 0.522466039707419 0.0876923076923077 0.1619644723092999
0 0.661923076923077 0.5240334378265413 0.08846153846153847 0.15987460815047022
0 0.9696153846153847 0.6353187042842215 0.05846153846153846 0.09717868338557993
0 0.8792307692307693 0.6374085684430512 0.09769230769230769 0.1013584117032393
0 0.7830769230769231 0.6515151515151515 0.09692307692307692 0.10762800417972831
0 0.6796153846153846 0.6562173458725182 0.10692307692307693 0.10762800417972831
0 0.5103846153846154 0.6567398119122257 0.09230769230769231 0.1671891327063741
0 0.4196153846153846 0.6577847439916406 0.08307692307692308 0.1724137931034483
0 0.585 0.6713688610240335 0.08615384615384615 0.1619644723092999
0 0.3415384615384615 0.6812957157784744 0.07769230769230769 0.17136886102403343
0 0.25961538461538464 0.709508881922675 0.08307692307692308 0.17136886102403343
0 0.17653846153846153 0.709508881922675 0.08153846153846153 0.16823406478578892
0 0.09192307692307693 0.7324973876698014 0.08923076923076922 0.16927899686520376
0 0.9611538461538461 0.7565308254963428 0.07384615384615385 0.1536050156739812
0 0.8969230769230769 0.7628004179728317 0.07076923076923076 0.14420062695924765
0 0.8311538461538461 0.7711598746081505 0.07461538461538461 0.15987460815047022
0 0.7661538461538462 0.7774294670846394 0.07769230769230769 0.15047021943573669
0 0.6996153846153846 0.7821316614420063 0.07384615384615385 0.14629049111807732
0 0.025384615384615384 0.7695924764890282 0.05076923076923077 0.10344827586206896
0 0.551923076923077 0.7983281086729362 0.22076923076923077 0.12121212121212122
0 0.3596153846153846 0.8213166144200627 0.12153846153846154 0.12121212121212122
0 0.2323076923076923 0.8422152560083594 0.12692307692307692 0.10658307210031348
0 0.09076923076923077 0.8568443051201672 0.07923076923076923 0.08045977011494253
0 0.02423076923076923 0.867816091954023 0.04846153846153846 0.05956112852664577