0 0.14741784037558686 0.7588461538461538 0.29295774647887324 0.1946153846153846
0 0.7253521126760564 0.8203846153846154 0.3145539906103286 0.2246153846153846
0 0.4262910798122066 0.8111538461538461 0.3314553990610329 0.2169230769230769
0 0.13802816901408452 0.9007692307692308 0.27605633802816903 0.15692307692307692
0 0.7065727699530516 0.941923076923077 0.29577464788732394 0.11615384615384615
0 0.4112676056338028 0.933076923076923 0.3211267605633803 0.13384615384615384
0 0.5258215962441315 0.105 0.32300469483568073 0.21
0 0.24131455399061033 0.10038461538461538 0.29107981220657275 0.20076923076923076
0 0.8028169014084507 0.25461538461538463 0.3314553990610329 0.2230769230769231
0 0.5 0.2726923076923077 0.323943661971831 0.21615384615384614
0 0.2164319248826291 0.26269230769230767 0.28356807511737087 0.19230769230769232
0 0.7779342723004695 0.4411538461538462 0.323943661971831 0.22076923076923077
0 0.4723004694835681 0.4473076923076923 0.3314553990610329 0.2076923076923077
0 0.18732394366197183 0.42923076923076925 0.29295774647887324 0.18846153846153846
0 0.752112676056338 0.6353846153846154 0.3267605633802817 0.23
0 0.16291079812206571 0.5919230769230769 0.292018779342723 0.19076923076923077
0 0.4460093896713615 0.6307692307692307 0.3333333333333333 0.21307692307692308
0 0.8291079812206573 0.09769230769230769 0.3164319248826291 0.16384615384615384