0 0.06846153846153846 0.15569487983281086 0.04692307692307692 0.11076280041797283
0 0.16 0.14629049111807732 0.04846153846153846 0.10867293625914315
0 0.20384615384615384 0.14106583072100312 0.05153846153846154 0.11076280041797283
0 0.3346153846153846 0.12539184952978055 0.04846153846153846 0.10344827586206896
0 0.3773076923076923 0.1206896551724138 0.047692307692307694 0.10553814002089865
0 0.24769230769230768 0.13688610240334378 0.04923076923076923 0.10867293625914315
0 0.29115384615384615 0.13166144200626959 0.05076923076923077 0.10762800417972831
0 0.9538461538461539 0.10188087774294671 0.05153846153846154 0.11494252873563218
0 0.9165384615384615 0.11650992685475445 0.06076923076923077 0.11180773249738767
0 0.8788461538461538 0.1290491118077325 0.05846153846153846 0.11180773249738767
0 0.6976923076923077 0.006269592476489028 0.04153846153846154 0.012539184952978056
0 0.8373076923076923 0.1426332288401254 0.052307692307692305 0.109717868338558
0 0.38153846153846155 0.19853709508881923 0.18461538461538463 0.07836990595611286
0 0.7946153846153846 0.15151515151515152 0.05076923076923077 0.11180773249738767
0 0.051923076923076926 0.24033437826541273 0.10384615384615385 0.07314524555903866
0 0.6534615384615384 0.009926854754440962 0.045384615384615384 0.019853709508881923
0 0.6088461538461538 0.013061650992685475 0.040769230769230766 0.02612330198537095
0 0.7126923076923077 0.16300940438871472 0.045384615384615384 0.10658307210031348
0 0.20038461538461538 0.22413793103448276 0.18461538461538463 0.0741901776384535
0 0.7526923076923077 0.1593521421107628 0.05153846153846154 0.109717868338558
0 0.6711538461538461 0.17136886102403343 0.05307692307692308 0.11494252873563218
0 0.6276923076923077 0.1781609195402299 0.05 0.10762800417972831
0 0.5434615384615384 0.1917450365726228 0.052307692307692305 0.109717868338558
0 0.5861538461538461 0.18704284221525602 0.04846153846153846 0.10762800417972831
0 0.5676923076923077 0.01619644723092999 0.043076923076923075 0.03239289446185998
0 0.4980769230769231 0.19905956112852666 0.05076923076923077 0.10762800417972831
0 0.48307692307692307 0.022988505747126436 0.04153846153846154 0.04597701149425287
0 0.5261538461538462 0.02089864158829676 0.04461538461538461 0.04179728317659352
0 0.3892307692307692 0.2554858934169279 0.18769230769230769 0.0794148380355277
0 0.2053846153846154 0.27899686520376177 0.18692307692307691 0.0794148380355277
0 0.05153846153846154 0.2993730407523511 0.10307692307692308 0.07628004179728318
0 0.041923076923076924 0.07993730407523511 0.08384615384615385 0.06374085684430512
0 0.18884615384615386 0.06321839080459771 0.18461538461538463 0.07628004179728318
0 0.3723076923076923 0.041274817136886105 0.18615384615384614 0.07732497387669801
0 0.916923076923077 0.22466039707419017 0.14153846153846153 0.13897596656217345
0 0.7546153846153846 0.26384535005224663 0.18692307692307691 0.12957157784743992
0 0.5765384615384616 0.290491118077325 0.19 0.12748171368861025
0 0.43653846153846154 0.3281086729362591 0.05153846153846154 0.10867293625914315
0 0.3934615384615385 0.3338557993730408 0.04692307692307692 0.10867293625914315
0 0.3523076923076923 0.34117032392894464 0.04692307692307692 0.10762800417972831
0 0.010384615384615384 0.3829676071055381 0.02076923076923077 0.109717868338558
0 0.3069230769230769 0.3484848484848485 0.04846153846153846 0.10867293625914315
0 0.041923076923076924 0.38087774294670845 0.04692307692307692 0.10867293625914315
0 0.26384615384615384 0.3552769070010449 0.04846153846153846 0.10658307210031348
0 0.22230769230769232 0.361546499477534 0.045384615384615384 0.109717868338558
0 0.08730769230769231 0.3777429467084639 0.05384615384615385 0.109717868338558
0 0.13384615384615384 0.37408568443051204 0.04846153846153846 0.109717868338558
0 0.18 0.36990595611285265 0.05153846153846154 0.10867293625914315
0 0.9669230769230769 0.31504702194357365 0.052307692307692305 0.109717868338558
0 0.9276923076923077 0.3275862068965517 0.06 0.11494252873563218
0 0.8826923076923077 0.3385579937304075 0.05615384615384615 0.1044932079414838
0 0.8423076923076923 0.35318704284221525 0.052307692307692305 0.109717868338558
0 0.7996153846153846 0.3620689655172414 0.052307692307692305 0.109717868338558
0 0.7138461538461538 0.37460815047021945 0.047692307692307694 0.10658307210031348
0 0.7565384615384615 0.3704284221525601 0.047692307692307694 0.10553814002089865
0 0.6334615384615384 0.38610240334378265 0.04846153846153846 0.1044932079414838
0 0.6738461538461539 0.3819226750261233 0.04692307692307692 0.10658307210031348
0 0.5896153846153847 0.3934169278996865 0.047692307692307694 0.10762800417972831
0 0.5515384615384615 0.3996865203761755 0.04692307692307692 0.10867293625914315
0 0.5103846153846154 0.4054336468129572 0.047692307692307694 0.10762800417972831
0 0.3996153846153846 0.438871473354232 0.18692307692307691 0.12957157784743992
0 0.06153846153846154 0.4827586206896552 0.12307692307692308 0.12330198537095088
0 0.21807692307692308 0.4670846394984326 0.19 0.12852664576802508
0 0.9242307692307692 0.43573667711598746 0.15153846153846154 0.1400208986415883
0 0.7653846153846153 0.4723092998955068 0.18307692307692308 0.12643678160919541
0 0.583076923076923 0.5 0.18846153846153846 0.12957157784743992
0 0.4403846153846154 0.5350052246603971 0.05 0.10658307210031348
0 0.3984615384615385 0.542319749216301 0.05 0.109717868338558
0 0.020384615384615383 0.5882967607105538 0.03923076923076923 0.10658307210031348
0 0.3557692307692308 0.5512016718913271 0.04923076923076923 0.109717868338558
0 0.27153846153846156 0.5626959247648903 0.04692307692307692 0.10762800417972831
0 0.315 0.5579937304075235 0.05076923076923077 0.10658307210031348
0 0.054615384615384614 0.5893416927899686 0.04692307692307692 0.10867293625914315
0 0.2296153846153846 0.5694879832810867 0.046153846153846156 0.10762800417972831
0 0.09615384615384616 0.5862068965517241 0.04846153846153846 0.109717868338558
0 0.19038461538461537 0.5752351097178683 0.04692307692307692 0.10762800417972831
0 0.14846153846153845 0.58098223615465 0.04846153846153846 0.10762800417972831
0 0.9819230769230769 0.5172413793103449 0.036153846153846154 0.11285266457680251
0 0.9519230769230769 0.5313479623824452 0.05923076923076923 0.11285266457680251
0 0.9092307692307692 0.544932079414838 0.055384615384615386 0.11285266457680251
0 0.8688461538461538 0.5574712643678161 0.054615384615384614 0.109717868338558
0 0.7780769230769231 0.5747126436781609 0.047692307692307694 0.10344827586206896
0 0.821923076923077 0.5694879832810867 0.052307692307692305 0.10867293625914315
0 0.6953846153846154 0.5846394984326019 0.04923076923076923 0.10658307210031348
0 0.7376923076923076 0.5799373040752351 0.046153846153846156 0.10240334378265413
0 0.6465384615384615 0.593521421107628 0.05 0.10553814002089865
0 0.6042307692307692 0.6008359456635318 0.04846153846153846 0.10658307210031348
0 0.5646153846153846 0.6065830721003135 0.047692307692307694 0.10762800417972831
0 0.5234615384615384 0.6144200626959248 0.05153846153846154 0.10553814002089865
0 0.41192307692307695 0.6415882967607106 0.19 0.13479623824451412
0 0.2276923076923077 0.6734587251828631 0.19153846153846155 0.12748171368861025
0 0.06884615384615385 0.6927899686520376 0.12230769230769231 0.12225705329153605
0 0.8988461538461539 0.044409613375130615 0.15 0.08881922675026123
0 0.933076923076923 0.6410658307210031 0.13384615384615384 0.14106583072100312
0 0.7819230769230769 0.6765935214211076 0.18461538461538463 0.12225705329153605
0 0.5980769230769231 0.7011494252873564 0.19 0.12852664576802508
0 0.46 0.7398119122257053 0.04692307692307692 0.11076280041797283
0 0.4176923076923077 0.7450365726227796 0.047692307692307694 0.10553814002089865
0 0.3730769230769231 0.754440961337513 0.04692307692307692 0.10658307210031348
0 0.32884615384615384 0.7622779519331243 0.04923076923076923 0.11180773249738767
0 0.03423076923076923 0.8014629049111808 0.03923076923076923 0.109717868338558
0 0.28615384615384615 0.7716823406478579 0.046153846153846156 0.10762800417972831
0 0.2023076923076923 0.7821316614420063 0.046153846153846156 0.10867293625914315
0 0.24384615384615385 0.7774294670846394 0.05 0.109717868338558
0 0.16038461538461538 0.7889237199582028 0.04846153846153846 0.109717868338558
0 0.07423076923076923 0.7998955067920586 0.04692307692307692 0.11076280041797283
0 0.11384615384615385 0.7978056426332288 0.04923076923076923 0.10867293625914315
0 0.9861538461538462 0.7246603970741902 0.027692307692307693 0.11389759665621735
0 0.9565384615384616 0.7398119122257053 0.05307692307692308 0.11180773249738767
0 0.9203846153846154 0.7539184952978056 0.055384615384615386 0.10867293625914315
0 0.7046153846153846 0.786833855799373 0.04846153846153846 0.10658307210031348
0 0.88 0.7659352142110762 0.05692307692307692 0.11912225705329153
0 0.7503846153846154 0.7821316614420063 0.047692307692307694 0.1044932079414838
0 0.7946153846153846 0.7800417972831766 0.04846153846153846 0.109717868338558
0 0.8392307692307692 0.7753396029258098 0.052307692307692305 0.10867293625914315
0 0.6607692307692308 0.796760710553814 0.04923076923076923 0.109717868338558
0 0.6134615384615385 0.8040752351097179 0.05076923076923077 0.11076280041797283
0 0.5688461538461539 0.8124346917450366 0.04846153846153846 0.10867293625914315
0 0.5269230769230769 0.8202716823406478 0.05 0.10553814002089865
0 0.74 0.05903866248693835 0.18615384615384614 0.1180773249738767
0 0.4103846153846154 0.8521421107628004 0.19230769230769232 0.13270637408568442
0 0.2273076923076923 0.8845350052246604 0.18461538461538463 0.12748171368861025
0 0.07576923076923077 0.9038662486938349 0.10846153846153846 0.11912225705329153
0 0.9353846153846154 0.8176593521421107 0.12923076923076923 0.09090909090909091
0 0.7834615384615384 0.8521421107628004 0.18461538461538463 0.06583072100313479
0 0.6 0.8766980146290491 0.18153846153846154 0.05851619644723093
0 0.5573076923076923 0.08829676071055381 0.19 0.12957157784743992
0 0.11615384615384615 0.14733542319749215 0.04923076923076923 0.1044932079414838
0 0.025384615384615384 0.1588296760710554 0.05 0.10762800417972831
0 0.4203846153846154 0.11233019853709508 0.05076923076923077 0.109717868338558