0 0.765 0.1976127320954907 0.47 0.381078691423519
0 0.48 0.15207780725022105 0.13125 0.3041556145004421
0 0.1684375 0.12643678160919541 0.131875 0.25287356321839083
0 0.2703125 0.134394341290893 0.125625 0.268788682581786
0 0.373125 0.14500442086648982 0.12625 0.29000884173297964
0 0.076875 0.11892130857648099 0.11125 0.23784261715296198
0 0.9646875 0.5552608311229 0.070625 0.367816091954023
0 0.78625 0.5300618921308576 0.126875 0.3704686118479222
0 0.685625 0.5150309460654289 0.13375 0.376657824933687
0 0.575625 0.4986737400530504 0.1425 0.3863837312113174
0 0.8884375 0.5539345711759505 0.130625 0.3748894783377542
0 0.2665625 0.4451812555260831 0.533125 0.4482758620689655
0 0.7340625 0.8328912466843501 0.49625 0.3306808134394341
0 0.045625 0.7117595048629531 0.09125 0.26525198938992045
0 0.4328125 0.7873563218390804 0.125 0.2634836427939876
0 0.3284375 0.7745358090185677 0.1125 0.24049513704686118
0 0.130625 0.742263483642794 0.12125 0.2458001768346596
0 0.226875 0.7612732095490716 0.12 0.23872679045092837