0 0.9784615384615385 0.0946372239747634 0.021538461538461538 0.05152471083070452
0 0.9546153846153846 0.09621451104100946 0.026153846153846153 0.056782334384858045
0 0.3230769230769231 0.11198738170347003 0.027692307692307693 0.056782334384858045
0 0.9276923076923077 0.09936908517350158 0.023846153846153847 0.04942166140904311
0 0.8792307692307693 0.10199789695057834 0.026923076923076925 0.05783385909568875
0 0.9038461538461539 0.10515247108307045 0.026153846153846153 0.05783385909568875
0 0.11884615384615385 0.12407991587802314 0.03076923076923077 0.058885383806519455
0 0.018461538461538463 0.1277602523659306 0.033846153846153845 0.06203995793901157
0 0.05346153846153846 0.12723449001051526 0.031538461538461536 0.052576235541535225
0 0.5334615384615384 0.14300736067297581 0.026153846153846153 0.05783385909568875
0 0.47884615384615387 0.14511041009463724 0.027692307692307693 0.05362776025236593
0 0.505 0.14826498422712933 0.024615384615384615 0.05362776025236593
0 0.45153846153846156 0.15036803364879076 0.027692307692307693 0.05783385909568875
0 0.5826923076923077 0.14879074658254468 0.023846153846153847 0.058885383806519455
0 0.6103846153846154 0.1498422712933754 0.023846153846153847 0.05573080967402734
0 0.6365384615384615 0.1508937960042061 0.025384615384615384 0.05573080967402734
0 0.6626923076923077 0.15036803364879076 0.024615384615384615 0.05362776025236593
0 0.5573076923076923 0.15404837013669823 0.023076923076923078 0.05152471083070452
0 0.42230769230769233 0.15772870662460567 0.03 0.05783385909568875
0 0.98 0.14721345951629863 0.021538461538461538 0.050473186119873815
0 0.28923076923076924 0.16351209253417456 0.02846153846153846 0.05362776025236593
0 0.8365384615384616 0.1508937960042061 0.024615384615384615 0.050473186119873815
0 0.14653846153846153 0.16876971608832808 0.03307692307692308 0.06309148264984227
0 0.7142307692307692 0.15509989484752892 0.02 0.052576235541535225
0 0.6915384615384615 0.15615141955835962 0.025384615384615384 0.05362776025236593
0 0.37115384615384617 0.1640378548895899 0.02846153846153846 0.056782334384858045
0 0.7384615384615385 0.15562565720294427 0.025384615384615384 0.05362776025236593
0 0.8615384615384616 0.15247108307045215 0.022307692307692306 0.054679284963196635
0 0.2611538461538462 0.167192429022082 0.027692307692307693 0.056782334384858045
0 0.7623076923076924 0.15615141955835962 0.022307692307692306 0.05362776025236593
0 0.08346153846153846 0.17245005257623555 0.03 0.056782334384858045
0 0.39576923076923076 0.1650893796004206 0.02076923076923077 0.05362776025236593
0 0.9315384615384615 0.1529968454258675 0.021538461538461538 0.052576235541535225
0 0.9584615384615385 0.15247108307045215 0.022307692307692306 0.05152471083070452
0 0.17692307692307693 0.17139852786540483 0.03076923076923077 0.05993690851735016
0 0.3161538461538462 0.16876971608832808 0.025384615384615384 0.05152471083070452
0 0.3426923076923077 0.16929547844374343 0.026153846153846153 0.05573080967402734
0 0.23307692307692307 0.17350157728706625 0.026923076923076925 0.05573080967402734
0 0.8842307692307693 0.15930599369085174 0.024615384615384615 0.05362776025236593
0 0.051153846153846154 0.1829652996845426 0.031538461538461536 0.060988433228180865
0 0.9065384615384615 0.16351209253417456 0.022307692307692306 0.052576235541535225
0 0.20461538461538462 0.18138801261829654 0.026923076923076925 0.056782334384858045
0 0.11576923076923076 0.18401682439537329 0.031538461538461536 0.05993690851735016
0 0.022692307692307692 0.1892744479495268 0.031538461538461536 0.05783385909568875
0 0.4815384615384615 0.20557308096740273 0.026153846153846153 0.05152471083070452
0 0.5088461538461538 0.20504731861198738 0.026153846153846153 0.05362776025236593
0 0.6173076923076923 0.20662460567823343 0.025384615384615384 0.052576235541535225
0 0.59 0.20715036803364878 0.026153846153846153 0.05362776025236593
0 0.6438461538461538 0.20767613038906416 0.026153846153846153 0.056782334384858045
0 0.565 0.2113564668769716 0.023846153846153847 0.05783385909568875
0 0.5361538461538462 0.21240799158780233 0.026923076923076925 0.054679284963196635
0 0.8465384615384616 0.20557308096740273 0.026153846153846153 0.056782334384858045
0 0.9826923076923076 0.2024185068349106 0.021538461538461538 0.052576235541535225
0 0.8165384615384615 0.20662460567823343 0.024615384615384615 0.05362776025236593
0 0.4542307692307692 0.21608832807570977 0.026923076923076925 0.050473186119873815
0 0.671923076923077 0.21240799158780233 0.025384615384615384 0.05573080967402734
0 0.9615384615384616 0.20557308096740273 0.021538461538461538 0.052576235541535225
0 0.6961538461538461 0.21188222923238695 0.023076923076923078 0.05362776025236593
0 0.8676923076923077 0.2082018927444795 0.02076923076923077 0.05152471083070452
0 0.4269230769230769 0.21976866456361724 0.026923076923076925 0.048370136698212406
0 0.9365384615384615 0.2082018927444795 0.023076923076923078 0.052576235541535225
0 0.39807692307692305 0.22082018927444794 0.026923076923076925 0.05573080967402734
0 0.7430769230769231 0.21293375394321767 0.025384615384615384 0.05573080967402734
0 0.7192307692307692 0.21345951629863302 0.023076923076923078 0.058885383806519455
0 0.7673076923076924 0.21345951629863302 0.023076923076923078 0.05152471083070452
0 0.2603846153846154 0.22712933753943218 0.02923076923076923 0.05573080967402734
0 0.37153846153846154 0.2245005257623554 0.026923076923076925 0.054679284963196635
0 0.791923076923077 0.21503680336487907 0.027692307692307693 0.056782334384858045
0 0.34423076923076923 0.22607781282860148 0.026153846153846153 0.05573080967402734
0 0.3176923076923077 0.22712933753943218 0.027692307692307693 0.056782334384858045
0 0.145 0.231335436382755 0.03076923076923077 0.060988433228180865
0 0.2896153846153846 0.22818086225026288 0.026923076923076925 0.05573080967402734
0 0.08153846153846153 0.23554153522607782 0.031538461538461536 0.05993690851735016
0 0.1773076923076923 0.23291272344900105 0.02923076923076923 0.054679284963196635
0 0.9153846153846154 0.21661409043112514 0.021538461538461538 0.052576235541535225
0 0.8915384615384615 0.2181913774973712 0.025384615384615384 0.052576235541535225
0 0.23192307692307693 0.23659305993690852 0.02923076923076923 0.05783385909568875
0 0.2053846153846154 0.23974763406940064 0.02923076923076923 0.054679284963196635
0 0.05038461538461538 0.24500525762355416 0.03 0.06309148264984227
0 0.1123076923076923 0.2455310199789695 0.031538461538461536 0.058885383806519455
0 0.021923076923076924 0.250788643533123 0.03 0.06309148264984227
0 0.5030769230769231 0.26393270241850686 0.02923076923076923 0.05993690851735016
0 0.6053846153846154 0.2628811777076761 0.026923076923076925 0.056782334384858045
0 0.6326923076923077 0.26498422712933756 0.025384615384615384 0.05573080967402734
0 0.4203846153846154 0.2718191377497371 0.026923076923076925 0.05573080967402734
0 0.44846153846153847 0.27129337539432175 0.026923076923076925 0.05783385909568875
0 0.5276923076923077 0.2697160883280757 0.019230769230769232 0.052576235541535225
0 0.9723076923076923 0.259726603575184 0.02 0.04942166140904311
0 0.6584615384615384 0.26708727655099895 0.026153846153846153 0.05152471083070452
0 0.47384615384615386 0.2718191377497371 0.024615384615384615 0.054679284963196635
0 0.833076923076923 0.2644584647739222 0.023076923076923078 0.054679284963196635
0 0.5526923076923077 0.27129337539432175 0.025384615384615384 0.058885383806519455
0 0.9492307692307692 0.26235541535226076 0.024615384615384615 0.054679284963196635
0 0.6857692307692308 0.26919032597266035 0.024615384615384615 0.054679284963196635
0 0.3923076923076923 0.2765509989484753 0.025384615384615384 0.05573080967402734
0 0.78 0.268664563617245 0.023846153846153847 0.052576235541535225
0 0.755 0.26919032597266035 0.023076923076923078 0.052576235541535225
0 0.8607692307692307 0.2676130389064143 0.023846153846153847 0.05783385909568875
0 0.7096153846153846 0.27129337539432175 0.022307692307692306 0.05362776025236593
0 0.7315384615384616 0.2707676130389064 0.022307692307692306 0.050473186119873815
0 0.8088461538461539 0.2697160883280757 0.023846153846153847 0.05573080967402734
0 0.5796153846153846 0.2754994742376446 0.023846153846153847 0.05783385909568875
0 0.36538461538461536 0.2812828601472135 0.026153846153846153 0.05362776025236593
0 0.25769230769230766 0.2854889589905363 0.026153846153846153 0.054679284963196635
0 0.31384615384615383 0.28496319663512093 0.027692307692307693 0.058885383806519455
0 0.285 0.2854889589905363 0.02846153846153846 0.058885383806519455
0 0.9242307692307692 0.27129337539432175 0.022307692307692306 0.050473186119873815
0 0.8811538461538462 0.2723449001051525 0.019230769230769232 0.0473186119873817
0 0.14153846153846153 0.2907465825446898 0.03076923076923077 0.06203995793901157
0 0.9011538461538462 0.2744479495268139 0.02076923076923077 0.05152471083070452
0 0.34 0.288117770767613 0.024615384615384615 0.054679284963196635
0 0.17346153846153847 0.29337539432176657 0.031538461538461536 0.056782334384858045
0 0.07961538461538462 0.29652996845425866 0.031538461538461536 0.05993690851735016
0 0.23153846153846153 0.2928496319663512 0.027692307692307693 0.052576235541535225
0 0.20346153846153847 0.29863301787592006 0.03076923076923077 0.05573080967402734
0 0.11038461538461539 0.30336487907465826 0.02846153846153846 0.054679284963196635
0 0.051153846153846154 0.3086225026288118 0.027692307692307693 0.05783385909568875
0 0.023846153846153847 0.3117770767613039 0.026923076923076925 0.052576235541535225
0 0.985 0.3117770767613039 0.025384615384615384 0.050473186119873815
0 0.6176923076923077 0.32124079915878023 0.02923076923076923 0.056782334384858045
0 0.4826923076923077 0.3264984227129338 0.023846153846153847 0.05783385909568875
0 0.5080769230769231 0.3270241850683491 0.024615384615384615 0.05362776025236593
0 0.45692307692307693 0.32965299684542587 0.025384615384615384 0.04942166140904311
0 0.7461538461538462 0.32334384858044163 0.021538461538461538 0.05573080967402734
0 0.43038461538461537 0.33070452155625657 0.026153846153846153 0.052576235541535225
0 0.535 0.3280757097791798 0.026923076923076925 0.05783385909568875
0 0.7719230769230769 0.3228180862250263 0.022307692307692306 0.054679284963196635
0 0.9557692307692308 0.3186119873817035 0.023076923076923078 0.04942166140904311
0 0.6703846153846154 0.325446898002103 0.025384615384615384 0.05362776025236593
0 0.7219230769230769 0.325446898002103 0.023846153846153847 0.05783385909568875
0 0.4026923076923077 0.33385909568874866 0.027692307692307693 0.052576235541535225
0 0.6442307692307693 0.32965299684542587 0.03076923076923077 0.052576235541535225
0 0.8426923076923077 0.3249211356466877 0.022307692307692306 0.05152471083070452
0 0.8680769230769231 0.3249211356466877 0.023076923076923078 0.05152471083070452
0 0.9315384615384615 0.323869610935857 0.021538461538461538 0.04942166140904311
0 0.5626923076923077 0.33280757097791797 0.027692307692307693 0.05783385909568875
0 0.37538461538461537 0.33753943217665616 0.02846153846153846 0.052576235541535225
0 0.6961538461538461 0.33070452155625657 0.025384615384615384 0.052576235541535225
0 0.795 0.3286014721345952 0.021538461538461538 0.054679284963196635
0 0.9092307692307692 0.32597266035751843 0.02076923076923077 0.050473186119873815
0 0.8203846153846154 0.3291272344900105 0.023846153846153847 0.05362776025236593
0 0.5896153846153847 0.33543638275499477 0.024615384615384615 0.05362776025236593
0 0.26153846153846155 0.3438485804416404 0.026923076923076925 0.05573080967402734
0 0.8865384615384615 0.3291272344900105 0.02 0.04942166140904311
0 0.3180769230769231 0.343322818086225 0.02846153846153846 0.05783385909568875
0 0.3473076923076923 0.3438485804416404 0.027692307692307693 0.05993690851735016
0 0.23346153846153847 0.3480546792849632 0.031538461538461536 0.058885383806519455
0 0.14923076923076922 0.35173501577287064 0.03230769230769231 0.056782334384858045
0 0.28923076923076924 0.35068349106203994 0.02846153846153846 0.060988433228180865
0 0.08846153846153847 0.3569926393270242 0.026923076923076925 0.048370136698212406
0 0.205 0.35751840168243953 0.03 0.060988433228180865
0 0.17846153846153845 0.35856992639327023 0.031538461538461536 0.060988433228180865
0 0.11807692307692308 0.3638275499474238 0.033846153846153845 0.05362776025236593
0 0.03192307692307692 0.36803364879074657 0.02846153846153846 0.054679284963196635
0 0.008076923076923077 0.37013669821240797 0.016153846153846154 0.060988433228180865
0 0.05961538461538462 0.37066246056782337 0.03 0.060988433228180865
0 0.99 0.36330178759200843 0.016923076923076923 0.04942166140904311
0 0.9703846153846154 0.3696109358569926 0.022307692307692306 0.04942166140904311
0 0.9465384615384616 0.37171398527865407 0.025384615384615384 0.050473186119873815
0 0.48384615384615387 0.38485804416403785 0.025384615384615384 0.05573080967402734
0 0.43038461538461537 0.3874868559411146 0.031538461538461536 0.056782334384858045
0 0.9242307692307692 0.37592008412197686 0.02076923076923077 0.04942166140904311
0 0.7607692307692308 0.3801261829652997 0.026153846153846153 0.04942166140904311
0 0.6626923076923077 0.3832807570977918 0.023846153846153847 0.05362776025236593
0 0.4584615384615385 0.38853838065194535 0.025384615384615384 0.054679284963196635
0 0.9019230769230769 0.37907465825446895 0.022307692307692306 0.050473186119873815
0 0.8584615384615385 0.3801261829652997 0.021538461538461538 0.05152471083070452
0 0.7361538461538462 0.38380651945320715 0.021538461538461538 0.05152471083070452
0 0.5103846153846154 0.38958990536277605 0.023846153846153847 0.04942166140904311
0 0.7138461538461538 0.38485804416403785 0.023076923076923078 0.054679284963196635
0 0.8780769230769231 0.3811777076761304 0.02076923076923077 0.0473186119873817
0 0.8338461538461538 0.3822292323869611 0.023076923076923078 0.05362776025236593
0 0.5380769230769231 0.3890641430073607 0.024615384615384615 0.054679284963196635
0 0.6130769230769231 0.3874868559411146 0.024615384615384615 0.054679284963196635
0 0.6384615384615384 0.38696109358569925 0.024615384615384615 0.054679284963196635
0 0.4003846153846154 0.3932702418506835 0.026153846153846153 0.05783385909568875
0 0.6888461538461539 0.38696109358569925 0.026923076923076925 0.05362776025236593
0 0.7846153846153846 0.38696109358569925 0.02076923076923077 0.05152471083070452
0 0.5642307692307692 0.3922187171398528 0.025384615384615384 0.052576235541535225
0 0.5876923076923077 0.3922187171398528 0.023846153846153847 0.05152471083070452
0 0.8096153846153846 0.38696109358569925 0.023846153846153847 0.054679284963196635
0 0.26269230769230767 0.40168243953732913 0.027692307692307693 0.05783385909568875
0 0.3169230769230769 0.4058885383806519 0.026923076923076925 0.05362776025236593
0 0.23384615384615384 0.4095688748685594 0.02923076923076923 0.05783385909568875
0 0.3446153846153846 0.407465825446898 0.02846153846153846 0.056782334384858045
0 0.14884615384615385 0.4127234490010515 0.027692307692307693 0.05362776025236593
0 0.37153846153846154 0.4085173501577287 0.026923076923076925 0.05362776025236593
0 0.29 0.4116719242902208 0.026923076923076925 0.050473186119873815
0 0.09153846153846154 0.4195583596214511 0.026923076923076925 0.056782334384858045
0 0.20461538461538462 0.41692954784437436 0.027692307692307693 0.056782334384858045
0 0.17615384615384616 0.41903259726603576 0.026153846153846153 0.052576235541535225
0 0.03346153846153846 0.42691903259726605 0.027692307692307693 0.05783385909568875
0 0.12 0.4263932702418507 0.03 0.05573080967402734
0 0.06346153846153846 0.4295478443743428 0.03076923076923077 0.05362776025236593
0 0.009615384615384616 0.4332281808622503 0.019230769230769232 0.056782334384858045
0 0.99 0.41798107255520506 0.018461538461538463 0.04311251314405889
0 0.9696153846153847 0.42218717139852785 0.022307692307692306 0.04942166140904311
0 0.948076923076923 0.42534174553102 0.022307692307692306 0.04942166140904311
0 0.7646153846153846 0.4316508937960042 0.024615384615384615 0.05573080967402734
0 0.9246153846153846 0.4295478443743428 0.023076923076923078 0.05362776025236593
0 0.9011538461538462 0.4305993690851735 0.022307692307692306 0.050473186119873815
0 0.8761538461538462 0.4327024185068349 0.022307692307692306 0.04942166140904311
0 0.8538461538461538 0.4332281808622503 0.023076923076923078 0.05152471083070452
0 0.6638461538461539 0.43901156677181913 0.023076923076923078 0.05362776025236593
0 0.4523076923076923 0.444794952681388 0.024615384615384615 0.050473186119873815
0 0.7123076923076923 0.43901156677181913 0.024615384615384615 0.05362776025236593
0 0.7373076923076923 0.4395373291272345 0.024615384615384615 0.054679284963196635
0 0.5030769230769231 0.44532071503680337 0.026153846153846153 0.05783385909568875
0 0.6376923076923077 0.4421661409043113 0.026153846153846153 0.054679284963196635
0 0.8307692307692308 0.43796004206098843 0.01769230769230769 0.04416403785488959
0 0.5288461538461539 0.4458464773922187 0.026153846153846153 0.05152471083070452
0 0.61 0.444794952681388 0.026923076923076925 0.05573080967402734
0 0.6876923076923077 0.443217665615142 0.023846153846153847 0.052576235541535225
0 0.7815384615384615 0.4411146161934805 0.021538461538461538 0.05152471083070452
0 0.8107692307692308 0.4411146161934805 0.023846153846153847 0.052576235541535225
0 0.47615384615384615 0.45215562565720296 0.023846153846153847 0.05573080967402734
0 0.5565384615384615 0.4516298633017876 0.026153846153846153 0.05152471083070452
0 0.3992307692307692 0.45531019978969506 0.025384615384615384 0.05152471083070452
0 0.583076923076923 0.45320715036803366 0.026923076923076925 0.054679284963196635
0 0.26153846153846155 0.46109358569926395 0.026153846153846153 0.05783385909568875
0 0.3161538461538462 0.46109358569926395 0.02846153846153846 0.05573080967402734
0 0.4246153846153846 0.4589905362776025 0.026153846153846153 0.054679284963196635
0 0.14923076923076922 0.4668769716088328 0.02846153846153846 0.054679284963196635
0 0.3726923076923077 0.4647739221871714 0.026923076923076925 0.05573080967402734
0 0.28846153846153844 0.4679284963196635 0.02846153846153846 0.056782334384858045
0 0.23423076923076924 0.47003154574132494 0.026923076923076925 0.054679284963196635
0 0.34423076923076923 0.46740273396424814 0.026923076923076925 0.05362776025236593
0 0.20692307692307693 0.4737118822292324 0.026153846153846153 0.052576235541535225
0 0.17846153846153845 0.4747634069400631 0.027692307692307693 0.05573080967402734
0 0.09192307692307693 0.4773922187171398 0.02846153846153846 0.056782334384858045
0 0.032692307692307694 0.48475289169295477 0.027692307692307693 0.05152471083070452
0 0.12038461538461538 0.4842271293375394 0.02923076923076923 0.05993690851735016
0 0.06269230769230769 0.4879074658254469 0.02923076923076923 0.05573080967402734
0 0.009230769230769232 0.4889589905362776 0.018461538461538463 0.052576235541535225
0 0.9896153846153846 0.46898002103049424 0.02076923076923077 0.048370136698212406
0 0.9653846153846154 0.4758149316508938 0.019230769230769232 0.0473186119873817
0 0.9442307692307692 0.480546792849632 0.02076923076923077 0.050473186119873815
0 0.7611538461538462 0.4863301787592008 0.021538461538461538 0.05362776025236593
0 0.8992307692307693 0.4842271293375394 0.021538461538461538 0.05152471083070452
0 0.9203846153846154 0.48580441640378547 0.021538461538461538 0.048370136698212406
0 0.8726923076923077 0.4868559411146162 0.02076923076923077 0.050473186119873815
0 0.8273076923076923 0.4889589905362776 0.019230769230769232 0.0473186119873817
0 0.8503846153846154 0.48843322818086227 0.021538461538461538 0.04416403785488959
0 0.6623076923076923 0.49369085173501576 0.024615384615384615 0.052576235541535225
0 0.7096153846153846 0.49474237644584645 0.024615384615384615 0.052576235541535225
0 0.7373076923076923 0.49474237644584645 0.023846153846153847 0.052576235541535225
0 0.6357692307692308 0.49737118822292326 0.023846153846153847 0.052576235541535225
0 0.5288461538461539 0.5 0.024615384615384615 0.05362776025236593
0 0.4511538461538461 0.5021030494216614 0.026153846153846153 0.050473186119873815
0 0.6853846153846154 0.49737118822292326 0.02076923076923077 0.05152471083070452
0 0.7846153846153846 0.49631966351209256 0.023846153846153847 0.05362776025236593
0 0.5046153846153846 0.5031545741324921 0.023076923076923078 0.04416403785488959
0 0.6103846153846154 0.5010515247108307 0.025384615384615384 0.056782334384858045
0 0.8073076923076923 0.4978969505783386 0.022307692307692306 0.046267087276550996
0 0.3976923076923077 0.508937960042061 0.026923076923076925 0.054679284963196635
0 0.48 0.5073606729758149 0.027692307692307693 0.05362776025236593
0 0.31653846153846155 0.517875920084122 0.027692307692307693 0.05362776025236593
0 0.2623076923076923 0.5199789695057834 0.026153846153846153 0.05573080967402734
0 0.4246153846153846 0.5168243953732913 0.026923076923076925 0.05573080967402734
0 0.37153846153846154 0.519453207150368 0.024615384615384615 0.052576235541535225
0 0.14846153846153845 0.5247108307045215 0.027692307692307693 0.054679284963196635
0 0.28923076923076924 0.5241850683491062 0.024615384615384615 0.052576235541535225
0 0.34384615384615386 0.5241850683491062 0.03 0.056782334384858045
0 0.235 0.5278654048370137 0.026923076923076925 0.052576235541535225
0 0.20615384615384616 0.5315457413249212 0.02846153846153846 0.054679284963196635
0 0.1773076923076923 0.5331230283911672 0.03 0.056782334384858045
0 0.09192307692307693 0.5368033648790747 0.03076923076923077 0.05573080967402734
0 0.03307692307692308 0.5404837013669821 0.03 0.05362776025236593
0 0.9846153846153847 0.5215562565720294 0.02076923076923077 0.0452155625657203
0 0.12153846153846154 0.5425867507886435 0.026923076923076925 0.048370136698212406
0 0.009615384615384616 0.5483701366982124 0.018461538461538463 0.056782334384858045
0 0.9646153846153847 0.5257623554153522 0.019230769230769232 0.048370136698212406
0 0.06230769230769231 0.5483701366982124 0.02923076923076923 0.058885383806519455
0 0.9434615384615385 0.5294426919032598 0.02 0.048370136698212406
0 0.9234615384615384 0.5352260778128286 0.023076923076923078 0.05783385909568875
0 0.8484615384615385 0.53732912723449 0.022307692307692306 0.050473186119873815
0 0.8265384615384616 0.5399579390115667 0.023076923076923078 0.052576235541535225
0 0.8988461538461539 0.5383806519453207 0.022307692307692306 0.05152471083070452
0 0.8742307692307693 0.5404837013669821 0.022307692307692306 0.05362776025236593
0 0.6580769230769231 0.546267087276551 0.024615384615384615 0.048370136698212406
0 0.7611538461538462 0.5441640378548895 0.022307692307692306 0.054679284963196635
0 0.7334615384615385 0.5467928496319664 0.024615384615384615 0.048370136698212406
0 0.805 0.546267087276551 0.023076923076923078 0.050473186119873815
0 0.6842307692307692 0.5494216614090431 0.023076923076923078 0.05152471083070452
0 0.7073076923076923 0.5494216614090431 0.023076923076923078 0.05152471083070452
0 0.505 0.555205047318612 0.025384615384615384 0.054679284963196635
0 0.4523076923076923 0.556782334384858 0.026153846153846153 0.05573080967402734
0 0.5307692307692308 0.5557308096740273 0.025384615384615384 0.052576235541535225
0 0.7838461538461539 0.5499474237644585 0.022307692307692306 0.05362776025236593
0 0.6307692307692307 0.5541535226077813 0.023846153846153847 0.050473186119873815
0 0.5553846153846154 0.5573080967402734 0.023846153846153847 0.050473186119873815
0 0.6065384615384616 0.5583596214511041 0.023846153846153847 0.050473186119873815
0 0.47884615384615387 0.5620399579390115 0.026153846153846153 0.05152471083070452
0 0.58 0.5636172450052577 0.023846153846153847 0.04311251314405889
0 0.39807692307692305 0.5688748685594112 0.026923076923076925 0.05573080967402734
0 0.4257692307692308 0.5709779179810726 0.026153846153846153 0.05362776025236593
0 0.37115384615384617 0.5741324921135647 0.025384615384615384 0.056782334384858045
0 0.2623076923076923 0.5778128286014721 0.026153846153846153 0.05783385909568875
0 0.1523076923076923 0.582018927444795 0.03 0.05573080967402734
0 0.28923076923076924 0.5788643533123028 0.026153846153846153 0.05783385909568875
0 0.2353846153846154 0.5809674027339643 0.026153846153846153 0.05362776025236593
0 0.3176923076923077 0.5793901156677181 0.02846153846153846 0.05573080967402734
0 0.34384615384615386 0.5809674027339643 0.024615384615384615 0.05362776025236593
0 0.20923076923076922 0.5862250262881178 0.027692307692307693 0.054679284963196635
0 0.9853846153846154 0.5688748685594112 0.023076923076923078 0.048370136698212406
0 0.18076923076923077 0.5899053627760252 0.027692307692307693 0.052576235541535225
0 0.09423076923076923 0.5962145110410094 0.03 0.05573080967402734
0 0.9634615384615385 0.5767613038906414 0.023076923076923078 0.050473186119873815
0 0.12461538461538461 0.5972660357518401 0.02846153846153846 0.054679284963196635
0 0.032692307692307694 0.6009463722397477 0.03076923076923077 0.05573080967402734
0 0.9415384615384615 0.5809674027339643 0.02 0.050473186119873815
0 0.01 0.6062039957939012 0.018461538461538463 0.05573080967402734
0 0.06423076923076923 0.6056782334384858 0.03307692307692308 0.054679284963196635
0 0.8511538461538461 0.5888538380651945 0.022307692307692306 0.050473186119873815
0 0.8296153846153846 0.5914826498422713 0.023076923076923078 0.050473186119873815
0 0.92 0.5899053627760252 0.022307692307692306 0.0452155625657203
0 0.8969230769230769 0.5904311251314406 0.02076923076923077 0.04942166140904311
0 0.8746153846153846 0.594111461619348 0.021538461538461538 0.050473186119873815
0 0.6580769230769231 0.5993690851735016 0.024615384615384615 0.05362776025236593
0 0.8061538461538461 0.5967402733964248 0.026153846153846153 0.050473186119873815
0 0.7334615384615385 0.5988433228180863 0.023846153846153847 0.052576235541535225
0 0.7565384615384615 0.5983175604626709 0.022307692307692306 0.048370136698212406
0 0.6838461538461539 0.6019978969505784 0.023076923076923078 0.05362776025236593
0 0.7092307692307692 0.6019978969505784 0.024615384615384615 0.056782334384858045
0 0.6319230769230769 0.6046267087276551 0.023076923076923078 0.04942166140904311
0 0.7803846153846153 0.6019978969505784 0.023846153846153847 0.048370136698212406
0 0.5061538461538462 0.61198738170347 0.023846153846153847 0.05152471083070452
0 0.5576923076923077 0.6109358569926393 0.026153846153846153 0.05152471083070452
0 0.6069230769230769 0.6098843322818086 0.024615384615384615 0.050473186119873815
0 0.5319230769230769 0.61198738170347 0.023846153846153847 0.050473186119873815
0 0.5823076923076923 0.61198738170347 0.023846153846153847 0.050473186119873815
0 0.455 0.6161934805467929 0.026923076923076925 0.056782334384858045
0 0.4807692307692308 0.6172450052576236 0.023076923076923078 0.04942166140904311
0 0.4003846153846154 0.6256572029442692 0.022307692307692306 0.04416403785488959
0 0.4276923076923077 0.6272344900105152 0.02846153846153846 0.056782334384858045
0 0.37615384615384617 0.6288117770767613 0.026153846153846153 0.052576235541535225
0 0.26461538461538464 0.6324921135646687 0.026923076923076925 0.046267087276550996
0 0.3211538461538462 0.6330178759200841 0.025384615384615384 0.046267087276550996
0 0.3473076923076923 0.6335436382754994 0.025384615384615384 0.04942166140904311
0 0.2373076923076923 0.6366982124079916 0.026923076923076925 0.05152471083070452
0 0.29346153846153844 0.6366982124079916 0.027692307692307693 0.05152471083070452
0 0.21153846153846154 0.6403785488958991 0.025384615384615384 0.050473186119873815
0 0.1576923076923077 0.6419558359621451 0.026153846153846153 0.054679284963196635
0 0.185 0.6435331230283912 0.025384615384615384 0.05362776025236593
0 0.9838461538461538 0.6246056782334385 0.022307692307692306 0.04942166140904311
0 0.958076923076923 0.6282860147213459 0.018461538461538463 0.04942166140904311
0 0.10076923076923076 0.6524710830704522 0.027692307692307693 0.05362776025236593
0 0.1296153846153846 0.6519453207150369 0.03 0.052576235541535225
0 0.9384615384615385 0.6335436382754994 0.022307692307692306 0.052576235541535225
0 0.03923076923076923 0.6577287066246057 0.03076923076923077 0.05573080967402734
0 0.9138461538461539 0.6393270241850684 0.022307692307692306 0.050473186119873815
0 0.8919230769230769 0.6414300736067298 0.02076923076923077 0.048370136698212406
0 0.8284615384615385 0.6435331230283912 0.021538461538461538 0.04942166140904311
0 0.8511538461538461 0.6435331230283912 0.023076923076923078 0.052576235541535225
0 0.33807692307692305 0.06992639327024185 0.08461538461538462 0.029442691903259727
0 0.06884615384615385 0.6629863301787592 0.03230769230769231 0.05362776025236593
0 0.8719230769230769 0.6456361724500526 0.02076923076923077 0.048370136698212406
0 0.7576923076923077 0.6482649842271293 0.022307692307692306 0.04942166140904311
0 0.01423076923076923 0.6666666666666666 0.024615384615384615 0.056782334384858045
0 0.8061538461538461 0.6487907465825447 0.022307692307692306 0.052576235541535225
0 0.6584615384615384 0.6545741324921136 0.023846153846153847 0.05152471083070452
0 0.735 0.6529968454258676 0.023076923076923078 0.0473186119873817
0 0.7807692307692308 0.6524710830704522 0.022307692307692306 0.050473186119873815
0 0.6826923076923077 0.6561514195583596 0.02076923076923077 0.046267087276550996
0 0.6326923076923077 0.658254468980021 0.023076923076923078 0.054679284963196635
0 0.7103846153846154 0.6577287066246057 0.023846153846153847 0.05152471083070452
0 0.5292307692307693 0.6635120925341745 0.023846153846153847 0.05152471083070452
0 0.556923076923077 0.6635120925341745 0.025384615384615384 0.05152471083070452
0 0.5823076923076923 0.6629863301787592 0.026153846153846153 0.052576235541535225
0 0.5046153846153846 0.6656151419558359 0.024615384615384615 0.054679284963196635
0 0.6088461538461538 0.6635120925341745 0.023076923076923078 0.05783385909568875
0 0.4523076923076923 0.6729758149316509 0.023846153846153847 0.046267087276550996
0 0.47692307692307695 0.6724500525762356 0.022307692307692306 0.052576235541535225
0 0.4026923076923077 0.6756046267087277 0.026153846153846153 0.05362776025236593
0 0.42730769230769233 0.6787592008412198 0.023076923076923078 0.050473186119873815
0 0.26692307692307693 0.6834910620399579 0.027692307692307693 0.05573080967402734
0 0.3769230769230769 0.6829652996845426 0.027692307692307693 0.05573080967402734
0 0.3230769230769231 0.685068349106204 0.026923076923076925 0.05573080967402734
0 0.34884615384615386 0.685068349106204 0.025384615384615384 0.052576235541535225
0 0.2969230769230769 0.6892744479495269 0.024615384615384615 0.052576235541535225
0 0.23884615384615385 0.6913774973711883 0.026923076923076925 0.056782334384858045
0 0.21307692307692308 0.6950578338590957 0.025384615384615384 0.05573080967402734
0 0.9546153846153846 0.6777076761303891 0.021538461538461538 0.04416403785488959
0 0.9753846153846154 0.6771819137749737 0.018461538461538463 0.04416403785488959
0 0.15884615384615386 0.6976866456361724 0.026153846153846153 0.05362776025236593
0 0.9938461538461538 0.6771819137749737 0.012307692307692308 0.048370136698212406
0 0.1853846153846154 0.6987381703470031 0.027692307692307693 0.05573080967402734
0 0.9346153846153846 0.6855941114616193 0.019230769230769232 0.04311251314405889
0 0.911923076923077 0.68664563617245 0.021538461538461538 0.0473186119873817
0 0.13153846153846155 0.7055730809674028 0.02846153846153846 0.052576235541535225
0 0.10230769230769231 0.7082018927444795 0.02846153846153846 0.05362776025236593
0 0.89 0.6908517350157729 0.02 0.0473186119873817
0 0.8269230769230769 0.6950578338590957 0.021538461538461538 0.04942166140904311
0 0.8484615384615385 0.695583596214511 0.02076923076923077 0.048370136698212406
0 0.8703846153846154 0.6961093585699264 0.02076923076923077 0.04942166140904311
0 0.04576923076923077 0.7166140904311251 0.03307692307692308 0.05573080967402734
0 0.07230769230769231 0.7155625657202944 0.024615384615384615 0.050473186119873815
0 0.02076923076923077 0.7192429022082019 0.021538461538461538 0.05152471083070452
0 0.8038461538461539 0.7008412197686645 0.021538461538461538 0.04416403785488959
0 0.7315384615384616 0.7029442691903259 0.023846153846153847 0.04942166140904311
0 0.7580769230769231 0.7034700315457413 0.023846153846153847 0.05362776025236593
0 0.6807692307692308 0.7066246056782335 0.022307692307692306 0.05152471083070452
0 0.7792307692307693 0.7055730809674028 0.02076923076923077 0.048370136698212406
0 0.7053846153846154 0.7076761303890642 0.024615384615384615 0.046267087276550996
0 0.63 0.7129337539432177 0.023076923076923078 0.05152471083070452
0 0.655 0.7139852786540484 0.024615384615384615 0.052576235541535225
0 0.5303846153846153 0.7176656151419558 0.025384615384615384 0.048370136698212406
0 0.6069230769230769 0.7160883280757098 0.024615384615384615 0.050473186119873815
0 0.5046153846153846 0.7187171398527865 0.026153846153846153 0.04942166140904311
0 0.5815384615384616 0.7171398527865405 0.024615384615384615 0.052576235541535225
0 0.5565384615384615 0.7187171398527865 0.022307692307692306 0.05362776025236593
0 0.45346153846153847 0.7255520504731862 0.024615384615384615 0.056782334384858045
0 0.47846153846153844 0.7260778128286015 0.025384615384615384 0.054679284963196635
0 0.4023076923076923 0.7308096740273397 0.023076923076923078 0.054679284963196635
0 0.42730769230769233 0.7308096740273397 0.024615384615384615 0.05152471083070452
0 0.2723076923076923 0.7376445846477392 0.024615384615384615 0.054679284963196635
0 0.3261538461538461 0.7386961093585699 0.025384615384615384 0.04942166140904311
0 0.3507692307692308 0.7381703470031545 0.023846153846153847 0.05152471083070452
0 0.37615384615384617 0.7376445846477392 0.024615384615384615 0.048370136698212406
0 0.9707692307692307 0.7250262881177708 0.021538461538461538 0.04416403785488959
0 0.9926923076923077 0.7255520504731862 0.014615384615384615 0.048370136698212406
0 0.29846153846153844 0.7434279705573081 0.02846153846153846 0.056782334384858045
0 0.9496153846153846 0.7281808622502629 0.016923076923076923 0.0473186119873817
0 0.245 0.7455310199789695 0.026923076923076925 0.05152471083070452
0 0.21884615384615386 0.749211356466877 0.023846153846153847 0.046267087276550996
0 0.931923076923077 0.732912723449001 0.02 0.046267087276550996
0 0.16230769230769232 0.7518401682439537 0.026923076923076925 0.048370136698212406
0 0.19153846153846155 0.7534174553101998 0.02846153846153846 0.05362776025236593
0 0.13307692307692306 0.7570977917981072 0.03 0.04942166140904311
0 0.91 0.7386961093585699 0.02076923076923077 0.0473186119873817
0 0.8865384615384615 0.7423764458464774 0.021538461538461538 0.046267087276550996
0 0.8442307692307692 0.7460567823343849 0.02076923076923077 0.04942166140904311
0 0.821923076923077 0.7481598317560463 0.022307692307692306 0.052576235541535225
0 0.10230769230769231 0.7655099894847529 0.02846153846153846 0.05573080967402734
0 0.8653846153846154 0.7481598317560463 0.023076923076923078 0.04942166140904311
0 0.07461538461538461 0.767087276550999 0.03 0.052576235541535225
0 0.796923076923077 0.750788643533123 0.021538461538461538 0.046267087276550996
0 0.04576923076923077 0.7718191377497371 0.02846153846153846 0.05152471083070452
0 0.7023076923076923 0.7560462670872765 0.023076923076923078 0.048370136698212406
0 0.7242307692307692 0.7560462670872765 0.023076923076923078 0.050473186119873815
0 0.7488461538461538 0.7555205047318612 0.023076923076923078 0.05362776025236593
0 0.7726923076923077 0.7560462670872765 0.021538461538461538 0.04942166140904311
0 0.6761538461538461 0.7581493165089379 0.021538461538461538 0.04942166140904311
0 0.6273076923076923 0.7634069400630915 0.014615384615384615 0.0452155625657203
0 0.016923076923076923 0.7802313354363828 0.026923076923076925 0.054679284963196635
0 0.5057692307692307 0.770241850683491 0.026923076923076925 0.052576235541535225
0 0.5307692307692308 0.770241850683491 0.023076923076923078 0.05573080967402734
0 0.6538461538461539 0.7676130389064143 0.024615384615384615 0.054679284963196635
0 0.5788461538461539 0.770241850683491 0.019230769230769232 0.04311251314405889
0 0.6065384615384616 0.770241850683491 0.026923076923076925 0.052576235541535225
0 0.47884615384615387 0.7744479495268138 0.022307692307692306 0.0473186119873817
0 0.5561538461538461 0.7733964248159831 0.026153846153846153 0.05152471083070452
0 0.45576923076923076 0.7797055730809674 0.024615384615384615 0.048370136698212406
0 0.405 0.7833859095688749 0.026153846153846153 0.052576235541535225
0 0.43038461538461537 0.7828601472134595 0.023846153846153847 0.04942166140904311
0 0.9707692307692307 0.7739221871713985 0.02 0.048370136698212406
0 0.3769230769230769 0.7896950578338591 0.023846153846153847 0.052576235541535225
0 0.9915384615384616 0.7754994742376445 0.016923076923076923 0.04100946372239748
0 0.3253846153846154 0.7912723449001051 0.025384615384615384 0.054679284963196635
0 0.27192307692307693 0.7928496319663512 0.023846153846153847 0.04942166140904311
0 0.9507692307692308 0.7770767613038907 0.019230769230769232 0.04942166140904311
0 0.3515384615384615 0.7912723449001051 0.024615384615384615 0.05362776025236593
0 0.24653846153846154 0.7970557308096741 0.026923076923076925 0.046267087276550996
0 0.9284615384615384 0.7818086225026288 0.02 0.0473186119873817
0 0.2988461538461539 0.7970557308096741 0.024615384615384615 0.050473186119873815
0 0.21846153846153846 0.8002103049421662 0.027692307692307693 0.054679284963196635
0 0.16384615384615384 0.8049421661409043 0.027692307692307693 0.05573080967402734
0 0.9096153846153846 0.7875920084121977 0.02 0.04311251314405889
0 0.19115384615384615 0.8065194532071503 0.026153846153846153 0.052576235541535225
0 0.8846153846153846 0.7917981072555205 0.022307692307692306 0.050473186119873815
0 0.8634615384615385 0.7949526813880127 0.023076923076923078 0.046267087276550996
0 0.1346153846153846 0.8128286014721346 0.03076923076923077 0.056782334384858045
0 0.8396153846153847 0.7965299684542587 0.019230769230769232 0.04206098843322818
0 0.10692307692307693 0.8201892744479495 0.026923076923076925 0.054679284963196635
0 0.7265384615384616 0.8065194532071503 0.023076923076923078 0.048370136698212406
0 0.7003846153846154 0.8070452155625657 0.02076923076923077 0.050473186119873815
0 0.7738461538461539 0.805993690851735 0.023076923076923078 0.048370136698212406
0 0.08115384615384616 0.8233438485804416 0.03 0.054679284963196635
0 0.7496153846153846 0.8091482649842271 0.023076923076923078 0.0473186119873817
0 0.6803846153846154 0.8107255520504731 0.023846153846153847 0.048370136698212406
0 0.051923076923076926 0.8286014721345951 0.03 0.054679284963196635
0 0.6288461538461538 0.8159831756046267 0.023846153846153847 0.05362776025236593
0 0.5776923076923077 0.8175604626708728 0.021538461538461538 0.050473186119873815
0 0.6553846153846153 0.8175604626708728 0.025384615384615384 0.04942166140904311
0 0.5042307692307693 0.8207150368033649 0.023846153846153847 0.05152471083070452
0 0.4773076923076923 0.8228180862250263 0.023076923076923078 0.046267087276550996
0 0.53 0.8228180862250263 0.025384615384615384 0.04942166140904311
0 0.6019230769230769 0.8212407991587802 0.023076923076923078 0.04206098843322818
0 0.5534615384615384 0.823869610935857 0.021538461538461538 0.04206098843322818
0 0.021538461538461538 0.8370136698212408 0.03307692307692308 0.054679284963196635
0 0.4530769230769231 0.8291272344900105 0.024615384615384615 0.0473186119873817
0 0.48615384615384616 0.08412197686645637 0.027692307692307693 0.058885383806519455
0 0.9942307692307693 0.8186119873817035 0.011538461538461539 0.0452155625657203
0 0.42846153846153845 0.8343848580441641 0.021538461538461538 0.04416403785488959
0 0.9780769230769231 0.8243953732912723 0.019230769230769232 0.05152471083070452
0 0.3792307692307692 0.8391167192429022 0.023846153846153847 0.048370136698212406
0 0.9534615384615385 0.8264984227129337 0.02076923076923077 0.0473186119873817
0 0.4046153846153846 0.8401682439537329 0.025384615384615384 0.05152471083070452
0 0.27192307692307693 0.844900105152471 0.026923076923076925 0.05362776025236593
0 0.9338461538461539 0.8296529968454258 0.019230769230769232 0.050473186119873815
0 0.35384615384615387 0.8438485804416404 0.024615384615384615 0.05152471083070452
0 0.3280769230769231 0.8454258675078864 0.026153846153846153 0.05362776025236593
0 0.24576923076923077 0.8480546792849631 0.026153846153846153 0.05152471083070452
0 0.9138461538461539 0.8338590956887487 0.022307692307692306 0.050473186119873815
0 0.29923076923076924 0.8501577287066246 0.02846153846153846 0.05152471083070452
0 0.8876923076923077 0.8385909568874869 0.021538461538461538 0.04416403785488959
0 0.21846153846153846 0.8569926393270242 0.027692307692307693 0.05152471083070452
0 0.8419230769230769 0.8422712933753943 0.022307692307692306 0.048370136698212406
0 0.8653846153846154 0.8427970557308097 0.023076923076923078 0.04942166140904311
0 0.19153846153846155 0.8601472134595163 0.027692307692307693 0.052576235541535225
0 0.16307692307692306 0.8622502628811777 0.02923076923076923 0.05573080967402734
0 0.8196153846153846 0.8480546792849631 0.022307692307692306 0.0452155625657203
0 0.7953846153846154 0.852260778128286 0.024615384615384615 0.046267087276550996
0 0.13615384615384615 0.8706624605678234 0.03230769230769231 0.05573080967402734
0 0.7473076923076923 0.8559411146161935 0.023846153846153847 0.04100946372239748
0 0.5130769230769231 0.08569926393270241 0.027692307692307693 0.054679284963196635
0 0.5403846153846154 0.08569926393270241 0.02846153846153846 0.05783385909568875
0 0.7034615384615385 0.8580441640378549 0.023076923076923078 0.050473186119873815
0 0.7246153846153847 0.8575184016824395 0.02076923076923077 0.048370136698212406
0 0.6776923076923077 0.8596214511041009 0.022307692307692306 0.048370136698212406
0 0.7707692307692308 0.8575184016824395 0.021538461538461538 0.046267087276550996
0 0.10961538461538461 0.8748685594111462 0.02846153846153846 0.05362776025236593
0 0.655 0.8638275499474237 0.025384615384615384 0.04416403785488959
0 0.6319230769230769 0.8659305993690851 0.023076923076923078 0.046267087276550996
0 0.08 0.879074658254469 0.03461538461538462 0.05362776025236593
0 0.6084615384615385 0.8675078864353313 0.02 0.04416403785488959
0 0.5865384615384616 0.8690851735015773 0.024615384615384615 0.04942166140904311
0 0.5073076923076923 0.8722397476340694 0.023076923076923078 0.0473186119873817
0 0.4580769230769231 0.08885383806519453 0.02923076923076923 0.052576235541535225
0 0.4796153846153846 0.8732912723449001 0.027692307692307693 0.05783385909568875
0 0.5330769230769231 0.8722397476340694 0.024615384615384615 0.052576235541535225
0 0.5603846153846154 0.8717139852786541 0.025384615384615384 0.048370136698212406
0 0.04846153846153846 0.8874868559411146 0.031538461538461536 0.04942166140904311
0 0.4530769230769231 0.8780231335436383 0.022307692307692306 0.04100946372239748
0 0.4296153846153846 0.8796004206098843 0.023076923076923078 0.0452155625657203
0 0.018846153846153846 0.889589905362776 0.02846153846153846 0.052576235541535225
0 0.9669230769230769 0.8722397476340694 0.016923076923076923 0.04311251314405889
0 0.9907692307692307 0.8717139852786541 0.018461538461538463 0.04206098843322818
0 0.95 0.8732912723449001 0.02076923076923077 0.04311251314405889
0 0.38 0.8869610935856993 0.024615384615384615 0.04206098843322818
0 0.40576923076923077 0.8869610935856993 0.02923076923076923 0.04206098843322818
0 0.3553846153846154 0.8885383806519453 0.024615384615384615 0.03995793901156677
0 0.8976923076923077 0.8759200841219769 0.023846153846153847 0.03890641430073607
0 0.32846153846153847 0.8901156677181914 0.025384615384615384 0.03890641430073607
0 0.9196153846153846 0.8764458464773922 0.018461538461538463 0.035751840168243953
0 0.27692307692307694 0.8922187171398528 0.026923076923076925 0.03680336487907466
0 0.25 0.8937960042060988 0.024615384615384615 0.035751840168243953
0 0.3026923076923077 0.8927444794952681 0.025384615384615384 0.03470031545741325
0 0.8738461538461538 0.879074658254469 0.019230769230769232 0.03259726603575184
0 0.22384615384615383 0.8958990536277602 0.025384615384615384 0.031545741324921134
0 0.8323076923076923 0.8827549947423764 0.019230769230769232 0.029442691903259727
0 0.8519230769230769 0.8827549947423764 0.019230769230769232 0.027339642481598318
0 0.19653846153846155 0.8990536277602523 0.027692307692307693 0.028391167192429023
0 0.79 0.8853838065194533 0.019230769230769232 0.026288117770767613
0 0.8111538461538461 0.8853838065194533 0.021538461538461538 0.025236593059936908
0 0.17076923076923076 0.9006309148264984 0.023846153846153847 0.024185068349106203
0 0.5711538461538461 0.08937960042060988 0.025384615384615384 0.054679284963196635
0 0.6542307692307693 0.08937960042060988 0.025384615384615384 0.056782334384858045
0 0.6 0.0904311251314406 0.027692307692307693 0.056782334384858045
0 0.6276923076923077 0.09095688748685594 0.027692307692307693 0.05783385909568875
0 0.43115384615384617 0.09779179810725552 0.03076923076923077 0.05573080967402734
0 0.40384615384615385 0.09936908517350158 0.026923076923076925 0.052576235541535225
0 0.29423076923076924 0.10357518401682439 0.02846153846153846 0.056782334384858045
0 0.14961538461538462 0.10830704521556257 0.02923076923076923 0.05783385909568875
0 0.68 0.09621451104100946 0.025384615384615384 0.05362776025236593
0 0.37653846153846154 0.10410094637223975 0.02846153846153846 0.05783385909568875
0 0.2642307692307692 0.10725552050473186 0.02923076923076923 0.05993690851735016
0 0.8065384615384615 0.0946372239747634 0.023846153846153847 0.05573080967402734
0 0.17884615384615385 0.10988433228180862 0.03 0.05993690851735016
0 0.35 0.10620399579390116 0.026923076923076925 0.05573080967402734
0 0.8323076923076923 0.0946372239747634 0.023846153846153847 0.05573080967402734
0 0.7038461538461539 0.09779179810725552 0.025384615384615384 0.05783385909568875
0 0.23576923076923076 0.10988433228180862 0.02923076923076923 0.05783385909568875
0 0.73 0.09884332281808622 0.023076923076923078 0.058885383806519455
0 0.2076923076923077 0.11146161934805468 0.02923076923076923 0.05783385909568875
0 0.7838461538461539 0.09779179810725552 0.021538461538461538 0.05573080967402734
0 0.8561538461538462 0.09621451104100946 0.022307692307692306 0.056782334384858045
0 0.7596153846153846 0.09884332281808622 0.026923076923076925 0.05573080967402734
0 0.09115384615384615 0.11461619348054679 0.033846153846153845 0.06203995793901157