0 0.6092307692307692 0.162839248434238 0.0823076923076923 0.1722338204592902
0 0.03769230769230769 0.2056367432150313 0.07538461538461538 0.16910229645093947
0 0.47615384615384615 0.17640918580375783 0.07076923076923076 0.15762004175365343
0 0.24384615384615385 0.21450939457202506 0.07615384615384616 0.1638830897703549
0 0.32461538461538464 0.20876826722338204 0.07538461538461538 0.16597077244258873
0 0.8326923076923077 0.1732776617954071 0.07461538461538461 0.1638830897703549
0 0.7503846153846154 0.17954070981210857 0.07846153846153846 0.17014613778705637
0 0.46192307692307694 0.30062630480167013 0.13692307692307693 0.11064718162839249
0 0.6330769230769231 0.29018789144050106 0.12461538461538461 0.11064718162839249
0 0.05846153846153846 0.3345511482254697 0.11692307692307692 0.10542797494780794
0 0.24923076923076923 0.37995824634655534 0.27307692307692305 0.18789144050104384
0 0.835 0.34498956158663885 0.2692307692307692 0.1951983298538622
0 0.6365384615384615 0.37839248434237993 0.13076923076923078 0.10542797494780794
0 0.06076923076923077 0.4279749478079332 0.12153846153846154 0.10855949895615867
0 0.45615384615384613 0.40187891440501045 0.13153846153846155 0.10855949895615867
0 0.12461538461538461 0.5151356993736952 0.24923076923076923 0.12839248434237996
0 0.3830769230769231 0.5046972860125261 0.2653846153846154 0.1127348643006263
0 0.6753846153846154 0.5213987473903967 0.2846153846153846 0.22025052192066805
0 0.9084615384615384 0.5245302713987474 0.18307692307692308 0.2056367432150313
0 0.12461538461538461 0.6033402922755741 0.24615384615384617 0.13465553235908143
0 0.6707692307692308 0.05688935281837161 0.2692307692307692 0.11377870563674322
0 0.38076923076923075 0.6022964509394572 0.2676923076923077 0.12734864300626306
0 0.9023076923076923 0.04749478079331942 0.1646153846153846 0.09498956158663883
0 0.15576923076923077 0.08820459290187892 0.2592307692307692 0.1336116910229645
0 0.07423076923076923 0.7296450939457203 0.08153846153846153 0.16805845511482254
0 0.41 0.07620041753653445 0.25846153846153846 0.11586638830897704
0 0.6115384615384616 0.6936325678496869 0.09230769230769231 0.1826722338204593
0 0.1803846153846154 0.7332985386221295 0.07307692307692308 0.1638830897703549
0 0.47384615384615386 0.7186847599164927 0.07384615384615385 0.17954070981210857
0 0.305 0.7332985386221295 0.07461538461538461 0.1649269311064718
0 0.7653846153846153 0.7160751565762005 0.07538461538461538 0.17118997912317327
0 0.9338461538461539 0.7061586638830898 0.07923076923076923 0.174321503131524
0 0.06807692307692308 0.8543841336116911 0.11307692307692307 0.09603340292275574
0 0.6353846153846154 0.8293319415448852 0.13076923076923078 0.1127348643006263
0 0.4596153846153846 0.8460334029227558 0.12384615384615384 0.09916492693110647
0 0.25846153846153846 0.8637787056367432 0.2623076923076923 0.1336116910229645
0 0.8365384615384616 0.8387265135699373 0.2746153846153846 0.10960334029227557