0 0.76 0.11494252873563218 0.4369230769230769 0.22988505747126436
0 0.3646153846153846 0.1452455590386625 0.38846153846153847 0.2664576802507837
0 0.09461538461538462 0.17972831765935215 0.18923076923076923 0.2027168234064786
0 0.8796153846153846 0.2852664576802508 0.23076923076923078 0.26332288401253917
0 0.1723076923076923 0.37460815047021945 0.32846153846153847 0.2497387669801463
0 0.5457692307692308 0.33176593521421105 0.43153846153846154 0.27063740856844304
0 0.09076923076923077 0.5386624869383491 0.18153846153846154 0.22884012539184953
0 0.34615384615384615 0.5626959247648903 0.36846153846153845 0.24660397074190177
0 0.7634615384615384 0.5402298850574713 0.47307692307692306 0.29258098223615464
0 0.17346153846153847 0.7298850574712644 0.29 0.26436781609195403
0 0.5807692307692308 0.7471264367816092 0.4338461538461538 0.2716823406478579
0 0.8992307692307693 0.7507836990595611 0.20153846153846153 0.23510971786833856