0 0.676923076923077 0.14733542319749215 0.06384615384615384 0.12016718913270637
0 0.6211538461538462 0.15726227795193312 0.06230769230769231 0.12539184952978055
0 0.7357692307692307 0.1452455590386625 0.06461538461538462 0.12121212121212122
0 0.5626923076923077 0.16614420062695925 0.06615384615384616 0.12643678160919541
0 0.7973076923076923 0.1400208986415883 0.06692307692307692 0.12225705329153605
0 0.8596153846153847 0.13270637408568442 0.06615384615384616 0.12016718913270637
0 0.3269230769230769 0.19696969696969696 0.06692307692307692 0.12330198537095088
0 0.44461538461538463 0.18286311389759666 0.06384615384615384 0.12539184952978055
0 0.5026923076923077 0.17607105538140022 0.06230769230769231 0.12121212121212122
0 0.09346153846153846 0.2251828631138976 0.06461538461538462 0.12539184952978055
0 0.2680769230769231 0.20480668756530826 0.06461538461538462 0.12434691745036573
0 0.1519230769230769 0.21891327063740856 0.06615384615384616 0.12434691745036573
0 0.21076923076923076 0.21212121212121213 0.06384615384615384 0.12539184952978055
0 0.9611538461538461 0.12330198537095088 0.04 0.11703239289446186
0 0.03538461538461538 0.2335423197492163 0.06461538461538462 0.12434691745036573
0 0.38576923076923075 0.1922675026123302 0.06538461538461539 0.12434691745036573
0 0.915 0.13166144200626959 0.06307692307692307 0.1180773249738767
0 0.676923076923077 0.26332288401253917 0.06230769230769231 0.11912225705329153
0 0.6196153846153846 0.274294670846395 0.06538461538461539 0.12016718913270637
0 0.735 0.2617554858934169 0.06384615384615384 0.12225705329153605
0 0.7957692307692308 0.2560083594566353 0.06076923076923077 0.1180773249738767
0 0.8526923076923076 0.2502612330198537 0.06461538461538462 0.12225705329153605
0 0.9596153846153846 0.23772204806687566 0.057692307692307696 0.11912225705329153
0 0.32846153846153847 0.3124346917450366 0.06615384615384616 0.12121212121212122
0 0.5038461538461538 0.29205851619644724 0.06461538461538462 0.12016718913270637
0 0.5611538461538461 0.2852664576802508 0.06461538461538462 0.12016718913270637
0 0.9069230769230769 0.24503657262277953 0.06461538461538462 0.11912225705329153
0 0.21423076923076922 0.3275862068965517 0.06307692307692307 0.12330198537095088
0 0.27192307692307693 0.3207941483803553 0.06230769230769231 0.1180773249738767
0 0.15692307692307692 0.3349007314524556 0.06307692307692307 0.11912225705329153
0 0.10038461538461538 0.34221525600835945 0.06076923076923077 0.11285266457680251
0 0.44576923076923075 0.3014629049111808 0.06076923076923077 0.11494252873563218
0 0.04576923076923077 0.3490073145245559 0.06384615384615384 0.11389759665621735
0 0.38769230769230767 0.30929989550679204 0.06461538461538462 0.12016718913270637
0 0.6846153846153846 0.3793103448275862 0.06615384615384616 0.12225705329153605
0 0.6257692307692307 0.3892371995820272 0.06307692307692307 0.1180773249738767
0 0.05307692307692308 0.4592476489028213 0.06615384615384616 0.1180773249738767
0 0.8015384615384615 0.3709508881922675 0.06538461538461539 0.1180773249738767
0 0.10807692307692307 0.45297805642633227 0.06307692307692307 0.1180773249738767
0 0.9684615384615385 0.351619644723093 0.054615384615384614 0.12121212121212122
0 0.5123076923076924 0.4059561128526646 0.06307692307692307 0.12016718913270637
0 0.45384615384615384 0.41327063740856845 0.06307692307692307 0.12225705329153605
0 0.5692307692307692 0.3991640543364681 0.06307692307692307 0.1180773249738767
0 0.9130769230769231 0.35893416927899685 0.05846153846153846 0.11703239289446186
0 0.8603846153846154 0.3652037617554859 0.06307692307692307 0.11912225705329153
0 0.33884615384615385 0.4278996865203762 0.06384615384615384 0.11703239289446186
0 0.7430769230769231 0.37983281086729365 0.06692307692307692 0.12121212121212122
0 0.22384615384615383 0.44200626959247646 0.06461538461538462 0.1180773249738767
0 0.2823076923076923 0.4346917450365726 0.06538461538461539 0.12225705329153605
0 0.16615384615384615 0.44879832810867293 0.06538461538461539 0.12016718913270637
0 0.395 0.4221525600835946 0.06076923076923077 0.11598746081504702
0 0.63 0.5020898641588297 0.06153846153846154 0.11180773249738767
0 0.6865384615384615 0.4952978056426332 0.06153846153846154 0.109717868338558
0 0.8561538461538462 0.4754440961337513 0.06230769230769231 0.11494252873563218
0 0.9107692307692308 0.46917450365726227 0.06076923076923077 0.11389759665621735
0 0.9619230769230769 0.46342737722048066 0.06307692307692307 0.11285266457680251
0 0.7996153846153846 0.48380355276907 0.06384615384615384 0.11494252873563218
0 0.3476923076923077 0.5386624869383491 0.06307692307692307 0.11494252873563218
0 0.06346153846153846 0.5721003134796239 0.06230769230769231 0.1180773249738767
0 0.12153846153846154 0.5658307210031348 0.06461538461538462 0.11598746081504702
0 0.7423076923076923 0.49216300940438873 0.06307692307692307 0.11494252873563218
0 0.5169230769230769 0.5188087774294671 0.06153846153846154 0.11598746081504702
0 0.5742307692307692 0.5120167189132706 0.06230769230769231 0.11703239289446186
0 0.23423076923076924 0.5527690700104493 0.06230769230769231 0.11598746081504702
0 0.4603846153846154 0.5261233019853709 0.06230769230769231 0.11598746081504702
0 0.17884615384615385 0.5600835945663531 0.06307692307692307 0.109717868338558
0 0.4046153846153846 0.5339602925809822 0.06384615384615384 0.11494252873563218
0 0.2915384615384615 0.5475444096133751 0.06384615384615384 0.11598746081504702
0 0.62 0.048589341692789965 0.06615384615384616 0.09717868338557993
0 0.6811538461538461 0.045454545454545456 0.06538461538461539 0.09090909090909091
0 0.5626923076923077 0.054336468129571575 0.06692307692307692 0.10867293625914315
0 0.7384615384615385 0.044409613375130615 0.06615384615384616 0.08881922675026123
0 0.4430769230769231 0.06374085684430512 0.06461538461538462 0.12434691745036573
0 0.20961538461538462 0.09195402298850575 0.06461538461538462 0.12330198537095088
0 0.2684615384615385 0.0851619644723093 0.06538461538461539 0.12434691745036573
0 0.7988461538461539 0.04179728317659352 0.06846153846153846 0.08359456635318704
0 0.5026923076923077 0.05956112852664577 0.06692307692307692 0.11912225705329153
0 0.32653846153846156 0.07889237199582028 0.06538461538461539 0.12643678160919541
0 0.3853846153846154 0.07157784743991641 0.06615384615384616 0.12434691745036573
0 0.1503846153846154 0.09979101358411703 0.06615384615384616 0.12539184952978055
0 0.09153846153846154 0.10815047021943573 0.06538461538461539 0.12748171368861025
0 0.03307692307692308 0.1154649947753396 0.06615384615384616 0.12643678160919541
0 0.9557692307692308 0.03239289446185998 0.036153846153846154 0.06478578892371996
0 0.8553846153846154 0.040229885057471264 0.06615384615384616 0.08045977011494253
0 0.6861538461538461 0.599791013584117 0.06 0.11076280041797283
0 0.6303846153846154 0.6076280041797283 0.06230769230769231 0.10867293625914315
0 0.9161538461538462 0.5794148380355277 0.06153846153846154 0.11389759665621735
0 0.575 0.6201671891327064 0.05846153846153846 0.10867293625914315
0 0.46115384615384614 0.6342737722048067 0.06230769230769231 0.11703239289446186
0 0.5180769230769231 0.6280041797283177 0.06153846153846154 0.11285266457680251
0 0.7461538461538462 0.6013584117032393 0.06153846153846154 0.11912225705329153
0 0.8038461538461539 0.5956112852664577 0.06230769230769231 0.11598746081504702
0 0.8611538461538462 0.5888192267502612 0.06307692307692307 0.11912225705329153
0 0.29115384615384615 0.6567398119122257 0.06461538461538462 0.11598746081504702
0 0.34692307692307695 0.6504702194357367 0.06461538461538462 0.11598746081504702
0 0.40384615384615385 0.644723092998955 0.06307692307692307 0.1180773249738767
0 0.11884615384615385 0.6802507836990596 0.06153846153846154 0.11180773249738767
0 0.05884615384615385 0.6875653082549634 0.06692307692307692 0.11598746081504702
0 0.9726923076923077 0.5783699059561128 0.054615384615384614 0.11598746081504702
0 0.23461538461538461 0.668234064785789 0.06461538461538462 0.11703239289446186
0 0.17576923076923076 0.6755485893416928 0.06538461538461539 0.1180773249738767
0 0.911923076923077 0.03814002089864159 0.06538461538461539 0.07628004179728318
0 0.6396153846153846 0.7115987460815048 0.06307692307692307 0.11285266457680251
0 0.6953846153846154 0.7063740856844305 0.06 0.11076280041797283
0 0.5873076923076923 0.7241379310344828 0.06153846153846154 0.11076280041797283
0 0.9184615384615384 0.6875653082549634 0.06076923076923077 0.11389759665621735
0 0.4753846153846154 0.7408568443051202 0.05923076923076923 0.109717868338558
0 0.7542307692307693 0.7084639498432602 0.06230769230769231 0.11180773249738767
0 0.8646153846153846 0.6964472309299895 0.06153846153846154 0.11076280041797283
0 0.8092307692307692 0.703239289446186 0.06307692307692307 0.11285266457680251
0 0.9711538461538461 0.6849529780564263 0.057692307692307696 0.10762800417972831
0 0.08076923076923077 0.7910135841170324 0.06230769230769231 0.11180773249738767
0 0.5311538461538462 0.7382445141065831 0.06 0.11389759665621735
0 0.03576923076923077 0.7978056426332288 0.04384615384615385 0.11285266457680251
0 0.36230769230769233 0.7586206896551724 0.06153846153846154 0.11285266457680251
0 0.4196153846153846 0.7518286311389759 0.06538461538461539 0.12225705329153605
0 0.13576923076923078 0.786833855799373 0.06307692307692307 0.109717868338558
0 0.19384615384615383 0.780564263322884 0.06076923076923077 0.10658307210031348
0 0.24769230769230768 0.774294670846395 0.06230769230769231 0.109717868338558
0 0.30423076923076925 0.7711598746081505 0.06307692307692307 0.11285266457680251
0 0.7076923076923077 0.8150470219435737 0.05846153846153846 0.11180773249738767
0 0.6538461538461539 0.8239289446185998 0.06153846153846154 0.11494252873563218
0 0.8726923076923077 0.7998955067920586 0.06 0.11076280041797283
0 0.8165384615384615 0.8072100313479624 0.06 0.10867293625914315
0 0.046538461538461535 0.8996865203761756 0.05153846153846154 0.10553814002089865
0 0.15423076923076923 0.8881922675026124 0.06230769230769231 0.109717868338558
0 0.20923076923076922 0.8819226750261233 0.06384615384615384 0.11180773249738767
0 0.9288461538461539 0.796760710553814 0.06230769230769231 0.11285266457680251
0 0.7623076923076924 0.8166144200626959 0.057692307692307696 0.11389759665621735
0 0.26384615384615384 0.877742946708464 0.06 0.109717868338558
0 0.09615384615384616 0.8975966562173459 0.06615384615384616 0.11494252873563218
0 0.9773076923076923 0.7931034482758621 0.045384615384615384 0.10867293625914315
0 0.37576923076923074 0.8662486938349008 0.06153846153846154 0.11285266457680251
0 0.5423076923076923 0.8463949843260188 0.05923076923076923 0.11180773249738767
0 0.43153846153846154 0.8605015673981191 0.06230769230769231 0.11494252873563218
0 0.5988461538461538 0.8406478578892372 0.06153846153846154 0.11285266457680251
0 0.48730769230769233 0.855276907001045 0.06461538461538462 0.11389759665621735
0 0.31961538461538463 0.8756530825496343 0.06 0.10762800417972831