0 0.8780769230769231 0.1452455590386625 0.17846153846153845 0.10240334378265413
0 0.6315384615384615 0.25444096133751304 0.22 0.13479623824451412
0 0.8423076923076923 0.26332288401253917 0.21384615384615385 0.11703239289446186
0 0.9734615384615385 0.26541274817136884 0.04846153846153846 0.10762800417972831
0 0.5465384615384615 0.361546499477534 0.24153846153846154 0.13793103448275862
0 0.7588461538461538 0.3730407523510972 0.20153846153846153 0.11598746081504702
0 0.93 0.36886102403343785 0.13846153846153847 0.10553814002089865
0 0.175 0.445141065830721 0.07461538461538461 0.1588296760710554
0 0.4207692307692308 0.4952978056426332 0.07846153846153846 0.16509926854754442
0 0.5003846153846154 0.5005224660397074 0.08538461538461538 0.14629049111807732
0 0.8680769230769231 0.4952978056426332 0.07230769230769231 0.148380355276907
0 0.9811538461538462 0.493730407523511 0.03769230769230769 0.12643678160919541
0 0.9357692307692308 0.49738766980146293 0.06769230769230769 0.13897596656217345
0 0.5861538461538461 0.5088819226750261 0.09692307692307692 0.14733542319749215
0 0.7984615384615384 0.5047021943573667 0.07076923076923076 0.15569487983281086
0 0.3396153846153846 0.5203761755485894 0.08307692307692308 0.16927899686520376
0 0.7380769230769231 0.5109717868338558 0.0876923076923077 0.1619644723092999
0 0.6623076923076923 0.5167189132706375 0.08846153846153847 0.15987460815047022
0 0.9719230769230769 0.6128526645768025 0.05615384615384615 0.09717868338557993
0 0.8826923076923077 0.6191222570532915 0.09769230769230769 0.1013584117032393
0 0.7865384615384615 0.6379310344827587 0.09692307692307692 0.10762800417972831
0 0.6834615384615385 0.6473354231974922 0.10692307692307693 0.10762800417972831
0 0.5142307692307693 0.6562173458725182 0.09230769230769231 0.1671891327063741
0 0.42346153846153844 0.6614420062695925 0.08307692307692308 0.1724137931034483
0 0.5892307692307692 0.667189132706374 0.08615384615384615 0.1619644723092999
0 0.3465384615384615 0.6886102403343782 0.07769230769230769 0.17136886102403343
0 0.265 0.7210031347962382 0.08307692307692308 0.17136886102403343
0 0.1819230769230769 0.7246603970741902 0.08153846153846153 0.16823406478578892
0 0.09807692307692308 0.7518286311389759 0.08923076923076922 0.16927899686520376
0 0.965 0.7340647857889238 0.07 0.1536050156739812
0 0.9034615384615384 0.7439916405433646 0.07076923076923076 0.14420062695924765
0 0.8376923076923077 0.7554858934169278 0.07461538461538461 0.15987460815047022
0 0.7730769230769231 0.7648902821316614 0.07769230769230769 0.15047021943573669
0 0.7069230769230769 0.7727272727272727 0.07384615384615385 0.14629049111807732
0 0.03076923076923077 0.7925809822361547 0.054615384615384614 0.10344827586206896
0 0.5596153846153846 0.7957157784743991 0.22076923076923077 0.12121212121212122
0 0.3680769230769231 0.8275862068965517 0.12153846153846154 0.12121212121212122
0 0.24115384615384616 0.8547544409613375 0.12692307692307692 0.10658307210031348
0 0.10038461538461538 0.8761755485893417 0.07923076923076923 0.08045977011494253
0 0.032692307692307694 0.8908045977011494 0.05153846153846154 0.05956112852664577