0 0.91375 0.8568339100346021 0.08 0.06055363321799308
0 0.5975 0.8775951557093425 0.169375 0.08391003460207612
0 0.4646875 0.8849480968858131 0.07875 0.05536332179930796
0 0.98375 0.8620242214532872 0.0325 0.061418685121107264
0 0.338125 0.8961937716262975 0.165625 0.0657439446366782
0 0.78375 0.8754325259515571 0.17375 0.07352941176470588
0 0.1678125 0.9091695501730104 0.168125 0.06314878892733564
0 0.0434375 0.916955017301038 0.0675 0.05536332179930796
0 0.4009375 0.16219723183391002 0.059375 0.04930795847750865
0 0.3759375 0.21842560553633217 0.119375 0.061418685121107264
0 0.7446875 0.22188581314878894 0.12875 0.052768166089965395
0 0.40375 0.2625432525951557 0.06 0.05190311418685121
0 0.5390625 0.29282006920415227 0.039375 0.09775086505190311
0 0.5021875 0.2958477508650519 0.038125 0.0986159169550173
0 0.800625 0.28157439446366783 0.033125 0.08650519031141868
0 0.699375 0.2906574394463668 0.03375 0.08996539792387544
0 0.3846875 0.31271626297577854 0.116875 0.05363321799307959
0 0.0996875 0.3771626297577855 0.104375 0.05363321799307959
0 0.2296875 0.3711072664359862 0.159375 0.05968858131487889
0 0.413125 0.36375432525951557 0.148125 0.05709342560553633
0 0.6096875 0.3685121107266436 0.0775 0.054498269896193774
0 0.5303125 0.3732698961937716 0.079375 0.05536332179930796
0 0.8859375 0.3672145328719723 0.078125 0.05795847750865052
0 0.961875 0.36375432525951557 0.07125 0.05795847750865052
0 0.7490625 0.3771626297577855 0.1725 0.08217993079584775
0 0.221875 0.4338235294117647 0.170625 0.06487889273356401
0 0.0678125 0.4416089965397924 0.135625 0.06314878892733564
0 0.393125 0.4264705882352941 0.174375 0.0657439446366782
0 0.57875 0.43641868512110726 0.175 0.0657439446366782
0 0.9621875 0.42474048442906576 0.07375 0.06228373702422145
0 0.8853125 0.4294982698961938 0.079375 0.05968858131487889
0 0.750625 0.439878892733564 0.169375 0.07698961937716263
0 0.154375 0.49480968858131485 0.158125 0.061418685121107264
0 0.031875 0.5034602076124568 0.06375 0.05709342560553633
0 0.4471875 0.4844290657439446 0.081875 0.05536332179930796
0 0.319375 0.49091695501730104 0.173125 0.06228373702422145
0 0.5359375 0.5 0.085 0.06228373702422145
0 0.62 0.49567474048442905 0.081875 0.06055363321799308
0 0.965 0.4835640138408305 0.07 0.058823529411764705
0 0.8875 0.49091695501730104 0.08125 0.061418685121107264
0 0.708125 0.5012975778546713 0.085625 0.06487889273356401
0 0.799375 0.5051903114186851 0.08125 0.06401384083044982
0 0.07375 0.5605536332179931 0.14625 0.061418685121107264
0 0.233125 0.5549307958477508 0.17375 0.06401384083044982
0 0.4071875 0.5471453287197232 0.174375 0.06660899653979238
0 0.5378125 0.5596885813148789 0.084375 0.058823529411764705
0 0.6228125 0.5570934256055363 0.08375 0.058823529411764705
0 0.9184375 0.546280276816609 0.163125 0.06833910034602077
0 0.7146875 0.5601211072664359 0.085625 0.061418685121107264
0 0.795625 0.5618512110726643 0.0825 0.06228373702422145
0 0.1609375 0.6128892733564014 0.16 0.05795847750865052
0 0.0371875 0.6224048442906575 0.07 0.05709342560553633
0 0.3246875 0.6098615916955017 0.169375 0.06314878892733564
0 0.453125 0.6081314878892734 0.085625 0.05795847750865052
0 0.584375 0.6102941176470589 0.164375 0.056228373702422146
0 0.753125 0.6115916955017301 0.159375 0.061418685121107264
0 0.9278125 0.6076989619377162 0.144375 0.06314878892733564
0 0.08375 0.6773356401384083 0.159375 0.06314878892733564
0 0.41875 0.66219723183391 0.169375 0.06660899653979238
0 0.2484375 0.6730103806228374 0.17 0.06487889273356401
0 0.589375 0.6643598615916955 0.166875 0.06228373702422145
0 0.7575 0.6647923875432526 0.16125 0.06833910034602077
0 0.9296875 0.6686851211072664 0.140625 0.06401384083044982
0 0.4228125 0.7197231833910035 0.169375 0.06660899653979238
0 0.086875 0.7374567474048442 0.161875 0.06228373702422145
0 0.2525 0.7305363321799307 0.170625 0.06314878892733564
0 0.9296875 0.7292387543252595 0.140625 0.06401384083044982
0 0.64 0.7448096885813149 0.085625 0.061418685121107264
0 0.551875 0.7530276816608996 0.085625 0.06055363321799308
0 0.730625 0.7530276816608996 0.085625 0.061418685121107264
0 0.8134375 0.7504325259515571 0.083125 0.05968858131487889
0 0.4628125 0.7746539792387543 0.080625 0.058823529411764705
0 0.33875 0.782871972318339 0.165625 0.06228373702422145
0 0.168125 0.7941176470588235 0.170625 0.06314878892733564
0 0.0421875 0.8023356401384083 0.070625 0.05795847750865052
0 0.645 0.8083910034602076 0.083125 0.05795847750865052
0 0.9053125 0.796280276816609 0.084375 0.06228373702422145
0 0.975625 0.7936851211072664 0.04875 0.05968858131487889
0 0.55875 0.8144463667820069 0.08625 0.05968858131487889
0 0.81875 0.8122837370242214 0.080625 0.058823529411764705
0 0.431875 0.8317474048442907 0.1625 0.06487889273356401
0 0.739375 0.8174740484429066 0.083125 0.05968858131487889
0 0.2646875 0.8447231833910035 0.166875 0.06314878892733564
0 0.091875 0.8559688581314879 0.166875 0.061418685121107264