0 0.89070625 0.15970588235294117 0.21858749999999985 0.14006055363321795
0 0.17203125 0.16098615916955017 0.24484999999999998 0.14775086505190313
0 0.66565625 0.1708044982698962 0.23866250000000008 0.138356401384083
0 0.427125 0.17849480968858128 0.236725 0.14347750865051903
0 0.8884375 0.3040657439446367 0.223125 0.1375432525951557
0 0.1822125 0.3108650519031142 0.23805625 0.14176470588235293
0 0.65886875 0.31257785467128024 0.23496250000000005 0.14347750865051903
0 0.42280625 0.3236764705882353 0.23302499999999995 0.14006055363321795
0 0.15784375 0.04185121107266435 0.24732500000000002 0.08369377162629758
0 0.89564375 0.04441176470588236 0.20871250000000002 0.0871107266435986
0 0.88465625 0.4445242214532872 0.22623124999999988 0.13920415224913496
0 0.17696874999999998 0.4522058823529412 0.23250625 0.13408304498269896
0 0.6564 0.45434256055363326 0.23003125000000005 0.1383564013840831
0 0.421575 0.46629757785467124 0.22808750000000003 0.140060553633218
0 0.6678125 0.04974048442906574 0.243125 0.09948096885813149
0 0.4166375 0.05252595155709342 0.24043125000000004 0.10504325259515572
0 0.8800312499999999 0.5867214532871973 0.22561875000000015 0.14347750865051914
0 0.65208125 0.5939792387543252 0.22632499999999994 0.1426211072664361
0 0.19144375 0.5956833910034602 0.22936875 0.13066608996539789
0 0.4237625 0.6020934256055364 0.22506249999999997 0.136643598615917
0 0.87139375 0.7148183391003461 0.22068749999999995 0.134939446366782
0 0.19329375 0.7237889273356402 0.22566249999999996 0.12554498269896203
0 0.64560625 0.7310467128027682 0.22571249999999993 0.1332266435986159
0 0.4191375 0.7344636678200692 0.22198125000000005 0.1332266435986159
0 0.86830625 0.845060553633218 0.21821875000000004 0.13578719723183394
0 0.425925 0.855735294117647 0.22074375000000004 0.13152249134948094
0 0.64838125 0.8578719723183391 0.22139375 0.1272491349480968
0 0.1920625 0.8634256055363323 0.2232 0.11443771626297584