0 0.38076923076923075 0.12565997888067582 0.19538461538461538 0.10770855332629356
0 0.8073076923076923 0.10982048574445617 0.19615384615384615 0.1003167898627244
0 0.5911538461538461 0.12565997888067582 0.19846153846153847 0.10242872228088701
0 0.13038461538461538 0.20591341077085534 0.09615384615384616 0.0908130939809926
0 0.2823076923076923 0.2133051742344245 0.19846153846153847 0.11298838437170011
0 0.875 0.191129883843717 0.09923076923076923 0.10242872228088701
0 0.5123076923076924 0.2191129883843717 0.1946153846153846 0.10348468848996832
0 0.7180769230769231 0.21488912354804646 0.19615384615384615 0.09926082365364308
0 0.19615384615384615 0.30253431890179516 0.19846153846153847 0.10137275607180571
0 0.42 0.3057022175290391 0.19692307692307692 0.10665258711721225
0 0.8319230769230769 0.2893347412882788 0.20076923076923076 0.10559662090813093
0 0.6288461538461538 0.30623020063357975 0.1976923076923077 0.09926082365364308
0 0.075 0.05385427666314678 0.10384615384615385 0.07286166842661035
0 0.2573076923076923 0.049102428722280884 0.1930769230769231 0.08342133051742344
0 0.1276923076923077 0.4044350580781415 0.1123076923076923 0.10876451953537487
0 0.315 0.3954593453009504 0.19692307692307692 0.11298838437170011
0 0.8773076923076923 0.37328405491024286 0.09769230769230769 0.08764519535374868
0 0.5323076923076923 0.397571277719113 0.19153846153846155 0.09714889123548047
0 0.7338461538461538 0.3880675818373812 0.19153846153846155 0.09398099260823653
0 0.8384615384615385 0.03484688489968321 0.10461538461538461 0.06969376979936642
0 0.6811538461538461 0.0395987328405491 0.19923076923076924 0.0791974656810982
0 0.46076923076923076 0.04593453009503696 0.19692307692307692 0.09186906019007392
0 0.2276923076923077 0.48996832101372756 0.19846153846153847 0.09609292502639916
0 0.42730769230769233 0.4836325237592397 0.19 0.0908130939809926
0 0.8292307692307692 0.4651531151003168 0.19384615384615383 0.09820485744456177
0 0.6357692307692308 0.4783526927138332 0.19153846153846155 0.09503695881731784
0 0.33884615384615385 0.5702217529039071 0.19615384615384615 0.09714889123548047
0 0.895 0.5448785638859557 0.09538461538461539 0.0908130939809926
0 0.7523076923076923 0.5538542766631468 0.18846153846153846 0.09820485744456177
0 0.18384615384615385 0.5834213305174234 0.09769230769230769 0.09820485744456177
0 0.5465384615384615 0.5681098204857444 0.19923076923076924 0.10242872228088701
0 0.8342307692307692 0.6362196409714889 0.19230769230769232 0.0897571277719113
0 0.22423076923076923 0.6663146779303062 0.19846153846153847 0.09820485744456177
0 0.43038461538461537 0.6626187961985216 0.19076923076923077 0.09926082365364308
0 0.6380769230769231 0.6531151003167899 0.1946153846153846 0.09714889123548047
0 0.8807692307692307 0.7164730728616684 0.09153846153846154 0.08658922914466737
0 0.735 0.7302006335797254 0.1976923076923077 0.1003167898627244
0 0.3353846153846154 0.7513199577613516 0.19230769230769232 0.09503695881731784
0 0.5357692307692308 0.7428722280887011 0.19692307692307692 0.09820485744456177
0 0.18923076923076923 0.7602956705385427 0.09692307692307692 0.09609292502639916
0 0.8165384615384615 0.8120380147835269 0.1930769230769231 0.09609292502639916
0 0.43 0.8331573389651531 0.18769230769230769 0.09609292502639916
0 0.6207692307692307 0.824181626187962 0.19076923076923077 0.09292502639915523
0 0.23346153846153847 0.8453009503695882 0.19692307692307692 0.09714889123548047
0 0.15615384615384614 0.12090813093980993 0.1976923076923077 0.1003167898627244