0 0.315625 0.08658008658008658 0.05875 0.1393939393939394
0 0.935625 0.8679653679653679 0.06 0.10909090909090909
0 0.8759375 0.8692640692640693 0.0575 0.1038961038961039
0 0.2528125 0.08787878787878788 0.058125 0.14025974025974025
0 0.81125 0.8800865800865801 0.06125 0.08571428571428572
0 0.199375 0.08831168831168831 0.05875 0.14025974025974025
0 0.75375 0.8835497835497835 0.060625 0.07792207792207792
0 0.6953125 0.8857142857142857 0.0575 0.07186147186147186
0 0.64 0.8887445887445887 0.053125 0.06753246753246753
0 0.5259375 0.8891774891774892 0.054375 0.0683982683982684
0 0.585 0.8891774891774892 0.05625 0.0632034632034632
0 0.4125 0.8900432900432901 0.0575 0.06493506493506493
0 0.47 0.8900432900432901 0.054375 0.0658008658008658
0 0.3546875 0.8904761904761904 0.055625 0.0658008658008658
0 0.2428125 0.8904761904761904 0.05875 0.06406926406926407
0 0.181875 0.8909090909090909 0.05625 0.06406926406926407
0 0.3 0.8909090909090909 0.050625 0.0632034632034632
0 0.1240625 0.8917748917748918 0.06 0.06060606060606061
0 0.3778125 0.08917748917748917 0.061875 0.14112554112554113
0 0.0571875 0.8926406926406927 0.053125 0.05974025974025974
0 0.9584375 0.1696969696969697 0.05875 0.141991341991342
0 0.8990625 0.17445887445887445 0.055625 0.14372294372294372
0 0.836875 0.18051948051948052 0.056875 0.1445887445887446
0 0.7821875 0.19090909090909092 0.061875 0.14545454545454545
0 0.72375 0.19567099567099566 0.065 0.14372294372294372
0 0.668125 0.20562770562770563 0.060625 0.1445887445887446
0 0.6075 0.21471861471861473 0.0675 0.14372294372294372
0 0.5478125 0.21601731601731602 0.06625 0.1497835497835498
0 0.02375 0.21904761904761905 0.046875 0.14025974025974025
0 0.144375 0.21904761904761905 0.063125 0.14372294372294372
0 0.49 0.22077922077922077 0.07125 0.1497835497835498
0 0.4259375 0.22164502164502164 0.05875 0.14805194805194805
0 0.080625 0.22554112554112554 0.0625 0.14285714285714285
0 0.3128125 0.22683982683982684 0.05375 0.141991341991342
0 0.2028125 0.22727272727272727 0.054375 0.13766233766233765
0 0.2571875 0.22900432900432902 0.055 0.13766233766233765
0 0.3696875 0.23246753246753246 0.0575 0.14285714285714285
0 0.9584375 0.31601731601731603 0.05875 0.1393939393939394
0 0.8978125 0.319047619047619 0.06 0.14285714285714285
0 0.8340625 0.3229437229437229 0.058125 0.13766233766233765
0 0.7740625 0.33376623376623377 0.06375 0.14112554112554113
0 0.7178125 0.34155844155844156 0.066875 0.14891774891774892
0 0.66125 0.3536796536796537 0.064375 0.14285714285714285
0 0.6009375 0.3554112554112554 0.061875 0.14632034632034632
0 0.5428125 0.3606060606060606 0.0625 0.1445887445887446
0 0.1378125 0.36363636363636365 0.0625 0.14632034632034632
0 0.0228125 0.3645021645021645 0.045 0.141991341991342
0 0.4325 0.36536796536796534 0.059375 0.14112554112554113
0 0.4878125 0.36536796536796534 0.063125 0.1393939393939394
0 0.196875 0.3670995670995671 0.056875 0.14112554112554113
0 0.25375 0.36883116883116884 0.05875 0.14025974025974025
0 0.075 0.3696969696969697 0.064375 0.1393939393939394
0 0.3165625 0.37316017316017314 0.064375 0.14285714285714285
0 0.37625 0.3735930735930736 0.061875 0.1393939393939394
0 0.966875 0.45930735930735933 0.05625 0.14372294372294372
0 0.9021875 0.461038961038961 0.064375 0.141991341991342
0 0.8421875 0.4653679653679654 0.05875 0.14545454545454545
0 0.7840625 0.47445887445887447 0.05875 0.1393939393939394
0 0.7271875 0.48398268398268396 0.0575 0.1393939393939394
0 0.9565625 0.050216450216450215 0.05875 0.10043290043290043
0 0.6690625 0.4961038961038961 0.061875 0.1393939393939394
0 0.6134375 0.49826839826839825 0.060625 0.141991341991342
0 0.5540625 0.49826839826839825 0.0625 0.13852813852813853
0 0.8971875 0.050216450216450215 0.05875 0.10043290043290043
0 0.49875 0.5025974025974026 0.060625 0.1393939393939394
0 0.4371875 0.5051948051948052 0.069375 0.14372294372294372
0 0.0246875 0.5069264069264069 0.048125 0.1393939393939394
0 0.204375 0.509090909090909 0.05875 0.14025974025974025
0 0.1434375 0.5095238095238095 0.065 0.14372294372294372
0 0.081875 0.5116883116883116 0.06125 0.13852813852813853
0 0.3809375 0.5116883116883116 0.061875 0.14112554112554113
0 0.259375 0.5121212121212121 0.0575 0.14372294372294372
0 0.32125 0.5125541125541125 0.063125 0.141991341991342
0 0.8378125 0.05281385281385281 0.05875 0.10562770562770563
0 0.780625 0.05887445887445888 0.0575 0.11688311688311688
0 0.93375 0.6012987012987013 0.0575 0.1367965367965368
0 0.8703125 0.6043290043290044 0.0575 0.14285714285714285
0 0.7225 0.06103896103896104 0.06 0.12207792207792208
0 0.811875 0.6164502164502165 0.063125 0.14112554112554113
0 0.7540625 0.6242424242424243 0.06375 0.14285714285714285
0 0.695 0.6354978354978355 0.0575 0.14285714285714285
0 0.984375 0.6424242424242425 0.03125 0.14112554112554113
0 0.58125 0.6437229437229437 0.056875 0.1445887445887446
0 0.5159375 0.6441558441558441 0.063125 0.14112554112554113
0 0.6375 0.645021645021645 0.0525 0.1393939393939394
0 0.455625 0.6467532467532467 0.060625 0.14372294372294372
0 0.095625 0.6484848484848484 0.056875 0.13593073593073593
0 0.1534375 0.6484848484848484 0.0575 0.1367965367965368
0 0.6596875 0.06493506493506493 0.05875 0.12987012987012986
0 0.391875 0.6502164502164502 0.054375 0.1367965367965368
0 0.3359375 0.651082251082251 0.056875 0.13333333333333333
0 0.215625 0.6515151515151515 0.06375 0.13766233766233765
0 0.275 0.6515151515151515 0.0575 0.1341991341991342
0 0.0321875 0.6519480519480519 0.049375 0.1367965367965368
0 0.5459375 0.0722943722943723 0.063125 0.1445887445887446
0 0.489375 0.07316017316017316 0.0675 0.1445887445887446
0 0.603125 0.07316017316017316 0.0575 0.14545454545454545
0 0.9440625 0.7424242424242424 0.061875 0.13852813852813853
0 0.8828125 0.7463203463203463 0.06875 0.1471861471861472
0 0.8265625 0.7567099567099567 0.065 0.1367965367965368
0 0.4340625 0.07662337662337662 0.06 0.14285714285714285
0 0.0221875 0.07705627705627706 0.044375 0.1393939393939394
0 0.7678125 0.7722943722943723 0.060625 0.14545454545454545
0 0.70875 0.7783549783549784 0.063125 0.14112554112554113
0 0.6475 0.7826839826839826 0.054375 0.14285714285714285
0 0.4759375 0.783982683982684 0.0575 0.14285714285714285
0 0.5325 0.7852813852813852 0.0575 0.13766233766233765
0 0.359375 0.7861471861471861 0.0525 0.13852813852813853
0 0.5890625 0.7865800865800866 0.05875 0.1367965367965368
0 0.25 0.787012987012987 0.0575 0.1393939393939394
0 0.1415625 0.07878787878787878 0.055 0.13852813852813853
0 0.1340625 0.7878787878787878 0.055625 0.13852813852813853
0 0.0221875 0.7878787878787878 0.04375 0.14112554112554113
0 0.4159375 0.7883116883116883 0.06 0.1367965367965368
0 0.191875 0.7887445887445887 0.05375 0.13766233766233765
0 0.306875 0.7887445887445887 0.053125 0.14112554112554113
0 0.0715625 0.7904761904761904 0.06125 0.14285714285714285
0 0.075625 0.08354978354978355 0.061875 0.13852813852813853