0 0.2860647693817468 0.7953846153846154 0.08439646712463199 0.04230769230769231
0 0.44995093228655547 0.7826923076923077 0.08341511285574092 0.04230769230769231
0 0.11334641805691854 0.8103846153846154 0.08439646712463199 0.043076923076923075
0 0.20068694798822376 0.8053846153846154 0.08537782139352307 0.04230769230769231
0 0.36849852796859667 0.7915384615384615 0.08341511285574092 0.038461538461538464
0 0.5387634936211972 0.7776923076923077 0.08341511285574092 0.040769230769230766
0 0.29195289499509325 0.8303846153846154 0.08243375858684986 0.04
0 0.3788027477919529 0.8246153846153846 0.08439646712463199 0.04153846153846154
0 0.1197252208047105 0.8465384615384616 0.08537782139352307 0.043076923076923075
0 0.556918547595682 0.8111538461538461 0.08537782139352307 0.04230769230769231
0 0.45976447497546613 0.8196153846153846 0.08537782139352307 0.04153846153846154
0 0.20657507360157018 0.8411538461538461 0.08537782139352307 0.043076923076923075
0 0.11579980372914622 0.8784615384615385 0.08537782139352307 0.043076923076923075
0 0.3778213935230618 0.86 0.08635917566241413 0.04230769230769231
0 0.55053974484789 0.8465384615384616 0.08439646712463199 0.04230769230769231
0 0.2929342492639843 0.8680769230769231 0.08635917566241413 0.045384615384615384
0 0.4685966633954858 0.8534615384615385 0.08635917566241413 0.043076923076923075
0 0.2070657507360157 0.8757692307692307 0.08537782139352307 0.03923076923076923
0 0.1197252208047105 0.9107692307692308 0.07654563297350343 0.036923076923076927
0 0.2860647693817468 0.9042307692307693 0.08537782139352307 0.040769230769230766
0 0.2011776251226693 0.9123076923076923 0.08930323846908735 0.04153846153846154
0 0.387144259077527 0.8969230769230769 0.08439646712463199 0.040769230769230766
0 0.471540726202159 0.89 0.08537782139352307 0.04230769230769231
0 0.5554465161923454 0.8838461538461538 0.08635917566241413 0.043076923076923075
0 0.13444553483807656 0.941923076923077 0.08145240431795878 0.040769230769230766
0 0.21197252208047104 0.941923076923077 0.0775269872423945 0.033846153846153845
0 0.3837095191364082 0.931923076923077 0.0873405299313052 0.04230769230769231
0 0.2904808635917566 0.9403846153846154 0.08439646712463199 0.04230769230769231
0 0.46712463199214915 0.9265384615384615 0.08832188420019627 0.04384615384615385
0 0.5525024533856723 0.9211538461538461 0.08341511285574092 0.043076923076923075
0 0.218351324828263 0.475 0.08243375858684986 0.043076923076923075
0 0.08390578999018646 0.49 0.08439646712463199 0.04384615384615385
0 0.17124631992149167 0.515 0.07654563297350343 0.043076923076923075
0 0.26300294406280667 0.5080769230769231 0.08635917566241413 0.04153846153846154
0 0.34543670264965654 0.5038461538461538 0.08635917566241413 0.04846153846153846
0 0.08881256133464181 0.5265384615384615 0.08439646712463199 0.043076923076923075
0 0.5034347399411188 0.495 0.08243375858684986 0.03923076923076923
0 0.42443572129538765 0.5034615384615385 0.08537782139352307 0.04153846153846154
0 0.25858684985279684 0.5426923076923077 0.08439646712463199 0.043076923076923075
0 0.17369970559371933 0.551923076923077 0.08832188420019627 0.04153846153846154
0 0.3410206084396467 0.5403846153846154 0.08439646712463199 0.04461538461538461
0 0.09224730127576054 0.5623076923076923 0.08537782139352307 0.04461538461538461
0 0.5044160942100098 0.5288461538461539 0.08145240431795878 0.040769230769230766
0 0.4268891069676153 0.5376923076923077 0.08145240431795878 0.04230769230769231
0 0.2757605495583906 0.5776923076923077 0.08341511285574092 0.040769230769230766
0 0.1889106967615309 0.5853846153846154 0.08635917566241413 0.043076923076923075
0 0.10206084396467124 0.5965384615384616 0.08537782139352307 0.04230769230769231
0 0.36113837095191365 0.5757692307692308 0.0873405299313052 0.04
0 0.5068694798822375 0.565 0.08047105004906771 0.04153846153846154
0 0.43179587831207067 0.5711538461538461 0.05789990186457311 0.038461538461538464
0 0.2698724239450442 0.6115384615384616 0.08341511285574092 0.04153846153846154
0 0.43866535819430813 0.6038461538461538 0.07948969578017664 0.04
0 0.18547595682041218 0.6257692307692307 0.08930323846908735 0.04153846153846154
0 0.35525024533856725 0.6123076923076923 0.08635917566241413 0.04230769230769231
0 0.09813542688910697 0.6338461538461538 0.08832188420019627 0.04230769230769231
0 0.5225711481844946 0.5992307692307692 0.08243375858684986 0.04
0 0.2747791952894995 0.6476923076923077 0.08537782139352307 0.04230769230769231
0 0.44553483807654565 0.6388461538461538 0.08537782139352307 0.043076923076923075
0 0.19234543670264967 0.6603846153846153 0.08537782139352307 0.040769230769230766
0 0.5328753680078508 0.6323076923076923 0.08439646712463199 0.04230769230769231
0 0.36162904808635915 0.6473076923076924 0.08243375858684986 0.038461538461538464
0 0.10255152109911678 0.6696153846153846 0.08635917566241413 0.04153846153846154
0 0.2806673209028459 0.6838461538461539 0.0873405299313052 0.04153846153846154
0 0.4479882237487733 0.6742307692307692 0.08341511285574092 0.040769230769230766
0 0.5338567222767419 0.6676923076923077 0.08439646712463199 0.04153846153846154
0 0.36555446516192347 0.6826923076923077 0.0873405299313052 0.04384615384615385
0 0.10647693817468105 0.7046153846153846 0.08832188420019627 0.04153846153846154
0 0.1943081452404318 0.6992307692307692 0.0873405299313052 0.04384615384615385
0 0.2826300294406281 0.72 0.09126594700686948 0.045384615384615384
0 0.4524043179587831 0.7096153846153846 0.08341511285574092 0.04153846153846154
0 0.5372914622178606 0.7042307692307692 0.08243375858684986 0.043076923076923075
0 0.3689892051030422 0.7184615384615385 0.08635917566241413 0.04153846153846154
0 0.1069676153091266 0.7407692307692307 0.08537782139352307 0.040769230769230766
0 0.197252208047105 0.7353846153846154 0.08537782139352307 0.043076923076923075
0 0.28213935230618253 0.7569230769230769 0.0873405299313052 0.043076923076923075
0 0.45289499509322867 0.7453846153846154 0.08537782139352307 0.04230769230769231
0 0.09911678115799803 0.7757692307692308 0.08145240431795878 0.04
0 0.5368007850834151 0.7403846153846154 0.08537782139352307 0.04153846153846154
0 0.3689892051030422 0.7546153846153846 0.08832188420019627 0.04230769230769231
0 0.1997055937193327 0.7692307692307693 0.08341511285574092 0.040769230769230766