0 0.9453846153846154 0.180773249738767 0.07461538461538461 0.19435736677115986
0 0.7888461538461539 0.2115987460815047 0.09692307692307692 0.1974921630094044
0 0.8742307692307693 0.1980146290491118 0.09076923076923077 0.19644723092998956
0 0.6076923076923076 0.24294670846394983 0.28846153846153844 0.22884012539184953
0 0.345 0.29780564263322884 0.09307692307692307 0.19435736677115986
0 0.42730769230769233 0.28422152560083597 0.10153846153846154 0.1974921630094044
0 0.11461538461538462 0.3390804597701149 0.22923076923076924 0.22675026123301986
0 0.2653846153846154 0.31504702194357365 0.09615384615384616 0.19853709508881923
0 0.8596153846153847 0.38557993730407525 0.28 0.22466039707419017
0 0.6003846153846154 0.43103448275862066 0.09153846153846154 0.19435736677115986
0 0.6807692307692308 0.41849529780564265 0.09923076923076923 0.19958202716823406
0 0.5196153846153846 0.4498432601880878 0.09307692307692307 0.1974921630094044
0 0.3453846153846154 0.4843260188087774 0.2823076923076923 0.22361546499477533
0 0.16115384615384615 0.5167189132706375 0.09769230769230769 0.1974921630094044
0 0.07576923076923077 0.5308254963427377 0.09923076923076923 0.19644723092998956
0 0.6265384615384615 0.6107628004179728 0.28615384615384615 0.22884012539184953
0 0.8896153846153846 0.5715778474399164 0.09230769230769231 0.19958202716823406
0 0.9615384615384616 0.5585161964472309 0.07692307692307693 0.20167189132706373
0 0.813076923076923 0.5846394984326019 0.09 0.19644723092998956
0 0.44384615384615383 0.6530825496342738 0.09153846153846154 0.1974921630094044
0 0.3646153846153846 0.667189132706374 0.09615384615384616 0.1974921630094044
0 0.12846153846153846 0.7089864158829676 0.23846153846153847 0.22152560083594566
0 0.28384615384615386 0.6839080459770115 0.09153846153846154 0.19540229885057472
0 0.5853846153846154 0.8025078369905956 0.09230769230769231 0.1891327063740857
0 0.8338461538461538 0.06165099268547544 0.2630769230769231 0.12330198537095088
0 0.6623076923076923 0.07053291536050156 0.1 0.14106583072100312
0 0.6688461538461539 0.7894461859979102 0.09076923076923077 0.19017763845350052
0 0.7511538461538462 0.7774294670846394 0.09153846153846154 0.18704284221525602
0 0.8907692307692308 0.7513061650992685 0.21846153846153846 0.2110762800417973
0 0.40692307692307694 0.8390804597701149 0.28846153846153844 0.21003134796238246
0 0.2326923076923077 0.8693834900731452 0.08923076923076922 0.17659352142110762
0 0.07 0.8970741901776385 0.08923076923076922 0.1755485893416928
0 0.1503846153846154 0.8845350052246604 0.09384615384615384 0.17450365726227796
0 0.4980769230769231 0.08463949843260188 0.09 0.16927899686520376
0 0.5761538461538461 0.0794148380355277 0.09538461538461539 0.1588296760710554
0 0.019230769230769232 0.1698014629049112 0.038461538461538464 0.18704284221525602
0 0.06423076923076923 0.1588296760710554 0.09307692307692307 0.19017763845350052
0 0.14307692307692307 0.14576802507836992 0.09692307692307692 0.19122257053291536
0 0.32076923076923075 0.11650992685475445 0.29 0.22361546499477533