0 0.30808749999999996 0.7709946848899013 0.16970624999999995 0.0481093394077448
0 0.1426375 0.7722475322703113 0.16103750000000003 0.043583902809415404
0 0.48553125 0.774009111617312 0.12551249999999997 0.04609719058466205
0 0.8029875 0.7777372817008352 0.16800624999999997 0.044533029612756334
0 0.6334062500000001 0.7777524677296886 0.16265625 0.04455580865603641
0 0.92693125 0.7835155656795749 0.08127499999999997 0.050053151100987146
0 0.22256250000000002 0.8141457858769932 0.15563125 0.04507213363705401
0 0.3812 0.81791192103265 0.15563125 0.04356871678056196
0 0.5423187500000001 0.818413059984814 0.15233125 0.044570994684889766
0 0.7040375 0.8249202733485195 0.15931874999999998 0.047539863325740415
0 0.9320999999999999 0.8289293849658315 0.055250000000000056 0.04150341685649191
0 0.84576875 0.8291799544419134 0.11393750000000011 0.04702353834472273
0 0.1162125 0.8510250569476082 0.07183125 0.046560364464692604
0 0.18725625 0.854290053151101 0.06767499999999999 0.042042520880789594
0 0.49999375 0.8583067577828398 0.07676874999999996 0.04003037205770676
0 0.2603625 0.8590584662110858 0.07838124999999999 0.044548215641609774
0 0.3403125 0.8590584662110858 0.07965000000000004 0.04154138192862569
0 0.42291874999999995 0.8598101746393317 0.07713750000000004 0.04104024297646179
0 0.58053125 0.8605618830675777 0.07508124999999993 0.040531511009871
0 0.6617125 0.8645558086560363 0.07879375000000004 0.04551252847380414
0 0.74535 0.8680713743356112 0.0791749999999999 0.03848899012908129
0 0.9110187500000001 0.872619589977221 0.08001875000000012 0.04356871678056196
0 0.8220125 0.8728701594533029 0.06560000000000002 0.04306757782839772
0 0.8546312500000001 0.12331814730447987 0.05977499999999992 0.04160971905846622
0 0.63878125 0.12555808656036446 0.06351249999999993 0.045087319665907365
0 0.7796625 0.12657555049354594 0.06352499999999991 0.04311313591495822
0 0.71065 0.12957479119210327 0.06265625 0.04408504176157935
0 0.35084375 0.13184510250569476 0.11805625000000003 0.04461655277145026
0 0.57496875 0.13333333333333333 0.063125 0.0435763097949886
0 0.5090875 0.13835231586940017 0.06439374999999999 0.041571753986332574
0 0.4392375 0.13962034927866362 0.05854375000000005 0.0431055429005315
0 0.8075375 0.16747152619589978 0.1324875 0.043591495823842044
0 0.67223125 0.17046317388003038 0.12875624999999993 0.04356112376613516
0 0.307475 0.17449506454062264 0.11807499999999997 0.043591495823842044
0 0.54068125 0.17924829157175398 0.13253124999999996 0.051085801063022
0 0.4128 0.1865375854214123 0.12298749999999999 0.04358390280941534
0 0.83975625 0.2118754745634017 0.06226249999999993 0.04006074411541381
0 0.74041875 0.21388762338648443 0.12797500000000014 0.04608200455580863
0 0.6020125000000001 0.21640850417615792 0.12795625000000002 0.04511009870918752
0 0.46979374999999995 0.22341685649202733 0.12378749999999997 0.043067577828397895
0 0.344025 0.22918754745634015 0.12177499999999998 0.03854973424449505
0 0.80113125 0.2550341685649203 0.13125 0.039035687167805595
0 0.6365062499999999 0.2558010630220197 0.06474374999999995 0.04458618071374338
0 0.7017687499999999 0.25680334092634777 0.06471875000000012 0.039567198177676545
0 0.54068125 0.2615717539863326 0.11765625 0.044085041761579305
0 0.4192 0.26832953682612 0.12256875000000007 0.04254365983295366
0 0.2924 0.271085801063022 0.12179999999999999 0.044047076689445706
0 0.8327375 0.2941685649202734 0.06143750000000012 0.04002277904328021
0 0.7028 0.2944343204252088 0.06182500000000005 0.03854973424449505
0 0.76789375 0.2961731207289294 0.062293750000000044 0.042027334851936236
0 0.63485625 0.2964464692482916 0.06474999999999995 0.039552012148823104
0 0.56835625 0.30271829916476845 0.06394999999999997 0.04205770690964312
0 0.3258625 0.30725132877752465 0.060656249999999974 0.03406226271829917
0 0.381 0.30725132877752465 0.04204374999999999 0.03507213363705395
0 0.50163125 0.30851176917236145 0.06351874999999993 0.04862566438876231
0 0.26596875000000003 0.31101746393318147 0.059856249999999986 0.036575550493545904
0 0.43655625 0.31101746393318147 0.05895624999999995 0.040584662110858045
0 0.7936937500000001 0.3358542141230068 0.12794375000000002 0.041078208048595306
0 0.6627312499999999 0.33608200455580867 0.12627499999999997 0.045550493545937744
0 0.55389375 0.3443583902809415 0.09287499999999994 0.04605163249810173
0 0.29301875000000005 0.34614274867122247 0.10486250000000003 0.0375550493545938
0 0.397725 0.3483978739559605 0.09862499999999998 0.04407744874715259
0 0.8248875 0.3744874715261958 0.060606249999999875 0.036044039483674996
0 0.72285625 0.3780030372057706 0.12508125000000006 0.04005315110098705
0 0.41589374999999995 0.5556871678056189 0.07878124999999997 0.055140470766894545
0 0.17361875000000002 0.5566970387243736 0.04948749999999999 0.04912680334092638
0 0.10753125000000001 0.5576993166287016 0.08173124999999999 0.05514806378132127
0 0.32750625 0.5704935459377373 0.07799374999999997 0.05262718299164764
0 0.5034937500000001 0.5720121488230828 0.07138125000000002 0.05065299924069858
0 0.250025 0.583037205770691 0.07093125 0.04460136674259682
0 0.13994375 0.6116400911161731 0.1473875 0.0526119969627942
0 0.7141875 0.6201822323462415 0.16308750000000002 0.06467729688686413
0 0.37850625 0.6219210326499621 0.16346874999999997 0.060121488230827684
0 0.5447875 0.6262034927866363 0.16553749999999995 0.052634776006074364
0 0.2560125 0.6287015945330297 0.07464375000000004 0.045580865603644626
0 0.8901625 0.6304783599088839 0.17133125000000007 0.057160212604403925
0 0.45784375 0.6686028853454821 0.16433125000000004 0.05110858010630216
0 0.6311375 0.6746393318147305 0.17049999999999998 0.05915717539863332
0 0.125075 0.6763705391040242 0.16721874999999997 0.05458618071374343
0 0.93126875 0.6781473044798785 0.08251249999999999 0.04709946848899011
0 0.29135625 0.6788686408504176 0.16268125000000005 0.048557327258921826
0 0.8046375 0.6801442672741078 0.16718124999999986 0.054115413819286244
0 0.54336875 0.7223082763857251 0.16103750000000006 0.053113135914958275
0 0.39813125 0.7232801822323462 0.1267 0.05505694760820045
0 0.09575625 0.725292331055429 0.08875625 0.04603644646924837
0 0.21531875 0.727547456340167 0.17006875000000002 0.04653758542141227
0 0.7145999999999999 0.7310782080485954 0.16639375 0.05157934700075935
0 0.88438125 0.7335914958238421 0.16390000000000016 0.04958238420652996