0 0.8923076923076924 0.17718191377497372 0.12692307692307692 0.22082018927444794
0 0.15384615384615385 0.28496319663512093 0.11846153846153847 0.21451104100946372
0 0.7788461538461539 0.19768664563617244 0.12307692307692308 0.21556256572029442
0 0.6726923076923077 0.2192429022082019 0.1176923076923077 0.22292323869610936
0 0.2611538461538462 0.28023133543638273 0.12153846153846154 0.21766561514195584
0 0.055 0.3128286014721346 0.11 0.21976866456361724
0 0.3646153846153846 0.268664563617245 0.11384615384615385 0.2103049421661409
0 0.46615384615384614 0.2586750788643533 0.1176923076923077 0.21345951629863302
0 0.5673076923076923 0.24395373291272346 0.1176923076923077 0.2082018927444795
0 0.8853846153846154 0.38853838065194535 0.22923076923076924 0.23449001051524712
0 0.28923076923076924 0.4852786540483701 0.3292307692307692 0.2618296529968454
0 0.6142307692307692 0.4421661409043113 0.33 0.2555205047318612
0 0.06615384615384616 0.5210304942166141 0.13230769230769232 0.22187171398527866
0 0.9461538461538461 0.5909568874868559 0.1076923076923077 0.2103049421661409
0 0.8519230769230769 0.6088328075709779 0.10923076923076923 0.21556256572029442
0 0.8473076923076923 0.04784437434279706 0.24384615384615385 0.09568874868559411
0 0.7457692307692307 0.6282860147213459 0.11538461538461539 0.21976866456361724
0 0.6411538461538462 0.6451104100946372 0.1176923076923077 0.21345951629863302
0 0.21884615384615386 0.7082018927444795 0.1176923076923077 0.20399579390115669
0 0.5361538461538462 0.6656151419558359 0.12 0.20609884332281808
0 0.32461538461538464 0.6966351209253417 0.11923076923076924 0.22292323869610936
0 0.035 0.13354363827549948 0.07 0.14721345951629863
0 0.11269230769230769 0.7308096740273397 0.11923076923076924 0.22187171398527866
0 0.43153846153846154 0.6903259726603576 0.1176923076923077 0.22082018927444794
0 0.24 0.10725552050473186 0.32076923076923075 0.1882229232386961
0 0.5611538461538461 0.07833859095688749 0.33153846153846156 0.15667718191377497
0 0.9069230769230769 0.7733964248159831 0.18615384615384614 0.17350157728706625
0 0.6534615384615384 0.8159831756046267 0.32846153846153847 0.17875920084121977
0 0.33384615384615385 0.8669821240799159 0.3261538461538461 0.17665615141955837
0 0.10230769230769231 0.9053627760252366 0.15461538461538463 0.13564668769716087