0 0.7855076923076922 0.11905956112852664 0.42323846153846145 0.23810867293625915
0 0.3878384615384615 0.13075235109717867 0.37565384615384617 0.22296760710553815
0 0.1037076923076923 0.13213166144200628 0.20457692307692302 0.1789237199582027
0 0.8918153846153846 0.33101358411703236 0.21636923076923084 0.23810867293625915
0 0.18169230769230768 0.3365203761755486 0.31597692307692304 0.2133333333333333
0 0.5565 0.33789968652037616 0.4191461538461537 0.22159874608150468
0 0.0873 0.4899895506792058 0.17459230769230769 0.2092058516196447
0 0.34276153846153845 0.5443573667711599 0.35642307692307695 0.2050783699059561
0 0.7653846153846153 0.5726227795193313 0.46923076923076923 0.23824451410658307
0 0.15992307692307692 0.6902507836990596 0.27647692307692306 0.232612330198537
0 0.5646076923076924 0.755632183908046 0.42116923076923074 0.222967607105538
0 0.8938384615384616 0.7989864158829676 0.21232307692307692 0.21058516196447227