0 0.6088461538461538 0.12486938349007315 0.045384615384615384 0.11389759665621735
0 0.6492307692307693 0.13427377220480669 0.04153846153846154 0.10553814002089865
0 0.7580769230769231 0.1452455590386625 0.1776923076923077 0.15151515151515152
0 0.5696153846153846 0.12852664576802508 0.04153846153846154 0.1044932079414838
0 0.4323076923076923 0.11650992685475445 0.17153846153846153 0.12643678160919541
0 0.5330769230769231 0.12800417972831765 0.040769230769230766 0.109717868338558
0 0.32884615384615384 0.12225705329153605 0.04384615384615385 0.10867293625914315
0 0.28923076923076924 0.11859979101358412 0.046153846153846156 0.11285266457680251
0 0.11038461538461539 0.10606060606060606 0.1576923076923077 0.12121212121212122
0 0.24846153846153846 0.11912225705329153 0.047692307692307694 0.11076280041797283
0 0.21076923076923076 0.11755485893416928 0.054615384615384614 0.11598746081504702
0 0.9242307692307692 0.2361546499477534 0.15153846153846154 0.12539184952978055
0 0.8238461538461539 0.23563218390804597 0.054615384615384614 0.11285266457680251
0 0.13230769230769232 0.17659352142110762 0.09076923076923077 0.06269592476489028
0 0.7884615384615384 0.2476489028213166 0.052307692307692305 0.10031347962382445
0 0.7488461538461538 0.2497387669801463 0.05307692307692308 0.11285266457680251
0 0.405 0.22152560083594566 0.04230769230769231 0.10658307210031348
0 0.44846153846153847 0.22622779519331243 0.04384615384615385 0.11180773249738767
0 0.4938461538461538 0.23145245559038663 0.040769230769230766 0.10762800417972831
0 0.5911538461538461 0.2413793103448276 0.16384615384615384 0.12121212121212122
0 0.7053846153846154 0.25705329153605017 0.055384615384615386 0.11285266457680251
0 0.36923076923076925 0.22570532915360503 0.04384615384615385 0.10867293625914315
0 0.06884615384615385 0.20480668756530826 0.04384615384615385 0.11598746081504702
0 0.2611538461538462 0.22570532915360503 0.17153846153846153 0.13166144200626959
0 0.821923076923077 0.05642633228840126 0.04461538461538461 0.05642633228840126
0 0.12730769230769232 0.22570532915360503 0.08307692307692308 0.054336468129571575
0 0.9896153846153846 0.3484848484848485 0.02076923076923077 0.10762800417972831
0 0.9634615384615385 0.3463949843260188 0.043076923076923075 0.11076280041797283
0 0.8730769230769231 0.34117032392894464 0.05153846153846154 0.109717868338558
0 0.9238461538461539 0.3505747126436782 0.04461538461538461 0.109717868338558
0 0.6011538461538461 0.03970741901776385 0.15538461538461537 0.07628004179728318
0 0.43923076923076926 0.3103448275862069 0.18 0.0794148380355277
0 0.7803846153846153 0.05851619644723093 0.04692307692307692 0.07105538140020899
0 0.7661538461538462 0.35370950888192265 0.1823076923076923 0.15256008359456635
0 0.5465384615384615 0.3338557993730408 0.040769230769230766 0.09404388714733543
0 0.4573076923076923 0.03134796238244514 0.04230769230769231 0.06269592476489028
0 0.41615384615384615 0.030303030303030304 0.04 0.06060606060606061
0 0.6569230769230769 0.3500522466039707 0.043076923076923075 0.09926854754440961
0 0.5807692307692308 0.3432601880877743 0.03923076923076923 0.10553814002089865
0 0.6203846153846154 0.3500522466039707 0.040769230769230766 0.10240334378265413
0 0.32384615384615384 0.3322884012539185 0.04846153846153846 0.11389759665621735
0 0.28384615384615386 0.3333333333333333 0.04846153846153846 0.11180773249738767
0 0.7411538461538462 0.05799373040752351 0.045384615384615384 0.07523510971786834
0 0.3792307692307692 0.030303030303030304 0.038461538461538464 0.06060606060606061
0 0.49423076923076925 0.03605015673981191 0.03923076923076923 0.07210031347962383
0 0.10653846153846154 0.31974921630094044 0.1753846153846154 0.13375130616509928
0 0.24807692307692308 0.3375130616509927 0.04461538461538461 0.10553814002089865
0 0.21115384615384616 0.3375130616509927 0.04846153846153846 0.11598746081504702
0 0.4330769230769231 0.36938349007314525 0.1676923076923077 0.06687565308254964
0 0.3426923076923077 0.03134796238244514 0.040769230769230766 0.06269592476489028
0 0.8269230769230769 0.43521421107628006 0.09153846153846154 0.07628004179728318
0 0.30423076923076925 0.03187042842215256 0.04384615384615385 0.06374085684430512
0 0.9342307692307692 0.4482758620689655 0.13153846153846155 0.11494252873563218
0 0.5976923076923077 0.42476489028213166 0.16615384615384615 0.07105538140020899
0 0.7023076923076923 0.060083594566353184 0.04923076923076923 0.08881922675026123
0 0.0673076923076923 0.023510971786833857 0.04230769230769231 0.047021943573667714
0 0.26692307692307693 0.03343782654127482 0.05384615384615385 0.06687565308254964
0 0.7580769230769231 0.4723092998955068 0.04461538461538461 0.10867293625914315
0 0.7103846153846154 0.46917450365726227 0.057692307692307696 0.11285266457680251
0 0.11423076923076923 0.02664576802507837 0.045384615384615384 0.05329153605015674
0 0.15423076923076923 0.028735632183908046 0.04846153846153846 0.05747126436781609
0 0.19192307692307692 0.03134796238244514 0.05153846153846154 0.06269592476489028
0 0.23038461538461538 0.032915360501567396 0.05153846153846154 0.06583072100313479
0 0.3696153846153846 0.4430512016718913 0.045384615384615384 0.11598746081504702
0 0.4076923076923077 0.4477533960292581 0.04461538461538461 0.11389759665621735
0 0.4461538461538462 0.45193312434691746 0.04461538461538461 0.10762800417972831
0 0.4876923076923077 0.45768025078369906 0.045384615384615384 0.10658307210031348
0 0.2623076923076923 0.44200626959247646 0.16846153846153847 0.13479623824451412
0 0.8253846153846154 0.49843260188087773 0.09230769230769231 0.06896551724137931
0 0.595 0.47701149425287354 0.1723076923076923 0.07105538140020899
0 0.11038461538461539 0.4331243469174504 0.047692307692307694 0.11076280041797283
0 0.03 0.4258098223615465 0.04923076923076923 0.11494252873563218
0 0.1519230769230769 0.4378265412748171 0.040769230769230766 0.10553814002089865
0 0.07153846153846154 0.4315569487983281 0.04230769230769231 0.10344827586206896
0 0.9207692307692308 0.5569487983281086 0.04384615384615385 0.1044932079414838
0 0.9619230769230769 0.5611285266457681 0.046153846153846156 0.10658307210031348
0 0.885 0.5600835945663531 0.046153846153846156 0.10867293625914315
0 0.435 0.5303030303030303 0.15923076923076923 0.06269592476489028
0 0.5846153846153846 0.5559038662486938 0.047692307692307694 0.11180773249738767
0 0.5388461538461539 0.5517241379310345 0.05153846153846154 0.11494252873563218
0 0.6626923076923077 0.5637408568443051 0.04153846153846154 0.10031347962382445
0 0.6203846153846154 0.5611285266457681 0.047692307692307694 0.11285266457680251
0 0.7669230769230769 0.5799373040752351 0.17461538461538462 0.12748171368861025
0 0.3296153846153846 0.5527690700104493 0.04461538461538461 0.11389759665621735
0 0.24384615384615385 0.5480668756530825 0.045384615384615384 0.09508881922675026
0 0.2823076923076923 0.5522466039707419 0.04461538461538461 0.10867293625914315
0 0.09153846153846154 0.5391849529780565 0.1823076923076923 0.13479623824451412
0 0.20346153846153847 0.5538140020898642 0.047692307692307694 0.11389759665621735
0 0.43 0.5851619644723093 0.1676923076923077 0.07105538140020899
0 0.9338461538461539 0.670846394984326 0.12153846153846154 0.12434691745036573
0 0.45692307692307693 0.6431556948798328 0.08076923076923077 0.06060606060606061
0 0.3811538461538462 0.6379310344827587 0.07307692307692308 0.05851619644723093
0 0.8334615384615385 0.6891327063740856 0.043076923076923075 0.11076280041797283
0 0.7953846153846154 0.6901776384535006 0.04461538461538461 0.109717868338558
0 0.7546153846153846 0.687042842215256 0.047692307692307694 0.10658307210031348
0 0.6042307692307692 0.6745036572622779 0.17923076923076922 0.14211076280041798
0 0.7123076923076923 0.6859979101358412 0.04692307692307692 0.11076280041797283
0 0.26 0.6661442006269592 0.1776923076923077 0.13584117032392895
0 0.11 0.6551724137931034 0.04461538461538461 0.11389759665621735
0 0.1523076923076923 0.6593521421107628 0.04923076923076923 0.11912225705329153
0 0.06846153846153846 0.6520376175548589 0.045384615384615384 0.11389759665621735
0 0.022692307692307692 0.6499477533960293 0.045384615384615384 0.10867293625914315
0 0.46884615384615386 0.6943573667711599 0.0823076923076923 0.055381400208986416
0 0.3853846153846154 0.6875653082549634 0.08153846153846153 0.06374085684430512
0 0.9703846153846154 0.786833855799373 0.036923076923076927 0.10762800417972831
0 0.9357692307692308 0.7863113897596656 0.047692307692307694 0.12121212121212122
0 0.89 0.7836990595611285 0.05076923076923077 0.11703239289446186
0 0.7615384615384615 0.7957157784743991 0.17307692307692307 0.13061650992685475
0 0.6138461538461538 0.7847439916405433 0.04153846153846154 0.11076280041797283
0 0.6553846153846153 0.790491118077325 0.04846153846153846 0.11285266457680251
0 0.575 0.7842215256008359 0.04230769230769231 0.1013584117032393
0 0.5303846153846153 0.780564263322884 0.043076923076923075 0.109717868338558
0 0.42 0.7706374085684431 0.1723076923076923 0.12539184952978055
0 0.315 0.780564263322884 0.043076923076923075 0.11389759665621735
0 0.27115384615384613 0.7795193312434692 0.043076923076923075 0.11076280041797283
0 0.2323076923076923 0.7795193312434692 0.04461538461538461 0.11180773249738767
0 0.9842307692307692 0.12591431556948798 0.031538461538461536 0.11180773249738767
0 0.19384615384615383 0.7800417972831766 0.04384615384615385 0.10867293625914315
0 0.0876923076923077 0.7711598746081505 0.1753846153846154 0.12539184952978055
0 0.9442307692307692 0.12539184952978055 0.045384615384615384 0.109717868338558
0 0.91 0.8913270637408568 0.14692307692307693 0.12016718913270637
0 0.9053846153846153 0.1238244514106583 0.04846153846153846 0.09926854754440961
0 0.8053846153846154 0.8928944618599791 0.04692307692307692 0.09195402298850575
0 0.7630769230769231 0.890282131661442 0.043076923076923075 0.08463949843260188
0 0.8646153846153846 0.1206896551724138 0.047692307692307694 0.11703239289446186
0 0.6926923076923077 0.88662486938349 0.03769230769230769 0.08045977011494253
0 0.5907692307692308 0.877742946708464 0.17615384615384616 0.09299895506792058
0 0.4238461538461539 0.8631138975966562 0.04153846153846154 0.07732497387669801
0 0.3853846153846154 0.8599791013584117 0.03923076923076923 0.07314524555903866
0 0.46307692307692305 0.8672936259143156 0.04461538461538461 0.07523510971786834
0 0.3473076923076923 0.8563218390804598 0.04153846153846154 0.0741901776384535
0 0.7265384615384616 0.8939393939393939 0.03538461538461538 0.06687565308254964
0 0.24384615384615385 0.8584117032392894 0.16846153846153847 0.06269592476489028
0 0.06153846153846154 0.8458725182863114 0.038461538461538464 0.04179728317659352
0 0.023076923076923078 0.8422152560083594 0.03923076923076923 0.04075235109717868
0 0.14 0.85423197492163 0.03769230769230769 0.03970741901776385
0 0.1 0.8505747126436781 0.036923076923076927 0.03970741901776385