0 0.5892538461538461 0.11544409613375131 0.0397923076923077 0.11061650992685473
0 0.6299615384615385 0.12108672936259143 0.03661538461538454 0.10256008359456635
0 0.7390923076923076 0.12189132706374087 0.17107692307692307 0.13530825496342738
0 0.5503307692307692 0.1226959247648903 0.03625384615384624 0.10148380355276909
0 0.41278461538461536 0.12403343782654128 0.16593076923076927 0.11061650992685473
0 0.5139692307692307 0.12591431556948798 0.035476923076922996 0.10685475444096133
0 0.3098 0.13934169278996864 0.038215384615384575 0.10577847439916407
0 0.27006923076923073 0.13960292580982236 0.040969230769230765 0.10954022988505746
0 0.09103076923076923 0.14390804597701148 0.1524923076923077 0.10738766980146289
0 0.22956153846153846 0.14390804597701148 0.04217692307692311 0.10738766980146289
0 0.19201538461538462 0.14577847439916405 0.049300000000000024 0.11114942528735633
0 0.9184615384615384 0.19592476489028213 0.16307692307692306 0.109717868338558
0 0.8094538461538461 0.20538140020898643 0.04933076923076932 0.10793103448275865
0 0.11672307692307693 0.21236154649947753 0.08846153846153847 0.05423197492163007
0 0.7746769230769232 0.2206896551724138 0.0477615384615384 0.09557993730407527
0 0.7355538461538462 0.2268652037617555 0.047776923076923 0.10899686520376173
0 0.3910692307692308 0.23143155694879833 0.037107692307692314 0.10309299895506795
0 0.43453846153846154 0.23169278996865203 0.038669230769230754 0.10793103448275865
0 0.4799846153846154 0.2327690700104493 0.03549230769230777 0.10470219435736679
0 0.5777846153846153 0.2335736677115987 0.1591461538461539 0.10632183908045974
0 0.6924769230769231 0.23841170323928945 0.05016923076923079 0.1084639498432602
0 0.3555 0.238944618599791 0.03869999999999996 0.10524555903866245
0 0.05487692307692308 0.24619644723093 0.038292307692307695 0.11222570532915357
0 0.2475230769230769 0.24914315569487985 0.16586153846153848 0.11597701149425288
0 0.7985076923076923 0.02685475444096134 0.041746153846153836 0.05281086729362591
0 0.11415384615384616 0.2614942528735632 0.08095384615384615 0.047251828631139005
0 0.9864692307692309 0.3025705329153605 0.02705384615384621 0.10577847439916407
0 0.9544999999999999 0.30284221525600835 0.037423076923076996 0.10738766980146289
0 0.8639923076923077 0.3063322884012539 0.04614615384615368 0.10577847439916407
0 0.9151769230769231 0.3106269592476489 0.03941538461538445 0.10577847439916407
0 0.5771923076923077 0.031410658307210036 0.1524307692307693 0.061745036572622786
0 0.4295923076923077 0.3168025078369906 0.17740769230769235 0.06228840125391851
0 0.7568923076923078 0.033291536050156736 0.043815384615384645 0.06658307210031347
0 0.7578692307692307 0.32888192267502614 0.175423076923077 0.1358516196447231
0 0.5378923076923077 0.3296865203761755 0.03587692307692315 0.09128526645768026
0 0.43335384615384615 0.033563218390804596 0.038669230769230754 0.0660501567398119
0 0.3923384615384616 0.0339080459770115 0.036823076923076924 0.067816091954023
0 0.6489384615384616 0.3353291536050157 0.03820000000000006 0.09611285266457682
0 0.5726692307692308 0.33613375130616513 0.03428461538461534 0.10201671891327063
0 0.6123846153846154 0.3388192267502612 0.03545384615384609 0.0987983281086729
0 0.3157153846153846 0.3495611285266457 0.04293846153846158 0.11061650992685478
0 0.2758 0.3543887147335423 0.042953846153846176 0.10846394984326015
0 0.7179692307692308 0.03597701149425287 0.041853846153846214 0.07195402298850574
0 0.3552461538461538 0.03624869383490073 0.035038461538461504 0.07248693834900732
0 0.4707692307692308 0.03605015673981191 0.03538461538461538 0.07210031347962383
0 0.09814615384615386 0.35760710553814 0.1698923076923077 0.1181295715778474
0 0.24023076923076925 0.36190177638453497 0.03980769230769231 0.10201671891327063
0 0.20347692307692306 0.36513061650992684 0.04298461538461538 0.11168234064785788
0 0.42663076923076926 0.37613375130616505 0.16515384615384618 0.05101358411703245
0 0.3190846153846154 0.038662486938349006 0.03703076923076922 0.07732497387669801
0 0.8226923076923077 0.40432601880877744 0.08845384615384608 0.06765935214211076
0 0.28 0.041274817136886105 0.04 0.08254963427377221
0 0.9334615384615385 0.40752351097178685 0.13307692307692306 0.10240334378265413
0 0.5936 0.41560083594566355 0.16389999999999996 0.055841170323929004
0 0.6792384615384616 0.04215256008359457 0.0450307692307692 0.08430512016718913
0 0.04263076923076923 0.044033437826541275 0.0375076923076923 0.08805642633228841
0 0.24299230769230767 0.044838035527690695 0.049284615384615336 0.08752351097178683
0 0.7561076923076924 0.447816091954023 0.03908461538461534 0.10524555903866252
0 0.7082846153846154 0.44916405433646817 0.052546153846153805 0.10793103448275858
0 0.09005384615384615 0.045099268547544404 0.04065384615384616 0.0891327063740857
0 0.13038461538461538 0.04493207941483804 0.04384615384615385 0.08986415882967608
0 0.1679076923076923 0.04537095088819227 0.046938461538461526 0.09074190177638454
0 0.20684615384615382 0.04564263322884012 0.047346153846153836 0.09128526645768024
0 0.36696923076923077 0.45560083594566353 0.03950769230769232 0.11222570532915357
0 0.4051076923076923 0.45667711598746086 0.03909230769230769 0.11007314524555907
0 0.44383076923076925 0.45722048066875653 0.039076923076923044 0.10470219435736682
0 0.4855230769230769 0.4590909090909091 0.0402461538461538 0.10309299895506789
0 0.2599846153846154 0.4644618599791014 0.16309999999999997 0.11920585161964477
0 0.8244692307692307 0.4676907001044932 0.08964615384615382 0.06013584117032388
0 0.5933999999999999 0.4679519331243469 0.1698307692307692 0.055308254963427325
0 0.10784615384615384 0.47010449320794145 0.04223846153846152 0.10685475444096133
0 0.02742307692307692 0.47063740856844305 0.04345384615384615 0.11114942528735633
0 0.14973076923076922 0.47090909090909094 0.03589230769230771 0.10201671891327063
0 0.06891538461538461 0.47251828631138976 0.03711538461538461 0.09987460815047026
0 0.9224846153846153 0.5168129571577847 0.03901538461538446 0.10148380355276908
0 0.9637846153846155 0.5173563218390804 0.040976923076923064 0.10256008359456639
0 0.8873153846153846 0.5232601880877743 0.040615384615384754 0.10470219435736682
0 0.43670769230769235 0.5364158829676071 0.15685384615384618 0.04832810867293626
0 0.5870923076923077 0.5476907001044932 0.042576923076923005 0.10846394984326015
0 0.5412461538461538 0.5479623824451411 0.045753846153846166 0.11114942528735638
0 0.6657384615384616 0.5482340647857888 0.03700769230769223 0.09665621734587251
0 0.6232538461538462 0.5495715778474399 0.04216923076923072 0.1089968652037617
0 0.770523076923077 0.5544096133751306 0.16910000000000003 0.11222570532915364
0 0.3327076923076923 0.5686311389759665 0.03898461538461535 0.1106165099268547
0 0.24695384615384616 0.5721212121212121 0.040599999999999976 0.09181818181818176
0 0.2854846153846154 0.5726645768025078 0.03939230769230772 0.10470219435736682
0 0.09439230769230769 0.5777638453500522 0.1766076923076923 0.1181295715778474
0 0.20703846153846153 0.5815256008359456 0.04219230769230771 0.1106165099268547
0 0.4347307692307692 0.5917241379310344 0.16554615384615387 0.055841170323929004
0 0.9416461538461539 0.6293103448275862 0.11607692307692315 0.11383490073145251
0 0.4641846153846154 0.646760710553814 0.07820000000000006 0.053155694879832696
0 0.3887 0.6489132706374086 0.07032307692307689 0.052079414838035444
0 0.8424615384615385 0.6572309299895507 0.03786923076923078 0.10738766980146289
0 0.8043230769230768 0.6615256008359457 0.03906923076923074 0.10632183908045977
0 0.7636153846153847 0.662601880877743 0.042246153846153905 0.103092998955068
0 0.6129692307692308 0.6639393939393939 0.17337692307692315 0.12618599791013582
0 0.7213307692307692 0.6655485893416927 0.04147692307692313 0.10685475444096133
0 0.26926923076923076 0.6886415882967607 0.1721923076923077 0.11973876698014621
0 0.11890769230769231 0.6918599791013584 0.039076923076923085 0.11007314524555896
0 0.1612 0.6921316614420063 0.0438 0.11491118077324977
0 0.07741538461538462 0.6924033437826541 0.03988461538461538 0.11007314524555896
0 0.0292 0.6950888192267503 0.04464615384615385 0.10470219435736682
0 0.47900000000000004 0.696969696969697 0.08016923076923078 0.04832810867293626
0 0.3952230769230769 0.6977742946708464 0.07862307692307695 0.056384535005224695
0 0.9841 0.7417972831765935 0.03180000000000011 0.10470219435736682
0 0.9493615384615385 0.7444827586206897 0.04137692307692305 0.11759665621734583
0 0.9037153846153846 0.7458307210031347 0.0449538461538462 0.11275862068965525
0 0.7762538461538462 0.7702612330198537 0.1679153846153847 0.11544409613375133
0 0.6283923076923077 0.7734796238244515 0.03584615384615378 0.10793103448275858
0 0.6698846153846154 0.7748275862068965 0.04293846153846149 0.10954022988505739
0 0.5894692307692307 0.7764367816091954 0.03704615384615391 0.09772204806687564
0 0.5446076923076923 0.7769696969696969 0.0374615384615385 0.10632183908045977
0 0.43413846153846153 0.7777742946708465 0.16673846153846153 0.11007314524555896
0 0.32974615384615386 0.7976489028213166 0.037799999999999986 0.11007314524555896
0 0.28588461538461535 0.8005956112852665 0.03782307692307689 0.10738766980146289
0 0.24735384615384615 0.804085684430512 0.03902307692307694 0.10793103448275858
0 0.9701000000000001 0.08081504702194357 0.0377999999999999 0.10899686520376176
0 0.20901538461538463 0.808380355276907 0.03824615384615387 0.10577847439916407
0 0.10091538461538462 0.8097283176593522 0.17384615384615384 0.10954022988505739
0 0.9240615384615385 0.08430512016718913 0.0397923076923077 0.10632183908045977
0 0.9291538461538462 0.8516091954022988 0.14168461538461544 0.10738766980146289
0 0.8849384615384616 0.08618599791013584 0.043761538461538366 0.09503657262277954
0 0.8248769230769231 0.8628840125391849 0.04222307692307683 0.08805642633228838
0 0.7823769230769231 0.8644932079414839 0.038661538461538456 0.0816196447230929
0 0.8442307692307692 0.08725182863113898 0.0422000000000001 0.11330198537095089
0 0.7120384615384615 0.8674503657262278 0.03394615384615393 0.07785788923719958
0 0.61 0.8679832810867293 0.17298461538461546 0.07678160919540232
0 0.4426461538461539 0.8695924764890283 0.0375 0.0735632183908047
0 0.40411538461538465 0.8698641588296762 0.035538461538461574 0.06980146290491113
0 0.4819692307692307 0.8698641588296762 0.04104615384615377 0.07195402298850564
0 0.36617692307692307 0.8701358411703239 0.03793076923076919 0.07034482758620683
0 0.746223076923077 0.8714733542319749 0.03196153846153842 0.064430512016719
0 0.26294615384615383 0.8819435736677116 0.16666153846153844 0.046718913270637444
0 0.08037692307692307 0.8867816091954023 0.03632307692307692 0.03811912225705331
0 0.04164615384615385 0.8867816091954023 0.03713076923076924 0.03705329153605019
0 0.1590230769230769 0.8873145245559039 0.0362923076923077 0.03597701149425294
0 0.11910769230769232 0.8878474399164054 0.03551538461538463 0.03597701149425294