0 0.5692307692307692 0.10815047021943573 0.045384615384615384 0.11389759665621735
0 0.61 0.109717868338558 0.04153846153846154 0.10553814002089865
0 0.7192307692307692 0.10031347962382445 0.1776923076923077 0.15151515151515152
0 0.5307692307692308 0.11859979101358412 0.04153846153846154 0.1044932079414838
0 0.39384615384615385 0.13322884012539185 0.17153846153846153 0.12643678160919541
0 0.4946153846153846 0.12539184952978055 0.040769230769230766 0.109717868338558
0 0.2919230769230769 0.15830721003134796 0.04384615384615385 0.10867293625914315
0 0.2523076923076923 0.16248693834900732 0.046153846153846156 0.11285266457680251
0 0.07615384615384616 0.18286311389759666 0.1523076923076923 0.12121212121212122
0 0.21192307692307694 0.1703239289446186 0.047692307692307694 0.11076280041797283
0 0.17461538461538462 0.17607105538140022 0.054615384615384614 0.11598746081504702
0 0.9019230769230769 0.15726227795193312 0.16846153846153847 0.12539184952978055
0 0.7934615384615384 0.17659352142110762 0.054615384615384614 0.11285266457680251
0 0.10307692307692308 0.24921630094043887 0.09076923076923077 0.06269592476489028
0 0.7596153846153846 0.19540229885057472 0.052307692307692305 0.10031347962382445
0 0.7207692307692307 0.20532915360501566 0.05307692307692308 0.11285266457680251
0 0.3776923076923077 0.24242424242424243 0.04230769230769231 0.10658307210031348
0 0.4207692307692308 0.2387669801462905 0.04384615384615385 0.11180773249738767
0 0.46615384615384614 0.23510971786833856 0.040769230769230766 0.10762800417972831
0 0.5638461538461539 0.22675026123301986 0.16384615384615384 0.12121212121212122
0 0.6784615384615384 0.22100313479623823 0.055384615384615386 0.11285266457680251
0 0.3423076923076923 0.25339602925809823 0.04384615384615385 0.10867293625914315
0 0.043076923076923075 0.2889237199582027 0.04384615384615385 0.11598746081504702
0 0.2353846153846154 0.27377220480668757 0.17153846153846153 0.13166144200626959
0 0.7730769230769231 0.013584117032392894 0.04461538461538461 0.027168234064785787
0 0.1026923076923077 0.2988505747126437 0.08307692307692308 0.054336468129571575
0 0.975 0.25705329153605017 0.03230769230769231 0.10762800417972831
0 0.943076923076923 0.2601880877742947 0.043076923076923075 0.11076280041797283
0 0.8530769230769231 0.2722048066875653 0.05153846153846154 0.109717868338558
0 0.9046153846153846 0.2716823406478579 0.04461538461538461 0.109717868338558
0 0.553076923076923 0.03134796238244514 0.15538461538461537 0.06269592476489028
0 0.4203846153846154 0.3239289446185998 0.18 0.0794148380355277
0 0.7319230769230769 0.02246603970741902 0.04692307692307692 0.04493207941483804
0 0.7484615384615385 0.3051201671891327 0.1823076923076923 0.15256008359456635
0 0.5292307692307693 0.3265412748171369 0.040769230769230766 0.09404388714733543
0 0.4096153846153846 0.041274817136886105 0.04230769230769231 0.07001044932079414
0 0.3688461538461538 0.045454545454545456 0.04 0.07105538140020899
0 0.64 0.3218390804597701 0.043076923076923075 0.09926854754440961
0 0.5642307692307692 0.3296760710553814 0.03923076923076923 0.10553814002089865
0 0.6038461538461538 0.3286311389759666 0.040769230769230766 0.10240334378265413
0 0.30846153846153845 0.3672936259143156 0.04846153846153846 0.11389759665621735
0 0.26884615384615385 0.3761755485893417 0.04846153846153846 0.11180773249738767
0 0.6934615384615385 0.02664576802507837 0.045384615384615384 0.05329153605015674
0 0.33192307692307693 0.051201671891327065 0.038461538461538464 0.07523510971786834
0 0.4469230769230769 0.03970741901776385 0.03923076923076923 0.07523510971786834
0 0.09192307692307693 0.3960292580982236 0.1753846153846154 0.13375130616509928
0 0.23384615384615384 0.38662486938349006 0.04461538461538461 0.10553814002089865
0 0.1973076923076923 0.3934169278996865 0.04846153846153846 0.11598746081504702
0 0.4203846153846154 0.3834900731452456 0.1676923076923077 0.06687565308254964
0 0.2957692307692308 0.056948798328108674 0.040769230769230766 0.08045977011494253
0 0.816923076923077 0.37408568443051204 0.09153846153846154 0.07628004179728318
0 0.2569230769230769 0.06321839080459771 0.04384615384615385 0.08568443051201671
0 0.9276923076923077 0.3667711598746082 0.1376923076923077 0.11494252873563218
0 0.5888461538461538 0.4070010449320794 0.16615384615384615 0.07105538140020899
0 0.6553846153846153 0.03500522466039707 0.04923076923076923 0.07001044932079414
0 0.02076923076923077 0.08829676071055381 0.04153846153846154 0.09090909090909091
0 0.22038461538461537 0.07053291536050156 0.05384615384615385 0.09195402298850575
0 0.7526923076923077 0.42371995820271685 0.04461538461538461 0.10867293625914315
0 0.705 0.42946708463949845 0.057692307692307696 0.11285266457680251
0 0.06769230769230769 0.0851619644723093 0.045384615384615384 0.09299895506792058
0 0.10807692307692307 0.08098223615464994 0.04846153846153846 0.09404388714733543
0 0.1453846153846154 0.07784743991640543 0.05153846153846154 0.09508881922675026
0 0.18423076923076923 0.07471264367816093 0.05153846153846154 0.09508881922675026
0 0.365 0.46812957157784746 0.045384615384615384 0.11598746081504702
0 0.40307692307692305 0.46551724137931033 0.04461538461538461 0.11389759665621735
0 0.4419230769230769 0.46290491118077326 0.04461538461538461 0.10762800417972831
0 0.48346153846153844 0.4608150470219436 0.045384615384615384 0.10658307210031348
0 0.25884615384615384 0.48746081504702193 0.16846153846153847 0.13479623824451412
0 0.821923076923077 0.4367816091954023 0.09230769230769231 0.06896551724137931
0 0.5915384615384616 0.4592476489028213 0.1723076923076923 0.07105538140020899
0 0.10730769230769231 0.5073145245559039 0.047692307692307694 0.11076280041797283
0 0.026923076923076925 0.5156739811912225 0.04923076923076923 0.11494252873563218
0 0.14923076923076922 0.5041797283176593 0.040769230769230766 0.10553814002089865
0 0.06846153846153846 0.5135841170323929 0.04230769230769231 0.10344827586206896
0 0.9223076923076923 0.47648902821316613 0.04384615384615385 0.1044932079414838
0 0.9634615384615385 0.47335423197492166 0.046153846153846156 0.10658307210031348
0 0.8876923076923077 0.4864158829676071 0.046153846153846156 0.10867293625914315
0 0.43884615384615383 0.542319749216301 0.15923076923076923 0.06269592476489028
0 0.5892307692307692 0.5391849529780565 0.047692307692307694 0.11180773249738767
0 0.5434615384615384 0.5438871473354232 0.05153846153846154 0.11494252873563218
0 0.6676923076923077 0.53239289446186 0.04153846153846154 0.10031347962382445
0 0.6253846153846154 0.5376175548589341 0.047692307692307694 0.11285266457680251
0 0.7726923076923077 0.5287356321839081 0.17461538461538462 0.12748171368861025
0 0.33653846153846156 0.5841170323928945 0.04461538461538461 0.11389759665621735
0 0.25115384615384617 0.5961337513061651 0.045384615384615384 0.09508881922675026
0 0.2896153846153846 0.5929989550679206 0.04461538461538461 0.10867293625914315
0 0.09923076923076923 0.6159874608150471 0.1823076923076923 0.13479623824451412
0 0.21192307692307694 0.6091954022988506 0.047692307692307694 0.11389759665621735
0 0.43961538461538463 0.5977011494252874 0.1676923076923077 0.07105538140020899
0 0.943076923076923 0.5867293625914316 0.11384615384615385 0.12434691745036573
0 0.47192307692307695 0.6499477533960293 0.08076923076923077 0.06060606060606061
0 0.39653846153846156 0.6593521421107628 0.07307692307692308 0.05851619644723093
0 0.8496153846153847 0.6243469174503657 0.043076923076923075 0.11076280041797283
0 0.811923076923077 0.632183908045977 0.04461538461538461 0.109717868338558
0 0.7711538461538462 0.6374085684430512 0.047692307692307694 0.10658307210031348
0 0.6211538461538462 0.6530825496342738 0.17923076923076922 0.14211076280041798
0 0.7292307692307692 0.6442006269592476 0.04692307692307692 0.11076280041797283
0 0.2796153846153846 0.7100313479623824 0.1776923076923077 0.13584117032392895
0 0.1296153846153846 0.7272727272727273 0.04461538461538461 0.11389759665621735
0 0.17192307692307693 0.7236154649947754 0.04923076923076923 0.11912225705329153
0 0.08846153846153847 0.731974921630094 0.045384615384615384 0.11389759665621735
0 0.04038461538461539 0.7392894461859979 0.05 0.10867293625914315
0 0.48923076923076925 0.6985370950888192 0.0823076923076923 0.055381400208986416
0 0.40576923076923077 0.7074190177638453 0.08153846153846153 0.06374085684430512
0 0.9884615384615385 0.6954022988505747 0.023076923076923078 0.10762800417972831
0 0.9607692307692308 0.7011494252873564 0.047692307692307694 0.12121212121212122
0 0.9153846153846154 0.7068965517241379 0.05076923076923077 0.11703239289446186
0 0.7896153846153846 0.7434691745036572 0.17307692307692307 0.13061650992685475
0 0.6423076923076924 0.7607105538140021 0.04153846153846154 0.11076280041797283
0 0.6834615384615385 0.758098223615465 0.04846153846153846 0.11285266457680251
0 0.6034615384615385 0.7675026123301986 0.04230769230769231 0.1013584117032393
0 0.5588461538461539 0.7722048066875653 0.043076923076923075 0.109717868338558
0 0.44846153846153847 0.7831765935214211 0.1723076923076923 0.12539184952978055
0 0.3453846153846154 0.812957157784744 0.043076923076923075 0.11389759665621735
0 0.3019230769230769 0.8202716823406478 0.043076923076923075 0.11076280041797283
0 0.26346153846153847 0.8270637408568443 0.04461538461538461 0.11180773249738767
0 0.946923076923077 0.04649947753396029 0.043076923076923075 0.09299895506792058
0 0.22538461538461538 0.835423197492163 0.04384615384615385 0.10867293625914315
0 0.1176923076923077 0.8469174503657262 0.17923076923076922 0.12539184952978055
0 0.9011538461538462 0.04963427377220481 0.045384615384615384 0.09926854754440961
0 0.9361538461538461 0.8103448275862069 0.1276923076923077 0.12016718913270637
0 0.8626923076923076 0.05067920585161965 0.04846153846153846 0.09926854754440961
0 0.8426923076923077 0.8312434691745036 0.04692307692307692 0.09195402298850575
0 0.8003846153846154 0.8369905956112853 0.043076923076923075 0.08463949843260188
0 0.8223076923076923 0.056948798328108674 0.047692307692307694 0.11389759665621735
0 0.7303846153846154 0.8463949843260188 0.03769230769230769 0.08045977011494253
0 0.6284615384615385 0.8568443051201672 0.17615384615384616 0.09299895506792058
0 0.46192307692307694 0.874085684430512 0.04153846153846154 0.07732497387669801
0 0.42346153846153844 0.8782654127481714 0.03923076923076923 0.07314524555903866
0 0.5011538461538462 0.8704284221525601 0.04461538461538461 0.07523510971786834
0 0.3853846153846154 0.8819226750261233 0.04153846153846154 0.0741901776384535
0 0.7646153846153846 0.8474399164054337 0.03538461538461538 0.06687565308254964
0 0.28307692307692306 0.9033437826541275 0.16846153846153847 0.06269592476489028
0 0.10115384615384615 0.9258098223615465 0.038461538461538464 0.04179728317659352
0 0.06269230769230769 0.9294670846394985 0.03923076923076923 0.04075235109717868
0 0.17961538461538462 0.9184952978056427 0.03769230769230769 0.03970741901776385
0 0.14 0.9231974921630094 0.036923076923076927 0.03970741901776385