0 0.6265375 0.873719723183391 0.17985000000000007 0.09516435986159179
0 0.80936875 0.8747318339100346 0.18172499999999986 0.09179065743944638
0 0.08549375000000001 0.8750692041522492 0.169625 0.09246539792387552
0 0.25979375 0.8771020761245675 0.1788125 0.08976643598615926
0 0.44121875000000005 0.8781141868512111 0.18471249999999997 0.08909169550173011
0 0.9499562500000001 0.8784515570934256 0.10008749999999993 0.08706747404844299
0 0.5585562500000001 0.14121972318339102 0.18195625000000007 0.10173875432525953
0 0.37428125 0.14159169550173012 0.183125 0.10250000000000001
0 0.04845 0.14511245674740483 0.09650625 0.1079930795847751
0 0.190075 0.14544982698961936 0.18079374999999998 0.10461937716262976
0 0.74234375 0.14576989619377162 0.1831 0.1078114186851211
0 0.9181 0.14615051903114185 0.16379999999999995 0.10401384083044983
0 0.44776249999999995 0.24447231833910035 0.18307500000000004 0.10325259515570935
0 0.2615 0.2456833910034602 0.18320624999999996 0.10124567474048442
0 0.635325 0.24636678200692042 0.18518750000000003 0.10857266435986158
0 0.8196687500000001 0.25168685121107265 0.1874562499999999 0.10401384083044983
0 0.95731875 0.25168685121107265 0.08536249999999995 0.10401384083044983
0 0.08573750000000001 0.2527681660899654 0.17011249999999997 0.10461937716262973
0 0.36549374999999995 0.34848615916955017 0.1864 0.10477508650519031
0 0.54921875 0.3507612456747405 0.18083749999999996 0.10173875432525953
0 0.18276250000000002 0.3536764705882353 0.177875 0.09989619377162631
0 0.73274375 0.35417820069204153 0.1825562500000001 0.10553633217993079
0 0.04650000000000001 0.3563754325259516 0.0926125 0.10394463667820067
0 0.9126125 0.3575951557093426 0.17477499999999993 0.10173875432525953
0 0.60133125 0.04517301038062284 0.18632500000000007 0.09034602076124568
0 0.06819375 0.04556228373702422 0.13599375 0.08976643598615917
0 0.44858125 0.45553633217993084 0.18471874999999996 0.10477508650519037
0 0.6306625 0.4578114186851211 0.1758687499999999 0.10173875432525947
0 0.2295625 0.04589965397923876 0.18663125 0.09179065743944638
0 0.78484375 0.045934256055363325 0.18472499999999997 0.09186851211072665
0 0.93921875 0.045934256055363325 0.1215625 0.09186851211072665
0 0.4156875 0.045934256055363325 0.18475624999999993 0.09186851211072665
0 0.2639375 0.4589705882352942 0.18028124999999995 0.09854671280276818
0 0.9507375 0.4593339100346021 0.09852499999999992 0.10173875432525947
0 0.08671250000000001 0.4599826989619377 0.1730375 0.10461937716262981
0 0.8100687499999999 0.46047577854671273 0.18033125000000014 0.10097750865051905
0 0.57060625 0.5610726643598616 0.18411875000000003 0.10173875432525943
0 0.3852375 0.5614446366782007 0.1874875 0.10097750865051905
0 0.20177499999999998 0.5629065743944637 0.18761874999999997 0.10664359861591693
0 0.05503125 0.5639186851211072 0.10869374999999999 0.10326989619377153
0 0.9227625 0.5641089965397924 0.15447499999999992 0.10325259515570925
0 0.7555 0.5648615916955018 0.18419375000000002 0.10173875432525943
0 0.6277125 0.6651643598615916 0.18316874999999996 0.10326989619377153
0 0.44293125000000005 0.6658391003460208 0.18129999999999996 0.10461937716262981
0 0.0828125 0.668538062283737 0.1652375 0.10326989619377153
0 0.81695 0.6695501730103807 0.17738124999999996 0.1093425605536333
0 0.95215 0.6719117647058823 0.09569999999999994 0.10461937716262981
0 0.25955 0.6732612456747404 0.18515625 0.10731833910034598
0 0.75110625 0.7704584775086505 0.17638125000000002 0.10057093425605536
0 0.56969375 0.7707958477508651 0.17734375 0.1012456747404844
0 0.04966875 0.7724826989619378 0.09894375 0.10461937716262981
0 0.19373125000000002 0.7741695501730105 0.18908124999999998 0.10529411764705884
0 0.38246875 0.7755190311418685 0.19010000000000005 0.10664359861591693
0 0.9215625 0.7768166089965398 0.156875 0.10726643598615918