0 0.6171875 0.879757785467128 0.181875 0.10380622837370242
0 0.7996875 0.889273356401384 0.18375 0.10034602076124567
0 0.0809375 0.8546712802768166 0.161875 0.10034602076124567
0 0.2503125 0.865484429065744 0.18125 0.0986159169550173
0 0.431875 0.875 0.186875 0.09775086505190311
0 0.94 0.9000865051903114 0.1025 0.09169550173010381
0 0.5675 0.1444636678200692 0.184375 0.11072664359861592
0 0.3834375 0.13581314878892733 0.185625 0.1115916955017301
0 0.0578125 0.12370242214532871 0.099375 0.11245674740484429
0 0.1990625 0.13062283737024222 0.183125 0.11332179930795848
0 0.75125 0.1578719723183391 0.185625 0.11678200692041522
0 0.921875 0.16652249134948097 0.15625 0.1115916955017301
0 0.454375 0.2422145328719723 0.185625 0.11245674740484429
0 0.268125 0.23442906574394465 0.185625 0.10986159169550173
0 0.6415625 0.2530276816608997 0.1875 0.11764705882352941
0 0.825625 0.2673010380622837 0.19 0.11332179930795848
0 0.9596875 0.27378892733564014 0.080625 0.10813148788927336
0 0.0921875 0.23269896193771628 0.1725 0.11245674740484429
0 0.369375 0.3421280276816609 0.18875 0.11332179930795848
0 0.5528125 0.35337370242214533 0.183125 0.11072664359861592
0 0.1865625 0.3382352941176471 0.18 0.10813148788927336
0 0.73625 0.36548442906574397 0.185 0.11418685121107267
0 0.0503125 0.3343425605536332 0.095 0.10813148788927336
0 0.9134375 0.37759515570934254 0.173125 0.10986159169550173
0 0.6128125 0.050173010380622836 0.18875 0.09948096885813149
0 0.0796875 0.03633217993079585 0.138125 0.0726643598615917
0 0.4496875 0.4532871972318339 0.1875 0.11332179930795848
0 0.6315625 0.4641003460207612 0.178125 0.10986159169550173
0 0.24125 0.04152249134948097 0.18875 0.08304498269896193
0 0.79625 0.060121107266435984 0.186875 0.10034602076124567
0 0.9440625 0.06704152249134948 0.111875 0.09775086505190311
0 0.4271875 0.045847750865051905 0.186875 0.09169550173010381
0 0.265 0.4476643598615917 0.1825 0.10726643598615918
0 0.9503125 0.4805363321799308 0.099375 0.10640138408304499
0 0.088125 0.439878892733564 0.175625 0.11332179930795848
0 0.8109375 0.47534602076124566 0.1825 0.10986159169550173
0 0.5690625 0.5644463667820069 0.186875 0.11072664359861592
0 0.38375 0.5557958477508651 0.19 0.10986159169550173
0 0.2003125 0.5484429065743944 0.19 0.11591695501730104
0 0.0546875 0.541955017301038 0.109375 0.10813148788927336
0 0.9209375 0.5843425605536332 0.156875 0.11072664359861592
0 0.75375 0.5769896193771626 0.186875 0.11072664359861592
0 0.6234375 0.671280276816609 0.185625 0.11245674740484429
0 0.43875 0.6630622837370242 0.18375 0.11332179930795848
0 0.08125 0.648356401384083 0.1625 0.1115916955017301
0 0.8125 0.6846885813148789 0.18 0.11764705882352941
0 0.9475 0.6937716262975778 0.098125 0.10899653979238755
0 0.2553125 0.6613321799307958 0.1875 0.11591695501730104
0 0.7440625 0.782439446366782 0.17875 0.10899653979238755
0 0.5628125 0.7737889273356401 0.18 0.10986159169550173
0 0.046875 0.75 0.09375 0.10899653979238755
0 0.186875 0.759083044982699 0.191875 0.11418685121107267
0 0.375625 0.7694636678200693 0.1925 0.11591695501730104
0 0.914375 0.7971453287197232 0.159375 0.11505190311418685