0 0.6584375 0.8494809688581315 0.186875 0.1245674740484429
0 0.84 0.8196366782006921 0.18875 0.12197231833910034
0 0.12125 0.9407439446366782 0.17625 0.1185121107266436
0 0.2946875 0.9147923875432526 0.185625 0.11937716262975778
0 0.475 0.8853806228373703 0.19125 0.11937716262975778
0 0.963125 0.7997404844290658 0.07375 0.10294117647058823
0 0.5265625 0.13408304498269896 0.189375 0.1314878892733564
0 0.34375 0.1656574394463668 0.190625 0.1323529411764706
0 0.0365625 0.2236159169550173 0.073125 0.12370242214532871
0 0.16125 0.20025951557093424 0.18875 0.13408304498269896
0 0.709375 0.10769896193771626 0.19125 0.1375432525951557
0 0.88375 0.07828719723183392 0.171875 0.13062283737024222
0 0.425625 0.25519031141868515 0.190625 0.13321799307958476
0 0.2409375 0.2876297577854671 0.190625 0.1314878892733564
0 0.611875 0.22534602076124569 0.193125 0.13927335640138408
0 0.7953125 0.19982698961937717 0.195 0.13494809688581316
0 0.9321875 0.17647058823529413 0.09375 0.11764705882352941
0 0.078125 0.32396193771626297 0.15625 0.1323529411764706
0 0.353125 0.37240484429065746 0.194375 0.13581314878892733
0 0.535625 0.34342560553633217 0.18875 0.1314878892733564
0 0.1721875 0.4083044982698962 0.185625 0.12889273356401384
0 0.718125 0.3161764705882353 0.190625 0.13581314878892733
0 0.04375 0.4338235294117647 0.0875 0.1185121107266436
0 0.896875 0.2889273356401384 0.1825 0.13062283737024222
0 0.5603125 0.045847750865051905 0.193125 0.09169550173010381
0 0.05125 0.12197231833910034 0.1025 0.11245674740484429
0 0.445 0.46453287197231835 0.1925 0.13494809688581316
0 0.6259375 0.4359861591695502 0.18375 0.13062283737024222
0 0.1915625 0.09472318339100345 0.193125 0.12283737024221453
0 0.7425 0.031141868512110725 0.19125 0.06228373702422145
0 0.895625 0.015570934256055362 0.12875 0.031141868512110725
0 0.37625 0.06358131487889274 0.19125 0.12197231833910034
0 0.2621875 0.4991349480968858 0.1875 0.12802768166089964
0 0.94375 0.3836505190311419 0.106875 0.11764705882352941
0 0.0884375 0.5294117647058824 0.176875 0.13321799307958476
0 0.804375 0.4083044982698962 0.188125 0.13062283737024222
0 0.5753125 0.5488754325259516 0.191875 0.1323529411764706
0 0.3915625 0.5804498269896193 0.195 0.1314878892733564
0 0.2096875 0.6128892733564014 0.195625 0.1375432525951557
0 0.0640625 0.6384083044982699 0.116875 0.12110726643598616
0 0.921875 0.49178200692041524 0.15625 0.12889273356401384
0 0.759375 0.5211937716262975 0.191875 0.1323529411764706
0 0.64125 0.6423010380622838 0.190625 0.13321799307958476
0 0.4578125 0.6743079584775087 0.189375 0.13408304498269896
0 0.100625 0.7374567474048442 0.173125 0.13062283737024222
0 0.829375 0.6146193771626297 0.185625 0.1384083044982699
0 0.9559375 0.5938581314878892 0.088125 0.12024221453287197
0 0.2765625 0.7123702422145328 0.193125 0.1375432525951557
0 0.773125 0.7262110726643599 0.18375 0.12975778546712802
0 0.593125 0.7569204152249135 0.185 0.13062283737024222
0 0.076875 0.8464532871972318 0.1075 0.12024221453287197
0 0.22 0.823961937716263 0.196875 0.13667820069204153
0 0.4075 0.7932525951557093 0.198125 0.1375432525951557
0 0.93 0.7032871972318339 0.14 0.13321799307958476