0 0.25653846153846155 0.10020242914979757 0.10923076923076923 0.06376518218623482
0 0.7815384615384615 0.17307692307692307 0.11076923076923077 0.06983805668016195
0 0.5703846153846154 0.14676113360323886 0.10692307692307693 0.06477732793522267
0 0.3607692307692308 0.11791497975708502 0.1076923076923077 0.06781376518218624
0 0.465 0.13360323886639677 0.10692307692307693 0.06477732793522267
0 0.89 0.1938259109311741 0.10846153846153846 0.06578947368421052
0 0.6730769230769231 0.16396761133603238 0.10230769230769231 0.06376518218623482
0 0.15461538461538463 0.09362348178137651 0.10615384615384615 0.06578947368421052
0 0.06692307692307692 0.08451417004048584 0.07538461538461538 0.05668016194331984
0 0.97 0.21103238866396762 0.06 0.06174089068825911
0 0.36 0.1680161943319838 0.10692307692307693 0.06680161943319839
0 0.25576923076923075 0.15384615384615385 0.1076923076923077 0.06477732793522267
0 0.5711538461538461 0.19838056680161945 0.10615384615384615 0.06376518218623482
0 0.4673076923076923 0.18724696356275303 0.10615384615384615 0.06477732793522267
0 0.6746153846153846 0.21609311740890688 0.10692307692307693 0.06376518218623482
0 0.15153846153846154 0.14423076923076922 0.10692307692307693 0.06072874493927125
0 0.8811538461538462 0.24645748987854252 0.10692307692307693 0.06275303643724696
0 0.06346153846153846 0.13360323886639677 0.07692307692307693 0.06072874493927125
0 0.9657692307692308 0.2616396761133603 0.06846153846153846 0.06174089068825911
0 0.24884615384615386 0.2029352226720648 0.10923076923076923 0.06680161943319839
0 0.7757692307692308 0.2773279352226721 0.10692307692307693 0.06477732793522267
0 0.35423076923076924 0.21912955465587045 0.10846153846153846 0.06781376518218624
0 0.5676923076923077 0.24898785425101214 0.1076923076923077 0.06477732793522267
0 0.1453846153846154 0.19281376518218624 0.10846153846153846 0.06477732793522267
0 0.6711538461538461 0.26720647773279355 0.10538461538461538 0.06477732793522267
0 0.8792307692307693 0.2965587044534413 0.10692307692307693 0.06477732793522267
0 0.4580769230769231 0.2388663967611336 0.10615384615384615 0.06477732793522267
0 0.05846153846153846 0.18421052631578946 0.07538461538461538 0.058704453441295545
0 0.9638461538461538 0.3117408906882591 0.07230769230769231 0.06275303643724696
0 0.24307692307692308 0.25455465587044535 0.1076923076923077 0.06477732793522267
0 0.3484615384615385 0.27125506072874495 0.10923076923076923 0.06882591093117409
0 0.5642307692307692 0.3016194331983806 0.10538461538461538 0.06275303643724696
0 0.78 0.3319838056680162 0.10461538461538461 0.06275303643724696
0 0.675 0.3173076923076923 0.1076923076923077 0.06376518218623482
0 0.13846153846153847 0.2444331983805668 0.1076923076923077 0.06578947368421052
0 0.05269230769230769 0.2332995951417004 0.07076923076923076 0.06174089068825911
0 0.4596153846153846 0.2899797570850202 0.1076923076923077 0.06578947368421052
0 0.8811538461538462 0.3507085020242915 0.10384615384615385 0.06477732793522267
0 0.965 0.3633603238866397 0.07 0.06072874493927125
0 0.24461538461538462 0.3061740890688259 0.10846153846153846 0.06376518218623482
0 0.3503846153846154 0.32186234817813764 0.10923076923076923 0.06781376518218624
0 0.56 0.35121457489878544 0.11076923076923077 0.06680161943319839
0 0.13846153846153847 0.29453441295546556 0.1076923076923077 0.06578947368421052
0 0.7723076923076924 0.3825910931174089 0.10076923076923076 0.06578947368421052
0 0.6723076923076923 0.3694331983805668 0.10692307692307693 0.06477732793522267
0 0.05153846153846154 0.28441295546558704 0.07615384615384616 0.0597165991902834
0 0.455 0.34058704453441296 0.10692307692307693 0.06477732793522267
0 0.911923076923077 0.4063765182186235 0.17615384615384616 0.07388663967611336
0 0.7923076923076923 0.07439271255060728 0.10846153846153846 0.06781376518218624
0 0.5853846153846154 0.046052631578947366 0.10538461538461538 0.06072874493927125
0 0.17807692307692308 0.018724696356275303 0.28076923076923077 0.03744939271255061
0 0.37653846153846154 0.025303643724696356 0.10692307692307693 0.05060728744939271
0 0.5626923076923077 0.40384615384615385 0.10692307692307693 0.06477732793522267
0 0.3503846153846154 0.375 0.10846153846153846 0.06781376518218624
0 0.7715384615384615 0.4342105263157895 0.10538461538461538 0.06477732793522267
0 0.6676923076923077 0.4200404858299595 0.10692307692307693 0.06376518218623482
0 0.15307692307692308 0.3491902834008097 0.28923076923076924 0.09716599190283401
0 0.455 0.3917004048582996 0.1076923076923077 0.06477732793522267
0 0.91 0.4564777327935223 0.18 0.07489878542510121
0 0.47846153846153844 0.035931174089068825 0.10692307692307693 0.06477732793522267
0 0.688076923076923 0.06578947368421052 0.10538461538461538 0.06376518218623482
0 0.8957692307692308 0.09716599190283401 0.10538461538461538 0.06174089068825911
0 0.5546153846153846 0.45394736842105265 0.10692307692307693 0.06578947368421052
0 0.7607692307692308 0.4832995951417004 0.10615384615384615 0.06275303643724696
0 0.34307692307692306 0.42611336032388664 0.1123076923076923 0.07186234817813765
0 0.6580769230769231 0.4701417004048583 0.10538461538461538 0.06477732793522267
0 0.14807692307692308 0.40131578947368424 0.28692307692307695 0.09615384615384616
0 0.4492307692307692 0.44281376518218624 0.1076923076923077 0.06376518218623482
0 0.9057692307692308 0.507085020242915 0.18846153846153846 0.07692307692307693
0 0.9719230769230769 0.1118421052631579 0.05615384615384615 0.06174089068825911
0 0.23846153846153847 0.46204453441295545 0.11 0.06376518218623482
0 0.5526923076923077 0.5055668016194332 0.10692307692307693 0.06477732793522267
0 0.7588461538461538 0.534919028340081 0.10923076923076923 0.06680161943319839
0 0.13153846153846155 0.4493927125506073 0.10923076923076923 0.06578947368421052
0 0.6557692307692308 0.5222672064777328 0.10615384615384615 0.06477732793522267
0 0.9046153846153846 0.5576923076923077 0.18769230769230769 0.07489878542510121
0 0.4492307692307692 0.49544534412955465 0.1076923076923077 0.06477732793522267
0 0.34423076923076923 0.4812753036437247 0.10692307692307693 0.06578947368421052
0 0.039615384615384615 0.45293522267206476 0.07923076923076923 0.06578947368421052
0 0.7503846153846154 0.5865384615384616 0.09461538461538462 0.06275303643724696
0 0.6507692307692308 0.5733805668016194 0.10692307692307693 0.06477732793522267
0 0.9484615384615385 0.6148785425101214 0.09307692307692307 0.06275303643724696
0 0.23461538461538461 0.5167004048582996 0.10923076923076923 0.06578947368421052
0 0.8538461538461538 0.6022267206477733 0.10384615384615385 0.06275303643724696
0 0.5480769230769231 0.5602226720647774 0.10615384615384615 0.06376518218623482
0 0.12692307692307692 0.5025303643724697 0.11 0.06680161943319839
0 0.3396153846153846 0.5328947368421053 0.10615384615384615 0.06477732793522267
0 0.4442307692307692 0.5475708502024291 0.1076923076923077 0.06578947368421052
0 0.033846153846153845 0.5055668016194332 0.06769230769230769 0.06578947368421052
0 0.7446153846153846 0.6366396761133604 0.1076923076923077 0.06680161943319839
0 0.6407692307692308 0.6234817813765182 0.10538461538461538 0.06275303643724696
0 0.9434615384615385 0.6649797570850202 0.09538461538461539 0.06275303643724696
0 0.5342307692307692 0.6093117408906883 0.10692307692307693 0.06376518218623482
0 0.8480769230769231 0.65334008097166 0.10153846153846154 0.06174089068825911
0 0.22192307692307692 0.5673076923076923 0.1076923076923077 0.06477732793522267
0 0.11615384615384615 0.5531376518218624 0.11076923076923077 0.06680161943319839
0 0.3261538461538461 0.582995951417004 0.10692307692307693 0.06680161943319839
0 0.42923076923076925 0.5976720647773279 0.10384615384615385 0.06376518218623482
0 0.03230769230769231 0.5571862348178138 0.06461538461538462 0.06376518218623482
0 0.7353846153846154 0.687246963562753 0.10538461538461538 0.06477732793522267
0 0.6326923076923077 0.6730769230769231 0.10461538461538461 0.06376518218623482
0 0.838076923076923 0.7019230769230769 0.10307692307692308 0.06376518218623482
0 0.936923076923077 0.7160931174089069 0.1 0.06174089068825911
0 0.5296153846153846 0.6604251012145749 0.10615384615384615 0.06376518218623482
0 0.21653846153846154 0.6174089068825911 0.1076923076923077 0.06275303643724696
0 0.11192307692307692 0.6032388663967612 0.1076923076923077 0.06275303643724696
0 0.3203846153846154 0.6341093117408907 0.10923076923076923 0.06680161943319839
0 0.4238461538461539 0.6492914979757085 0.10692307692307693 0.06578947368421052
0 0.021153846153846155 0.6077935222672065 0.04230769230769231 0.05566801619433198
0 0.7292307692307692 0.7373481781376519 0.10538461538461538 0.06477732793522267
0 0.9307692307692308 0.7661943319838057 0.10230769230769231 0.06376518218623482
0 0.8311538461538461 0.7525303643724697 0.10384615384615385 0.06376518218623482
0 0.5230769230769231 0.7105263157894737 0.10692307692307693 0.06578947368421052
0 0.6257692307692307 0.7252024291497976 0.10615384615384615 0.06477732793522267
0 0.09153846153846154 0.65334008097166 0.10846153846153846 0.06578947368421052
0 0.20807692307692308 0.6695344129554656 0.10615384615384615 0.06578947368421052
0 0.31153846153846154 0.6852226720647774 0.10923076923076923 0.06680161943319839
0 0.4169230769230769 0.7004048582995951 0.10692307692307693 0.06578947368421052
0 0.01769230769230769 0.6589068825910931 0.03538461538461538 0.058704453441295545
0 0.7234615384615385 0.7894736842105263 0.10461538461538461 0.06477732793522267
0 0.825 0.8041497975708503 0.10384615384615385 0.06072874493927125
0 0.6203846153846154 0.7758097165991903 0.10692307692307693 0.06477732793522267
0 0.9261538461538461 0.8188259109311741 0.10461538461538461 0.06578947368421052
0 0.5157692307692308 0.7621457489878543 0.10846153846153846 0.06477732793522267
0 0.08346153846153846 0.7034412955465587 0.10615384615384615 0.06680161943319839
0 0.4123076923076923 0.7515182186234818 0.10615384615384615 0.06477732793522267
0 0.3073076923076923 0.7373481781376519 0.10923076923076923 0.06578947368421052
0 0.1996153846153846 0.7231781376518218 0.11 0.06578947368421052
0 0.015769230769230768 0.7105263157894737 0.031538461538461536 0.06275303643724696
0 0.6311538461538462 0.8289473684210527 0.31076923076923074 0.0931174089068826
0 0.8807692307692307 0.8633603238866396 0.18846153846153846 0.07793522267206478
0 0.3161538461538462 0.7879554655870445 0.31846153846153846 0.09716599190283401
0 0.08423076923076923 0.756578947368421 0.1076923076923077 0.06882591093117409
0 0.013846153846153847 0.7651821862348178 0.027692307692307693 0.06275303643724696
0 0.5784615384615385 0.09463562753036438 0.10692307692307693 0.06376518218623482
0 0.7876923076923077 0.12398785425101215 0.1076923076923077 0.06882591093117409
0 0.8738461538461538 0.9139676113360324 0.19153846153846155 0.07692307692307693
0 0.6253846153846154 0.8800607287449392 0.30846153846153845 0.09210526315789473
0 0.08423076923076923 0.8092105263157895 0.1076923076923077 0.06680161943319839
0 0.31423076923076926 0.8426113360323887 0.3192307692307692 0.09716599190283401
0 0.25769230769230766 0.05313765182186235 0.1076923076923077 0.06275303643724696
0 0.005384615384615384 0.8168016194331984 0.010769230769230769 0.05465587044534413
0 0.3626923076923077 0.06831983805668017 0.10846153846153846 0.06680161943319839
0 0.6242307692307693 0.916497975708502 0.3069230769230769 0.06578947368421052
0 0.8723076923076923 0.9519230769230769 0.18769230769230769 0.04757085020242915
0 0.46923076923076923 0.08451417004048584 0.10538461538461538 0.06174089068825911
0 0.6834615384615385 0.11487854251012146 0.10538461538461538 0.06275303643724696
0 0.15615384615384614 0.0430161943319838 0.10384615384615385 0.06072874493927125
0 0.07076923076923076 0.03188259109311741 0.07538461538461538 0.06072874493927125
0 0.9015384615384615 0.14726720647773278 0.10538461538461538 0.06174089068825911
0 0.975 0.1624493927125506 0.05 0.0597165991902834