0 0.2619230769230769 0.09463562753036438 0.11 0.06578947368421052
0 0.7857692307692308 0.17965587044534412 0.11076923076923077 0.07186234817813765
0 0.575 0.14878542510121456 0.10692307692307693 0.06680161943319839
0 0.3657692307692308 0.11487854251012146 0.1076923076923077 0.06983805668016195
0 0.47 0.1325910931174089 0.1076923076923077 0.06680161943319839
0 0.8942307692307693 0.2029352226720648 0.10923076923076923 0.06781376518218624
0 0.6773076923076923 0.1680161943319838 0.10307692307692308 0.06680161943319839
0 0.16 0.0860323886639676 0.10692307692307693 0.06781376518218624
0 0.07230769230769231 0.07489878542510121 0.07538461538461538 0.058704453441295545
0 0.9719230769230769 0.222165991902834 0.05615384615384615 0.06376518218623482
0 0.3646153846153846 0.16497975708502025 0.1076923076923077 0.06882591093117409
0 0.2603846153846154 0.14827935222672065 0.10846153846153846 0.06680161943319839
0 0.575 0.19989878542510123 0.10692307692307693 0.06578947368421052
0 0.4715384615384615 0.1862348178137652 0.10692307692307693 0.06680161943319839
0 0.6784615384615384 0.2201417004048583 0.10692307692307693 0.06578947368421052
0 0.15653846153846154 0.1361336032388664 0.10692307692307693 0.06376518218623482
0 0.8846153846153846 0.2550607287449393 0.1076923076923077 0.06578947368421052
0 0.06846153846153846 0.12348178137651822 0.07769230769230769 0.06275303643724696
0 0.9669230769230769 0.2727732793522267 0.06615384615384616 0.06376518218623482
0 0.2526923076923077 0.19736842105263158 0.11 0.06882591093117409
0 0.7788461538461539 0.2839068825910931 0.1076923076923077 0.06781376518218624
0 0.35807692307692307 0.21609311740890688 0.10923076923076923 0.06983805668016195
0 0.5711538461538461 0.25050607287449395 0.1076923076923077 0.06781376518218624
0 0.14961538461538462 0.1847165991902834 0.10846153846153846 0.06781376518218624
0 0.6742307692307692 0.27125506072874495 0.10615384615384615 0.06680161943319839
0 0.8815384615384615 0.30516194331983804 0.10692307692307693 0.06680161943319839
0 0.46153846153846156 0.23785425101214575 0.10692307692307693 0.06680161943319839
0 0.06269230769230769 0.17408906882591094 0.07538461538461538 0.0597165991902834
0 0.9646153846153847 0.3228744939271255 0.07076923076923076 0.06477732793522267
0 0.24653846153846154 0.24898785425101214 0.10846153846153846 0.06680161943319839
0 0.3515384615384615 0.26771255060728744 0.10923076923076923 0.0708502024291498
0 0.566923076923077 0.30313765182186236 0.10615384615384615 0.06578947368421052
0 0.7819230769230769 0.33805668016194335 0.10538461538461538 0.06477732793522267
0 0.6773076923076923 0.32135627530364375 0.10846153846153846 0.06578947368421052
0 0.14192307692307693 0.23582995951417005 0.10846153846153846 0.06781376518218624
0 0.05653846153846154 0.22317813765182187 0.07153846153846154 0.06376518218623482
0 0.4623076923076923 0.2889676113360324 0.1076923076923077 0.06781376518218624
0 0.8830769230769231 0.3598178137651822 0.10461538461538461 0.06680161943319839
0 0.9657692307692308 0.37449392712550605 0.06846153846153846 0.06275303643724696
0 0.2469230769230769 0.3001012145748988 0.10846153846153846 0.06680161943319839
0 0.3526923076923077 0.3183198380566802 0.11 0.06983805668016195
0 0.561923076923077 0.3527327935222672 0.11076923076923077 0.06882591093117409
0 0.14115384615384616 0.28643724696356276 0.1076923076923077 0.06781376518218624
0 0.7738461538461539 0.38866396761133604 0.10153846153846154 0.06781376518218624
0 0.6738461538461539 0.3734817813765182 0.10692307692307693 0.06781376518218624
0 0.054615384615384614 0.2742914979757085 0.07692307692307693 0.06174089068825911
0 0.4573076923076923 0.3395748987854251 0.1076923076923077 0.06680161943319839
0 0.9126923076923077 0.41548582995951416 0.17461538461538462 0.07793522267206478
0 0.7980769230769231 0.08147773279352227 0.10923076923076923 0.0708502024291498
0 0.5915384615384616 0.04807692307692308 0.10615384615384615 0.06275303643724696
0 0.185 0.016700404858299597 0.28076923076923077 0.03340080971659919
0 0.3830769230769231 0.02479757085020243 0.1076923076923077 0.04959514170040486
0 0.5638461538461539 0.40536437246963564 0.1076923076923077 0.06680161943319839
0 0.35192307692307695 0.3714574898785425 0.10923076923076923 0.06983805668016195
0 0.7723076923076924 0.4402834008097166 0.10615384615384615 0.06680161943319839
0 0.6688461538461539 0.4240890688259109 0.1076923076923077 0.06578947368421052
0 0.15538461538461537 0.3410931174089069 0.28923076923076924 0.10323886639676114
0 0.45653846153846156 0.39068825910931176 0.1076923076923077 0.06680161943319839
0 0.9103846153846153 0.46558704453441296 0.17923076923076922 0.07894736842105263
0 0.4846153846153846 0.0354251012145749 0.10692307692307693 0.06781376518218624
0 0.6938461538461539 0.07034412955465587 0.10538461538461538 0.06578947368421052
0 0.9011538461538462 0.1062753036437247 0.10538461538461538 0.06376518218623482
0 0.555 0.45546558704453444 0.1076923076923077 0.06781376518218624
0 0.7611538461538462 0.4893724696356275 0.10692307692307693 0.06477732793522267
0 0.34384615384615386 0.4225708502024291 0.11307692307692307 0.07388663967611336
0 0.6584615384615384 0.47368421052631576 0.10615384615384615 0.06680161943319839
0 0.14923076923076922 0.3932186234817814 0.28692307692307695 0.10222672064777327
0 0.45 0.4418016194331984 0.1076923076923077 0.06680161943319839
0 0.9057692307692308 0.5161943319838057 0.18846153846153846 0.08097165991902834
0 0.9742307692307692 0.12297570850202429 0.05153846153846154 0.06376518218623482
0 0.23884615384615385 0.4559716599190283 0.11 0.06578947368421052
0 0.5526923076923077 0.507085020242915 0.10692307692307693 0.06680161943319839
0 0.7584615384615384 0.5409919028340081 0.10923076923076923 0.06882591093117409
0 0.13230769230769232 0.4407894736842105 0.11 0.06781376518218624
0 0.6553846153846153 0.5258097165991903 0.10615384615384615 0.06680161943319839
0 0.9038461538461539 0.5668016194331984 0.18846153846153846 0.07894736842105263
0 0.4492307692307692 0.4944331983805668 0.10846153846153846 0.06680161943319839
0 0.3446153846153846 0.4777327935222672 0.10692307692307693 0.06781376518218624
0 0.04 0.44281376518218624 0.08 0.06781376518218624
0 0.7492307692307693 0.5926113360323887 0.09538461538461539 0.06477732793522267
0 0.6496153846153846 0.5769230769230769 0.10692307692307693 0.06781376518218624
0 0.946923076923077 0.625 0.09307692307692307 0.06477732793522267
0 0.23461538461538461 0.5101214574898786 0.11 0.06781376518218624
0 0.8523076923076923 0.6103238866396761 0.10384615384615385 0.06578947368421052
0 0.5473076923076923 0.5612348178137652 0.10692307692307693 0.06578947368421052
0 0.12692307692307692 0.4939271255060729 0.11 0.06882591093117409
0 0.3392307692307692 0.5288461538461539 0.10615384615384615 0.06680161943319839
0 0.44346153846153846 0.5465587044534413 0.10846153846153846 0.06781376518218624
0 0.03423076923076923 0.4949392712550607 0.06846153846153846 0.06680161943319839
0 0.7426923076923077 0.6427125506072875 0.10846153846153846 0.06983805668016195
0 0.6388461538461538 0.6265182186234818 0.10615384615384615 0.06477732793522267
0 0.9411538461538461 0.6751012145748988 0.09538461538461539 0.06477732793522267
0 0.5326923076923077 0.6098178137651822 0.10692307692307693 0.06578947368421052
0 0.8461538461538461 0.6614372469635628 0.10230769230769231 0.06376518218623482
0 0.22115384615384615 0.5607287449392713 0.10846153846153846 0.06680161943319839
0 0.11576923076923076 0.5440283400809717 0.11076923076923077 0.06882591093117409
0 0.3253846153846154 0.5789473684210527 0.10692307692307693 0.06882591093117409
0 0.4276923076923077 0.5956477732793523 0.10461538461538461 0.06578947368421052
0 0.03192307692307692 0.5465587044534413 0.06384615384615384 0.06477732793522267
0 0.7330769230769231 0.6923076923076923 0.10615384615384615 0.06680161943319839
0 0.6303846153846154 0.6761133603238867 0.10538461538461538 0.06578947368421052
0 0.8353846153846154 0.7095141700404858 0.10307692307692308 0.06578947368421052
0 0.9342307692307692 0.7262145748987854 0.1 0.06376518218623482
0 0.5276923076923077 0.6609311740890689 0.10692307692307693 0.06578947368421052
0 0.215 0.611336032388664 0.10846153846153846 0.06578947368421052
0 0.11038461538461539 0.5946356275303644 0.10846153846153846 0.06477732793522267
0 0.31846153846153846 0.6300607287449392 0.10923076923076923 0.06882591093117409
0 0.4219230769230769 0.6477732793522267 0.1076923076923077 0.06781376518218624
0 0.02076923076923077 0.5961538461538461 0.04153846153846154 0.05668016194331984
0 0.7257692307692307 0.742914979757085 0.10615384615384615 0.06680161943319839
0 0.9273076923076923 0.7758097165991903 0.10230769230769231 0.06578947368421052
0 0.8276923076923077 0.7601214574898786 0.10384615384615385 0.06578947368421052
0 0.5203846153846153 0.7110323886639676 0.1076923076923077 0.06882591093117409
0 0.6226923076923077 0.7277327935222672 0.10692307692307693 0.06680161943319839
0 0.08961538461538461 0.6442307692307693 0.10846153846153846 0.06781376518218624
0 0.20615384615384616 0.6629554655870445 0.10692307692307693 0.06781376518218624
0 0.30923076923076925 0.6811740890688259 0.11 0.06882591093117409
0 0.41423076923076924 0.6983805668016194 0.10692307692307693 0.06781376518218624
0 0.016923076923076923 0.6472672064777328 0.033846153846153845 0.0597165991902834
0 0.7196153846153847 0.7945344129554656 0.10538461538461538 0.06680161943319839
0 0.8207692307692308 0.8112348178137652 0.10384615384615385 0.06376518218623482
0 0.6165384615384616 0.7788461538461539 0.1076923076923077 0.06680161943319839
0 0.921923076923077 0.8284412955465587 0.10461538461538461 0.06781376518218624
0 0.5123076923076924 0.7626518218623481 0.10923076923076923 0.06781376518218624
0 0.08076923076923077 0.6938259109311741 0.10615384615384615 0.06882591093117409
0 0.40923076923076923 0.7494939271255061 0.10692307692307693 0.06680161943319839
0 0.3038461538461538 0.7327935222672065 0.11 0.06781376518218624
0 0.19653846153846155 0.7160931174089069 0.11076923076923077 0.06781376518218624
0 0.014615384615384615 0.6998987854251012 0.02923076923076923 0.06376518218623482
0 0.6269230769230769 0.8319838056680162 0.31076923076923074 0.10020242914979757
0 0.8757692307692307 0.8724696356275303 0.18846153846153846 0.08198380566801619
0 0.3123076923076923 0.7834008097165992 0.3192307692307692 0.10425101214574899
0 0.08076923076923077 0.7469635627530364 0.10846153846153846 0.0708502024291498
0 0.011923076923076923 0.7535425101214575 0.023846153846153847 0.06376518218623482
0 0.5838461538461538 0.09665991902834008 0.1076923076923077 0.06578947368421052
0 0.7923076923076923 0.1305668016194332 0.10846153846153846 0.0708502024291498
0 0.8684615384615385 0.9225708502024291 0.19230769230769232 0.08198380566801619
0 0.62 0.8825910931174089 0.30923076923076925 0.09919028340080972
0 0.08 0.7995951417004049 0.10846153846153846 0.06882591093117409
0 0.3096153846153846 0.8385627530364372 0.32 0.10425101214574899
0 0.26384615384615384 0.04757085020242915 0.1076923076923077 0.06477732793522267
0 0.36846153846153845 0.0652834008097166 0.10923076923076923 0.06983805668016195
0 0.6188461538461538 0.9195344129554656 0.3069230769230769 0.0728744939271255
0 0.8661538461538462 0.9605263157894737 0.18769230769230769 0.05161943319838057
0 0.4746153846153846 0.0840080971659919 0.10615384615384615 0.06376518218623482
0 0.6884615384615385 0.11892712550607287 0.10615384615384615 0.06477732793522267
0 0.16230769230769232 0.034919028340080975 0.10384615384615385 0.06376518218623482
0 0.07653846153846154 0.026821862348178137 0.07615384615384616 0.053643724696356275
0 0.9061538461538462 0.15637651821862347 0.10615384615384615 0.06376518218623482
0 0.9773076923076923 0.17307692307692307 0.045384615384615384 0.06072874493927125