0 0.2261 0.13605263157894737 0.10609999999999999 0.04906882591093118
0 0.7539769230769231 0.13633603238866396 0.10660000000000003 0.055131578947368434
0 0.5418076923076923 0.13917004048582995 0.10327692307692307 0.05085020242914981
0 0.33113076923076923 0.1393522267206478 0.10385384615384614 0.05348178137651824
0 0.43616153846153843 0.14029352226720648 0.10380769230769234 0.05085020242914981
0 0.8636615384615385 0.14209514170040485 0.1050307692307692 0.051629554655870435
0 0.6452615384615384 0.14218623481781376 0.09894615384615375 0.05085020242914981
0 0.12422307692307694 0.1434817813765182 0.10275384615384618 0.05204453441295548
0 0.036107692307692306 0.14645748987854249 0.07190769230769233 0.04708502024291498
0 0.9584615384615385 0.14676113360323886 0.08307692307692308 0.05060728744939271
0 0.33442307692307693 0.18926113360323887 0.10356923076923076 0.05310728744939274
0 0.22948461538461537 0.189331983805668 0.1045923076923077 0.050556680161943306
0 0.5468153846153846 0.19020242914979757 0.10299230769230777 0.04971659919028341
0 0.4426 0.19321862348178137 0.10294615384615384 0.050465587044534424
0 0.6511307692307693 0.19378542510121458 0.10323846153846157 0.05009109311740892
0 0.12535384615384615 0.19403846153846155 0.10350769230769231 0.047085020242914964
0 0.8589 0.19547570850202428 0.10389230769230764 0.04911943319838054
0 0.03678461538461539 0.1955263157894737 0.07356923076923078 0.05105263157894736
0 0.9558230769230769 0.1972267206477733 0.08823846153846157 0.04962550607287446
0 0.22666153846153847 0.23913967611336034 0.1057230769230769 0.05204453441295548
0 0.7566384615384615 0.24058704453441293 0.10355384615384625 0.05112348178137651
0 0.33284615384615385 0.24086032388663967 0.105 0.0538562753036437
0 0.5475307692307692 0.24105263157894732 0.10385384615384614 0.05122469635627529
0 0.12290769230769232 0.24310728744939272 0.10463846153846156 0.051052631578947336
0 0.6517076923076923 0.245 0.10209230769230772 0.05085020242914981
0 0.8608 0.2453441295546559 0.10313076923076936 0.05062753036437248
0 0.4374538461538462 0.24594129554655872 0.10296153846153844 0.050465587044534424
0 0.03591538461538461 0.24657894736842106 0.07153076923076923 0.049068825910931195
0 0.955853846153846 0.24785425101214575 0.08829230769230785 0.05062753036437245
0 0.22515384615384615 0.29142712550607286 0.10421538461538463 0.05055668016194337
0 0.3309923076923077 0.2934008097165992 0.10529230769230769 0.054240890688259144
0 0.5481076923076923 0.2939676113360324 0.10213076923076922 0.049342105263157895
0 0.7650230769230769 0.2942105263157895 0.10126153846153836 0.04911943319838054
0 0.6594307692307693 0.2943421052631579 0.10437692307692312 0.049342105263157895
0 0.1200846153846154 0.29539473684210527 0.10426153846153843 0.051548582995951366
0 0.03403076923076923 0.29614372469635625 0.06700769230769231 0.05303643724696354
0 0.4430307692307693 0.2965991902834008 0.10381538461538464 0.05159919028340083
0 0.8670846153846155 0.29923076923076924 0.1004615384615384 0.05112348178137651
0 0.9588769230769231 0.29923076923076924 0.08061538461538476 0.05012145748987852
0 0.23042307692307692 0.3422368421052632 0.10496153846153843 0.05006072874493931
0 0.3368615384615385 0.3433097165991903 0.10557692307692308 0.05310728744939274
0 0.5476769230769231 0.3436842105263158 0.10699999999999993 0.05234817813765185
0 0.12403076923076924 0.34545546558704454 0.10387692307692305 0.051548582995951366
0 0.7614000000000001 0.34558704453441297 0.09707692307692312 0.05263157894736842
0 0.6608615384615385 0.3465080971659919 0.10323076923076926 0.051224696356275315
0 0.036853846153846154 0.34718623481781374 0.07265384615384614 0.05006072874493931
0 0.4427461538461539 0.3478238866396761 0.10381538461538464 0.05085020242914981
0 0.9080461538461538 0.34959514170040484 0.18390769230769224 0.04861336032388661
0 0.7570230769230769 0.03658906882591093 0.1050846153846153 0.05412955465587045
0 0.548823076923077 0.036912955465587045 0.10242307692307699 0.0467004048582996
0 0.13946153846153847 0.03841093117408907 0.27786923076923076 0.055010121457489874
0 0.3390076923076923 0.03897773279352226 0.10356923076923076 0.0500910931174089
0 0.5545461538461538 0.39565789473684215 0.10356923076923084 0.05085020242914981
0 0.3412923076923077 0.39603238866396756 0.10471538461538461 0.053856275303643765
0 0.7646384615384615 0.3972165991902834 0.10202307692307701 0.05062753036437245
0 0.6605769230769231 0.3975404858299595 0.10380769230769234 0.049342105263157895
0 0.14314615384615384 0.3977429149797571 0.2862923076923077 0.05798582995951413
0 0.4466076923076923 0.3986740890688259 0.10409999999999994 0.05085020242914981
0 0.9080461538461538 0.39972672064777326 0.18390769230769224 0.04962550607287446
0 0.44160000000000005 0.04142712550607287 0.10324615384615386 0.0512246963562753
0 0.6524153846153846 0.042368421052631576 0.10180769230769224 0.05009109311740892
0 0.8617615384615385 0.044858299595141704 0.1019923076923078 0.04761133603238867
0 0.5505384615384615 0.4468825910931174 0.10356923076923068 0.05159919028340083
0 0.7581692307692308 0.4475910931174089 0.1027923076923076 0.04911943319838054
0 0.3379923076923077 0.4482995951417004 0.10839999999999997 0.05699392712550613
0 0.6548538461538461 0.4483906882591093 0.10209230769230772 0.05085020242914981
0 0.1421 0.4500303643724696 0.2838923076923077 0.05748987854251007
0 0.4451384615384615 0.45028340080971657 0.10421538461538463 0.05006072874493931
0 0.9057615384615385 0.45134615384615384 0.18847692307692307 0.051629554655870435
0 0.9561538461538461 0.04706477732793522 0.0876923076923077 0.04959514170040486
0 0.23683076923076923 0.4981072874493927 0.10646923076923075 0.04956477732793525
0 0.5529692307692308 0.4984817813765182 0.10328461538461538 0.05085020242914981
0 0.7602615384615384 0.4992105263157895 0.10545384615384609 0.05212550607287449
0 0.1295 0.5003441295546558 0.10576153846153846 0.05105263157894731
0 0.6567153846153846 0.5005566801619433 0.10237692307692302 0.051224696356275315
0 0.9070692307692308 0.5014676113360325 0.1849923076923075 0.049625506072874526
0 0.449276923076923 0.5025708502024291 0.10421538461538463 0.050556680161943306
0 0.34363846153846156 0.5028137651821862 0.10312307692307689 0.05204453441295548
0 0.038176923076923074 0.5171963562753037 0.07605384615384615 0.05600202429149796
0 0.7558846153846154 0.5518421052631579 0.09136923076923074 0.05012145748987852
0 0.6557153846153846 0.5521558704453441 0.10323846153846157 0.051224696356275204
0 0.9552846153846153 0.552591093117409 0.0894307692307694 0.05062753036437245
0 0.2373923076923077 0.5528744939271255 0.10610000000000003 0.051052631578947426
0 0.8600461538461538 0.5530971659919028 0.10008461538461548 0.04962550607287446
0 0.5525384615384615 0.5530971659919028 0.10299230769230759 0.05009109311740892
0 0.1293076923076923 0.5538663967611336 0.10613846153846151 0.05204453441295554
0 0.34326153846153845 0.5546153846153846 0.10236923076923075 0.05055668016194337
0 0.44814615384615386 0.5551113360323887 0.10421538461538463 0.051548582995951484
0 0.03459999999999999 0.5699797570850202 0.06889999999999999 0.05649797570850196
0 0.7541692307692307 0.6024696356275304 0.10393846153846163 0.053127530364372476
0 0.6497 0.6033805668016194 0.10209230769230772 0.0489676113360325
0 0.9542307692307692 0.6032388663967612 0.09153846153846154 0.05060728744939271
0 0.5426692307692308 0.6039372469635628 0.10328461538461538 0.049342105263157895
0 0.8585230769230768 0.6044736842105264 0.09856153846153855 0.048117408906882556
0 0.22873076923076924 0.6051619433198381 0.1045923076923077 0.05055668016194337
0 0.12253076923076922 0.605414979757085 0.10689999999999998 0.05204453441295554
0 0.33384615384615385 0.6064068825910931 0.10313076923076918 0.05303643724696366
0 0.43722307692307694 0.6066497975708502 0.10045384615384613 0.05055668016194337
0 0.03497692307692308 0.6222672064777327 0.06964615384615386 0.05402834008097177
0 0.7490230769230769 0.6535931174089069 0.10203076923076913 0.05112348178137651
0 0.6458384615384616 0.6540384615384616 0.10123846153846146 0.05009109311740892
0 0.852423076923077 0.6540890688259109 0.09932307692307683 0.05012145748987852
0 0.9518538461538462 0.6548380566801619 0.09629230769230757 0.04861336032388661
0 0.5422384615384616 0.6553542510121457 0.10300000000000006 0.04971659919028329
0 0.2276076923076923 0.6559716599190284 0.1045923076923077 0.049068825910931195
0 0.12215384615384617 0.6562145748987854 0.10463846153846151 0.04857287449392714
0 0.3319692307692308 0.6581983805668016 0.10539230769230769 0.0525404858299596
0 0.4361 0.6591902834008097 0.10346153846153847 0.051548582995951484
0 0.026053846153846153 0.6740587044534413 0.0521 0.04857287449392714
0 0.7467384615384616 0.7047165991902834 0.10203076923076913 0.05112348178137651
0 0.9495384615384616 0.7054655870445344 0.09851538461538474 0.05062753036437245
0 0.8493769230769231 0.7057186234817814 0.10008461538461548 0.05012145748987852
0 0.5398076923076923 0.7060121457489879 0.10328461538461538 0.05234817813765185
0 0.6428307692307692 0.7065789473684211 0.10266923076923079 0.051224696356275204
0 0.10596153846153847 0.708755060728745 0.10464615384615382 0.051548582995951484
0 0.22326923076923078 0.708755060728745 0.10270769230769229 0.051548582995951484
0 0.3272538461538462 0.7102429149797571 0.10575384615384617 0.0525404858299596
0 0.4332692307692308 0.7107388663967612 0.10307692307692308 0.051548582995951484
0 0.02462307692307692 0.7256072874493927 0.04893846153846153 0.0525404858299596
0 0.7452153846153846 0.7570951417004048 0.10126923076923083 0.05062753036437245
0 0.8472846153846154 0.7575910931174089 0.10046923076923087 0.04761133603238863
0 0.6415461538461539 0.7579858299595141 0.10353076923076916 0.05085020242914981
0 0.9491615384615385 0.75834008097166 0.10080769230769245 0.05212550607287449
0 0.5365153846153846 0.7587449392712551 0.10529230769230778 0.05085020242914981
0 0.10181538461538463 0.7598076923076924 0.10238461538461541 0.0525404858299596
0 0.4328923076923077 0.7622773279352226 0.10307692307692308 0.05055668016194337
0 0.32706153846153846 0.7625303643724697 0.10613076923076925 0.051052631578947426
0 0.21893846153846155 0.7630263157894737 0.10685384615384613 0.051052631578947426
0 0.024546153846153846 0.7781376518218623 0.04909230769230769 0.05649797570850196
0 0.6566153846153846 0.8089676113360323 0.3080384615384616 0.05112348178137651
0 0.9074769230769231 0.8092206477732793 0.1850461538461538 0.05263157894736842
0 0.33984615384615385 0.8115991902834008 0.31626923076923075 0.05402834008097177
0 0.1067153846153846 0.812338056680162 0.1038923076923077 0.0545242914979756
0 0.024615384615384615 0.832995951417004 0.04923076923076923 0.05668016194331984
0 0.5459538461538461 0.08625506072874493 0.10356153846153855 0.04971659919028341
0 0.7560769230769231 0.08645748987854251 0.10393846153846163 0.05463562753036436
0 0.9047846153846154 0.8603441295546559 0.18880000000000005 0.051629554655870435
0 0.6547076923076923 0.8605971659919028 0.30651538461538463 0.05012145748987852
0 0.11104615384615385 0.8648785425101214 0.10426153846153843 0.0525404858299596
0 0.3424846153846154 0.8663663967611336 0.31702307692307696 0.053532388663967714
0 0.22364615384615386 0.08871457489878543 0.10421538461538463 0.04857287449392714
0 0.01833076923076923 0.8849493927125507 0.03666153846153846 0.05006072874493931
0 0.3289846153846154 0.08945344129554655 0.10471538461538461 0.053107287449392714
0 0.6567999999999999 0.8971761133603239 0.30689230769230763 0.024058704453441278
0 0.9061153846153847 0.8981882591093117 0.18689230769230772 0.02205465587044531
0 0.4364461538461538 0.09114372469635627 0.10209230769230772 0.04820850202429149
0 0.6517000000000001 0.09152834008097167 0.10209230769230772 0.048967611336032384
0 0.1215923076923077 0.0926821862348178 0.10049230769230769 0.04758097165991902
0 0.03591538461538461 0.0936740890688259 0.07153076923076923 0.05154858299595142
0 0.8714692307692309 0.09397773279352226 0.10236153846153859 0.04761133603238866
0 0.961376923076923 0.09673076923076922 0.07724615384615391 0.049119433198380566